   -2.74729
    2.50784
    4.24575
    6.70866
    6.74484
    3.02887
    7.60002
    7.81817
    9.11585
     10.329
    5.57035
    10.8569
    7.25385
     7.0831
    8.05744
    3.48014
    4.02705
    4.43336
     4.5284
     5.6063
    4.28044
    4.26622
    1.32569
  -0.854174
   -3.07611
   -1.27296
    2.26351
    2.31414
    3.43576
      3.399
    7.32869
    7.19355
    5.41545
    5.87747
    2.95058
    2.28803
    4.48026
    4.75982
     4.4564
    4.90124
   0.664733
    4.82933
    4.01565
   0.563074
   0.219082
    5.01554
    2.52585
    1.15269
    3.34172
    3.53377
   0.829424
     1.6335
    1.82107
    1.29739
    1.33961
    3.40867
    3.67269
    3.32657
    1.53367
    1.50424
   0.573177
   0.483488
   0.581029
    1.41271
    1.46378
    2.66312
    1.55939
    1.54573
    2.57786
    2.57013
    3.84487
    3.84536
    3.57609
    3.40944
    4.01695
    4.21122
    1.75894
    1.89205
   0.746209
    1.06701
    1.10437
    1.27846
    2.36281
    2.31231
    1.28968
    1.20979
     1.1323
    1.11242
   0.713847
    0.71408
   0.409448
   0.481815
   0.268318
   0.730693
   0.640014
    0.73363
   0.664676
   0.675158
    1.25774
    1.09769
    1.10025
    1.00652
    0.99369
    1.02157
    1.05823
    1.09077
    3.80294
    3.64725
    5.83075
    4.90135
    5.63113
    7.69331
    7.40202
    6.30214
    6.31606
    5.20244
    4.50839
    4.43553
    4.59946
    4.59747
    4.21826
    3.79281
    2.24198
    3.59883
     3.4544
    3.75477
    3.33799
    2.96481
    3.03881
    3.21445
    3.22112
    2.26802
    2.87554
    2.94754
    2.35802
    1.19978
    1.27653
    1.10057
    3.28571
    2.39529
    2.57221
    2.04017
    1.67876
    1.65734
    1.81098
    2.43592
    2.68634
    1.30534
    1.42803
    2.26387
    2.36395
    4.04829
    4.19311
     3.8473
    3.64983
    1.89126
    2.00377
    1.87374
    2.93891
    3.11247
     2.8006
    1.30273
    1.56739
    1.50246
    0.82658
   0.924074
   0.562554
   0.620329
    1.51133
    9.24331
    13.4957
    10.5453
    10.4506
    10.1242
    9.86844
    2.23529
    3.67124
    4.07198
    1.22409
    2.25007
   0.929015
    2.10724
   0.261716
    1.74247
    2.14913
    1.79578
    1.77523
    2.52022
     2.4539
    2.16442
    1.91256
    1.66098
    1.72094
    1.76561
    1.85976
    1.59904
    1.60033
    1.71468
    1.71645
    1.62093
    1.63166
    1.69907
    1.66317
    1.54834
    1.63628
    1.60888
    1.72489
   0.837695
    1.92405
    1.38463
    1.48655
    1.92501
    1.97199
    3.38181
    3.35322
     3.3959
    3.40023
    2.53774
    2.76474
    2.80445
    2.74736
    2.65148
    2.76215
    2.67331
    2.24237
    1.51925
    1.60398
    2.52803
    2.46182
    1.93122
    1.13283
    2.15063
     2.0999
    1.52055
   0.892462
    1.22319
    3.06848
    4.05054
    4.05422
    5.00204
    4.24219
    4.29252
    1.96419
    2.85853
    3.43203
    3.30338
    2.60602
    2.66186
    1.90445
    1.79305
    1.73601
    2.66686
    3.08605
     2.9258
    2.97166
    2.47658
  -0.658266
    3.22318
   -7.13319
   -4.06048
   -4.60783
    5.33776
    6.06944
    3.73701
    4.10918
    5.60047
    7.16589
    7.33494
    9.85707
    10.8163
    5.14164
    8.71854
    8.74812
    3.66241
     4.4346
    10.2967
    9.39651
    11.3434
    10.2673
    8.73528
    6.26314
    1.36847
    6.32414
    6.60248
    6.68886
    9.83983
    9.13923
    7.14249
    4.28654
    3.88342
    3.16867
    3.20111
    3.39864
    3.62332
    3.12313
    3.72603
    6.57936
    5.11957
     4.7569
    4.10245
    4.87084
    6.13505
    4.38013
    4.69277
    4.33896
    5.31238
   0.357544
   -2.08007
    1.41821
   -4.00856
   -3.87181
   -2.92389
   -1.42381
    1.23077
    2.24238
   0.516001
    3.04836
    3.21626
    4.01956
     2.8482
    2.73266
    2.81281
    3.77021
    3.59681
    6.51332
    8.00217
    4.05486
    4.45274
    1.02437
   0.852402
   0.900756
    1.30128
  -0.869947
  -0.189156
     4.1402
   0.537135
    3.47112
    6.20399
    3.48318
   -2.47768
    0.88697
    4.10389
    10.1663
    4.37877
    6.76514
    5.43584
    5.77597
    3.25399
  -0.690439
     2.5592
    3.99026
    5.25287
    3.49779
    6.12903
    2.49353
    15.7849
    11.2934
    15.5072
     4.6067
    6.68906
     4.6257
    1.46322
    2.11841
    5.85838
    2.59923
    2.51359
    2.04916
    1.18915
    1.09436
     2.6175
    2.15678
    3.19016
    3.58279
 -0.0471294
    3.65963
    3.44975
     3.5819
    3.95033
    4.78561
    6.25025
    6.42212
    6.41192
    1.43021
    1.59522
    1.27517
    1.06273
    4.56558
    4.59146
    2.70787
    4.36998
    3.55812
    3.06384
    2.67837
     1.6004
    2.23297
    4.71702
    2.11023
    2.65495
    1.14192
    1.91137
     2.0967
    1.16413
    1.46065
   0.987531
    0.95536
    1.50892
    3.05976
    1.88757
    1.60627
    2.82026
   0.739408
   0.474008
    1.89836
    3.03614
    3.35998
     1.9321
    4.12824
    4.12475
    3.84585
    2.93788
    3.76632
     4.0123
    3.96558
    4.11481
    2.30217
    2.48921
    1.50685
   0.671829
    1.13402
   0.692732
    1.07366
    1.67464
    1.69986
     1.0522
    1.60481
    1.63943
    1.13594
    1.07142
    1.75804
     1.7277
    3.13003
    1.24515
    1.24568
    1.27368
    1.09825
   0.919994
   0.825871
    1.10103
   0.695634
   0.391893
   0.434225
   0.622865
   0.508162
   0.392402
   0.412877
    0.63965
   0.256946
   0.279366
   0.129415
    1.17244
    1.37335
    2.04307
   0.680874
   0.872305
   0.951687
   0.954753
   0.833921
   0.768238
    1.09373
    1.05946
    1.27352
    1.07054
    1.10246
    1.24045
    1.08779
    1.11975
    0.76205
   0.683487
    3.28995
    3.63008
    3.98628
    5.52019
    5.08887
    4.78285
    6.65187
    6.32673
    6.34682
    5.43953
    3.41599
    4.61108
    4.38506
     3.5854
    2.88445
    5.40956
     4.6965
    4.57145
    5.51407
    4.64953
    4.55825
    3.85582
    3.21522
    3.70788
    3.81629
     3.9391
    3.80685
    4.06705
    3.32837
    3.03007
    3.54787
    3.19947
    3.33911
    3.43421
    3.31743
     3.2002
    3.33023
    2.67031
     2.7795
    2.74732
    2.52595
    2.76141
    3.04804
     2.6825
    2.38958
    2.17957
    1.55174
    1.65346
    2.10994
    1.51889
    1.75107
    1.30714
    1.16915
    1.92629
    1.37921
    1.05395
    1.18237
   0.818064
    2.73345
    2.04116
    1.80897
    2.76336
    2.12012
    2.09357
     2.0474
    2.40448
    2.06622
     2.2785
    1.64077
    1.68625
    2.23271
    1.62587
    2.18094
   0.987373
    1.93596
    1.16034
    3.45997
    4.60028
    3.75803
    6.17995
    6.05263
    3.90748
     4.4625
    4.14939
    2.54197
    1.93722
    2.46247
    2.02784
    2.51672
    2.74653
    3.75106
    3.84574
    3.68942
    3.04836
    2.99619
    3.46462
    2.82961
    2.73948
    2.65359
    2.13585
    1.96712
     1.3926
    2.63731
    1.99668
    1.75604
   0.611451
   0.988533
 0.00275784
     2.0859
    1.30955
    2.73698
     1.1459
    0.97068
    2.57454
    5.27032
    7.96797
    8.00912
    9.63376
    7.92283
    9.10433
    6.06155
    12.6879
    12.1801
    13.0366
    9.70338
    12.0482
    12.3301
    14.1523
    8.72742
    11.3793
    7.11453
    6.16898
    6.14057
    8.00261
    1.02238
    3.79545
    4.11752
    2.14128
    1.30003
    2.86497
    3.76463
    4.64224
    4.35687
    1.93023
    2.73928
    1.88931
    1.41259
    2.68664
     2.3074
    2.90128
    1.79193
    2.28753
    1.70434
    2.34627
    1.38146
   0.495615
   0.332268
   0.224528
   0.612585
   0.303873
   0.251746
     1.9832
    1.97611
    2.19781
    2.24936
    2.17794
    2.15867
     1.3681
    2.62234
    1.97911
    1.80039
    1.71759
    1.63161
    1.71046
    1.90761
    1.65013
    1.88182
    1.55745
    1.62409
    1.71901
    1.62323
    1.55785
    1.71317
     1.6916
    1.64483
    1.71729
    1.78283
    1.66488
    1.57225
    1.61609
    1.62342
    1.59774
     1.6177
    1.58234
    1.59243
    1.68336
    1.59104
    1.59664
    1.56615
    1.68568
    1.55292
    1.50852
    1.68126
    1.45628
    1.69631
    1.99014
    1.68813
    1.27947
    1.98911
    1.85071
    2.01223
    1.61224
    1.62655
    1.12963
     1.3837
   0.978446
    1.32709
    1.96623
    1.97425
    1.81584
    1.98135
    1.74348
    1.92921
    1.73047
    1.75702
     1.8909
     1.8694
    1.93687
    1.87466
     1.2567
    1.34546
   0.763175
   0.653665
   0.502984
     3.8039
    3.44032
    3.54721
    3.45068
    3.88155
    2.60003
     2.9588
    2.68987
    2.93043
    2.30595
    2.85763
    2.30086
    2.42602
    3.31235
    2.23403
    2.62954
    2.64476
    3.07605
    3.20557
    1.85058
    1.96148
    1.46438
    1.84288
      1.806
    2.03017
    1.85497
    1.96561
     2.2424
    2.46234
    2.20887
    2.48152
    2.58465
    2.67793
    2.47647
    2.80588
    3.16946
    3.27845
    2.90626
    2.54589
    2.48398
    2.65299
    2.81221
     1.7181
    1.66304
    1.67007
    2.41179
    1.67679
   0.899316
    1.10905
    1.67347
   0.878618
    1.59229
    1.41928
    1.47503
    2.32041
    1.55327
    2.32718
    1.43742
   0.909005
   0.850725
   0.888246
   0.883913
   0.992792
    1.79178
   0.967032
    1.82668
     2.4595
    2.49528
    3.32838
    3.42435
    2.50455
    3.38549
    4.02656
    4.21469
    4.28386
    5.13352
     5.9278
    6.29962
    6.24877
    6.82257
     3.9866
    2.11376
    2.77919
     3.6824
      3.259
    3.48308
    3.13854
    2.32345
    2.83807
    1.43305
    1.21716
    1.66172
    1.35774
    1.44858
    2.74511
    2.92004
    2.56652
    1.02856
    2.18139
    2.67404
    2.52141
    2.53557
   -2.46485
   -3.31524
  -0.206252
     1.1929
   -2.07181
   -7.01165
     4.3003
    5.74045
    7.23845
    6.42652
    8.63206
    6.94383
    7.29306
    1.28654
    6.77256
    9.30828
    9.07911
    10.5769
    8.41156
     9.3594
     9.9292
    3.52806
    4.72199
    5.47813
    4.51508
      5.826
    5.57039
    6.82803
    4.54051
    4.70997
    5.13105
    5.13513
    5.25604
    5.97234
  -0.428348
   -3.65865
  -0.253507
    2.10554
    2.18607
    2.70468
    2.78652
    4.56976
    3.77711
    3.40806
    8.39925
    8.50712
    1.69384
   0.731085
    2.01448
    4.89088
   -2.42471
   -1.10781
   -0.85618
    2.31861
    2.44417
  -0.934497
  -0.680219
    2.82132
    9.46419
    8.59011
    4.38135
     6.1835
    5.25245
    2.00828
     1.5243
    2.72482
    3.40303
    0.53059
    1.47487
    2.77076
  -0.332331
  0.0525765
    2.54477
    3.61017
    4.87826
    4.03299
    4.66806
     5.4983
    1.23705
    2.28712
    1.51086
    1.13828
    3.76966
    4.07467
    3.87536
    4.59871
    2.81702
    3.75257
    4.07404
    2.17814
    2.78171
    3.64953
    3.38311
    2.49009
    2.33263
    1.77457
    2.28825
    2.16153
    2.44739
    3.16778
    1.56013
    2.22938
    2.39895
    2.30902
    2.36587
    1.12779
    1.07019
    2.70472
    3.90849
    3.70388
    2.28283
    2.33341
   0.970568
   0.825018
    1.24443
     1.1815
    2.42136
    1.40625
    1.42286
    1.15142
      1.138
   0.896837
   0.658475
   0.383847
   0.320914
   0.410498
    1.12602
    1.04788
    1.08081
    1.06675
   0.869912
    0.58876
    3.73102
    4.02759
    6.59271
    6.51412
    6.29827
    5.95832
    4.76919
     2.9989
    5.15664
     5.5735
    4.75911
    3.40158
    2.75375
    4.10848
    4.06632
    4.14576
    3.37506
    3.12442
    3.42068
    3.51561
    3.02407
    2.85421
    3.25413
    3.26528
    3.26023
    2.50875
    2.05158
     1.9199
     1.7601
    1.41165
    1.47172
     1.0852
   0.924237
    2.11731
    2.15279
    1.78228
    1.85033
    1.43005
    1.33397
      2.671
    3.63426
    4.26856
    5.42628
    5.45178
     5.5501
    5.51395
    2.98348
    2.66563
      2.268
    2.12973
    6.58793
     3.8268
    2.02199
    2.70638
    2.44457
    2.10238
   0.592991
   0.290444
   0.569953
     2.6121
   0.339703
   0.381015
    2.44246
    4.39145
    6.00006
    4.55297
    7.49708
    16.0342
    12.4439
    13.6053
    9.94076
    9.22702
    5.87072
    1.51133
    3.06834
    3.03718
    3.74139
     3.8839
    3.46056
    4.26462
    3.54803
    4.56282
   0.142761
   0.175081
    2.05636
    1.89812
    2.12401
     3.8395
    2.56752
    4.27624
    2.94503
    3.48099
    2.01501
    3.47502
    3.53863
    1.24003
    2.44326
    1.60225
    2.38402
    2.17508
    2.43428
     1.8801
    1.81701
   0.392312
    1.73149
    1.60163
    2.15107
    1.93269
    1.61017
    1.65029
    1.76528
    1.57515
    1.60456
    1.75999
    1.52618
    1.68079
    1.75612
    1.58849
    1.49322
    1.49336
    1.48046
    1.44483
    1.81939
    1.67725
    1.77008
    1.73965
     1.8588
    1.27777
    2.10852
    1.68757
    1.72607
    1.97229
    1.95968
    1.81794
     1.8679
    1.76418
   0.985102
   0.988311
    3.85824
     2.9745
    2.68675
    2.67435
    3.06297
    1.43743
    2.37162
    1.04663
    2.45931
    2.41721
     1.7918
    1.91252
    2.47419
     2.6992
    2.32917
    2.15959
    1.31783
    1.40766
    2.20879
    2.27022
    1.23982
    1.20486
     1.0914
    1.90136
    1.94282
    2.21054
    2.32627
    0.87377
    1.20196
    2.06644
    2.18883
    2.71903
    3.44051
    4.45318
    5.88376
    5.75399
     3.7653
    3.73741
    2.89354
    1.72311
     1.3311
     1.2532
     1.4085
    2.54357
    3.14172
    2.58824
    2.13539
    2.16599
    1.97557
   0.876069
    1.05745
    1.78567
     2.5508
    2.81617
    2.42351
    2.55038
    2.53497
   -4.68695
   -6.59561
   -2.79543
   -2.76388
   -7.22099
    -3.3513
    3.54481
    5.58549
    8.92742
    8.16475
    6.62559
    6.33235
    11.4636
    5.35793
    10.4498
    4.29344
    10.5769
    8.16609
    6.24463
    8.69448
    9.14627
    3.18095
    4.03333
    3.10003
    4.56591
    5.71158
    5.60581
    5.24203
    2.13848
    4.50184
  0.0562063
    -4.1333
   -3.06069
   -2.60478
    1.96324
    1.35057
    1.71043
    3.55691
    7.90397
    2.56234
    1.17072
    1.04483
    5.07799
   -2.39362
    2.43067
    8.47112
    2.15683
    2.65782
    5.88579
     7.1728
    3.01821
   0.466024
    3.91609
    3.96099
     8.8922
    11.2004
    5.04786
    1.37223
    4.89551
    2.51354
    3.76003
    1.09423
    2.49337
    5.33225
  -0.279286
    2.33881
    3.43164
    1.53452
    1.60775
    3.38989
    3.58228
    3.17025
    3.27924
    2.54211
     2.8644
    2.71968
    1.95497
    1.02729
     4.2712
    1.32412
    1.69645
    1.76853
    0.72568
    1.16212
   0.538666
    2.88235
     1.6461
    0.77932
    2.19745
    3.30056
    4.14777
    1.42895
    3.01343
    1.51501
   0.933711
    1.42967
    1.13242
    1.33294
    1.18985
    2.12009
    1.22482
    1.34641
    1.09686
   0.919021
   0.992809
   0.497703
   0.589653
 -0.0110543
    1.50457
    1.20906
    2.50993
   0.737673
   0.700699
    1.09324
    1.03057
   0.903769
   0.741533
    1.12347
    1.05467
    1.27158
    1.07327
    1.08604
   0.727983
    3.58758
    3.72069
    5.23604
    5.72288
    7.83147
    5.36971
    7.04468
    4.96675
    3.29541
    5.76863
    4.78931
    4.88028
     4.6847
    3.38028
    2.28013
    3.73545
    4.17275
    3.29037
    2.35156
    2.03309
     3.3762
    2.50294
     2.4418
    3.08292
    2.52822
     1.7945
    1.37804
     1.4984
    2.38408
    1.32762
    1.44906
   0.995925
     1.0883
   0.936067
   0.769568
    3.19438
    2.08515
    1.70076
    2.70525
    2.50243
    1.97166
    2.21767
    2.05314
    2.40573
    1.87443
    1.41571
    2.42232
   0.884755
    1.18668
    2.85841
    3.39937
    4.18424
    4.00889
    3.24495
    2.13343
    3.39691
    3.73112
    1.79695
    3.54667
    2.61262
    1.64001
   0.226451
   0.718224
    2.36497
    3.22495
     1.7731
   0.790153
    2.28375
    3.92605
    5.88887
    7.15988
     7.9552
    7.80283
    9.35028
    7.36489
     15.892
    12.9167
    10.8883
    10.2169
    10.9032
    11.8969
    9.43542
    12.3327
     8.8624
    10.2522
      13.67
    8.59163
     1.6161
    1.89494
    2.56759
    2.61571
    2.51865
    2.62167
    3.01782
    3.07638
    3.11753
    3.47944
    3.57848
    0.13821
    3.09014
    4.14794
     3.4852
    2.36589
    2.26951
    2.49219
    2.53332
    2.70959
    2.55253
   0.810021
    2.43352
  -0.158056
   0.327722
   0.529049
   0.237682
   0.220657
   0.719648
   0.254972
   0.279348
    1.12424
    1.57925
    1.99929
    1.65782
    1.74899
    1.75124
    2.17075
    1.86462
    1.78227
    1.89662
    1.84132
    2.09399
    1.56465
    1.71715
     1.6884
    1.58408
    1.65273
    1.65776
     1.7934
    1.73028
    1.58444
    1.62137
    1.64281
    1.61203
    1.60529
    1.67501
    1.60832
    1.54462
    1.73452
    1.67652
     1.9765
    1.59013
    1.87326
    1.88538
    1.96879
    1.04296
    1.71225
    1.24339
    1.97614
    1.82606
    1.75746
    1.87601
    1.64443
    1.91297
    1.21421
   0.746926
    2.77104
     2.6126
    2.30376
    2.58432
    3.33853
    2.49584
    3.09822
     1.1498
    1.65584
    1.61717
    2.27773
     2.4368
    2.66105
    2.51018
    2.58058
    2.75666
    2.89051
    1.97598
    1.71987
    1.11658
    1.92235
    2.31901
    2.29327
   0.979096
    1.35274
    1.30126
    2.27977
    1.00583
    0.89182
    1.82468
    1.54939
    2.63934
    2.21354
    3.23094
    4.35586
    4.65391
    2.54156
    2.71674
      2.603
    3.96252
    2.95703
      3.009
    3.18503
    3.05319
    2.38525
    2.35072
    1.05148
    1.54187
    1.09575
    1.84433
    2.47483
    2.68118
     2.2746
    2.55781
   -2.98211
    -5.5687
   -1.74604
   -3.05474
  -0.722991
   -1.31443
  -0.752365
   -1.27292
   -2.82368
   -6.46751
    -2.7793
   -2.75928
  0.0384077
   -1.00274
  -0.292803
      3.689
    2.49235
    4.19007
    2.32142
    1.76573
   0.604338
   -2.17881
   0.986598
   0.133576
   -3.21122
   -7.09466
    5.81432
    5.35596
    3.92481
    5.91757
    2.21195
   -3.39085
  -0.714888
   -4.42072
   0.653652
    5.25669
    3.33596
     3.8077
    6.36139
    5.33599
    7.56175
    6.19718
    5.97785
    6.36268
    6.55221
    10.0283
    11.1439
    4.59321
    6.76118
    8.43854
    4.30635
    10.8266
    10.8465
    7.05302
   0.251491
    3.90944
    6.95121
    2.09332
    3.62256
    7.19838
    10.6392
    6.54114
     5.0761
    4.13217
     3.6092
     3.9015
    3.46687
    2.94885
    3.86404
    5.47512
    5.61724
    5.09249
    3.73782
    4.23526
    5.80553
    6.52331
    6.30095
    3.95897
    4.44861
    4.83724
    5.24582
    4.84532
    4.02092
    1.39474
   -2.42697
   -0.43402
   -1.97913
   -2.82772
  -0.573712
   -1.69445
   0.557124
   0.650231
    -1.7929
    1.65069
    2.49366
    1.97529
   0.493349
    2.17272
    3.01379
    2.82913
    2.74665
    6.21735
    7.23424
    7.56959
    3.22731
    2.38639
   0.978538
  0.0459592
   0.458773
   0.678413
    -1.3445
  -0.850079
    3.33302
    4.83441
   -1.73659
    -2.1499
   -3.04694
   0.763342
    2.09942
    3.48633
  -0.325631
    4.17276
   -3.09861
     -2.813
   -0.90156
    1.80421
    8.18877
     3.7906
    6.89302
    7.15399
    6.50171
    4.33348
    3.48222
    13.7149
    9.14602
    10.0937
    3.32053
    8.84923
    4.54544
    2.98079
    2.81326
    1.56858
    4.27772
    3.12813
    3.94646
    6.10135
     3.2763
     3.8496
    2.24247
    3.64612
  -0.406769
  -0.108542
    5.76445
    1.30335
   0.643015
    3.45002
    3.34331
    4.00796
    3.81167
    2.91191
    3.94624
    4.90263
    4.55171
    6.65403
    4.84925
     8.4891
    7.00374
    1.62056
    1.76589
     1.1031
   0.979372
    1.86059
    1.25281
    4.25741
    3.65095
    3.77856
    3.77201
    3.36461
    3.62851
    3.45461
    4.43091
    2.76455
    2.74307
    3.91365
      4.223
    4.53803
    3.27125
    2.59221
    3.50787
    3.58677
    3.92425
    1.96427
    2.92651
    3.10311
    1.10475
     1.7619
     3.7193
    3.47813
     3.9029
    6.10558
    4.88353
    1.86784
   0.915269
    2.00344
     1.1186
   0.768813
    1.18685
    2.00183
    2.82875
    3.18775
    1.64199
    3.16906
   0.620256
     3.5263
    1.64091
    3.49539
    2.93928
    2.52233
    4.05232
    2.82249
   0.666962
    1.42688
   0.954051
       1.99
    1.04638
    1.93918
    1.10153
    1.44177
    1.22809
    1.19958
   0.936482
   0.784024
    0.51898
   0.428342
   0.493393
   0.414323
   0.253518
   0.482498
   0.304238
   0.317978
   0.188794
   0.733342
    1.12489
    1.24687
    1.26643
    1.99439
   0.626143
   0.705992
   0.679209
    1.00334
    1.20768
    0.78996
   0.921531
    1.07124
    1.02772
    1.10011
    1.07689
    1.08483
    1.22797
   0.715388
    4.04864
    4.35068
    5.32555
    4.19618
    6.42096
     7.3802
    5.49359
    5.81534
    4.97019
    3.39475
    5.04871
    3.98267
    3.30306
    4.01514
    3.73237
    3.46267
    3.75805
    3.59062
    3.43453
    3.45079
    3.10227
    3.38436
    3.18126
    3.47007
    2.94271
    2.41169
    3.09184
    2.93693
    2.89393
    2.57367
    2.92134
    2.43113
    2.79133
    2.67562
    2.19016
    1.94265
    1.85909
    1.76694
     2.7289
    1.47292
    1.32235
    1.34251
    1.04293
   0.935791
    1.72046
     2.1705
    1.95152
    2.00899
    2.90391
    1.71022
     2.3294
    1.96385
    2.70767
     2.2219
    1.01998
    5.43167
    3.69056
    7.28984
    5.10566
    4.40031
    4.28192
    2.18145
    1.89928
    2.06706
    1.66292
    3.66963
    2.91016
    3.57531
     2.6332
    2.88153
    1.33414
     1.4192
    1.62879
    1.85777
    2.83636
     1.3837
   0.292912
    1.57153
   0.730957
    3.13613
    2.73975
    2.46815
    1.26131
    1.16364
   0.967492
     3.4282
    5.38106
    6.20868
    5.96345
    7.26138
    8.21552
    8.69642
    3.97442
     7.7902
      7.132
    12.5876
    11.9562
    10.2444
     12.625
    14.8429
     11.239
    12.3701
    11.3513
    9.80943
    7.27143
    12.2296
     6.5493
    12.0089
    11.7559
    11.0994
    9.08031
    7.42092
    13.4233
    12.8855
    11.2499
    6.91907
     11.937
    12.8553
   0.820014
    1.61371
    1.58949
    2.02895
    2.00466
    2.89748
      2.182
    2.71018
    4.46282
    2.94401
    4.02062
    3.14267
  -0.192308
    1.84306
    1.58968
    2.56584
    2.96653
    2.68556
    2.48569
    3.46578
     3.5033
    2.76251
     3.8093
    4.58307
    2.09513
    1.20854
     3.4754
    2.19784
    1.44714
    2.66756
    2.74201
    2.60928
    2.54981
     1.1346
     1.6945
     1.7933
   0.606566
   0.197187
   0.574665
    0.26216
    1.42255
    2.16969
     1.9375
    1.09049
    2.39131
    2.01223
    1.21751
    2.62541
     1.8433
    1.95218
    1.72975
    1.87649
    1.68629
    2.03243
    1.65299
    1.71912
    2.11598
    1.72958
    1.57418
    1.68555
    1.70738
    1.61395
    1.55092
    1.71015
    1.67078
    1.62644
    1.61693
      1.674
    1.61836
    1.64849
    1.59025
    1.66959
    1.68355
    1.50674
    1.70858
    1.35091
    1.66779
     2.0817
    1.56292
    1.18667
    1.72617
    1.53288
    1.34697
    1.03351
    1.51017
    1.72063
    1.82992
     1.9359
    1.95318
    1.92777
    1.35832
    1.42125
   0.767441
    3.53306
    3.45392
    4.08926
      3.154
    2.64104
    2.80742
    2.69033
    2.12223
    1.95364
    1.43792
    2.11733
    2.26648
    2.56552
    2.49996
    2.62458
      3.154
    2.22144
     1.4995
    1.06737
    1.31216
    1.92469
    1.86781
    1.01768
    1.87993
    1.36719
    1.41422
    2.31768
    1.30159
    1.65705
   0.890824
   0.861043
     1.0215
    1.59022
    1.97348
     2.0566
    2.85867
    2.98533
    3.80284
    3.77948
    3.74837
    1.79488
    1.98742
    3.17922
     3.3141
    2.89624
    2.27328
    1.52872
    1.23485
    1.49074
    1.00195
    1.47167
    1.24916
    1.18502
    1.28834
    2.54993
    2.90264
    2.88547
     2.7037
    2.13627
    2.38133
    0.88289
    1.03915
    2.00898
    2.82375
    2.70057
    2.80841
    1.84454
   -1.94202
   -1.87729
   -0.27913
    3.93934
   -5.46392
    4.96327
  -0.899343
   -2.49996
   -5.63818
   -5.98951
    1.16549
   -2.16258
   -1.72294
    3.69494
    7.69401
     5.2638
    6.49835
    6.36914
    6.01885
    4.49579
    8.82448
    8.95829
    8.61803
    7.26942
    11.1039
    9.36588
    11.0293
    8.72841
    9.06261
    1.45695
    3.57076
     4.3335
    8.78166
    9.29146
    9.60505
    8.83814
    9.92622
    9.56034
    4.53428
    3.52904
    3.39697
    4.85684
    4.05863
     6.5249
   -2.35414
   -3.66152
   -3.60582
  -0.366903
    1.41642
    1.74968
    1.89485
    1.95274
    2.79523
    3.36318
    3.12966
    2.74231
    4.37794
    3.67583
    3.86411
    8.15841
    7.66901
    8.53208
    7.96079
    7.75686
    4.17338
    1.70256
    0.35294
    4.41336
    5.62529
    5.51438
    5.98058
    4.59713
   -2.18671
    -2.7297
   -2.00335
   0.929079
    3.52583
    3.37116
    1.01389
   -2.16503
     -2.807
   -2.12237
   -1.75277
    6.52548
    4.00865
    4.87048
    9.53011
    1.42866
   0.517934
    1.95184
  0.0342011
    0.52112
    4.16729
    4.77211
     4.3572
    6.91262
    6.88213
    3.54351
    2.31841
    16.6714
    13.9722
     13.256
    1.50353
     1.3982
    4.33121
    3.62819
    3.61055
    1.55919
    3.19447
    1.49111
 -0.0813984
    2.99577
    1.09061
  -0.132225
   0.899101
  -0.599801
    0.38853
    1.85335
    1.89024
    1.54076
    2.82264
    3.14996
    5.94912
    5.70172
    1.23455
    1.43062
    2.14514
    1.76782
   0.925512
    1.66217
     1.1364
    1.39274
    3.40828
    3.42681
    4.17101
    4.69312
    2.34308
    2.59425
    3.86145
    2.42529
    2.18497
    2.71659
    1.96626
    2.18373
    1.73256
     2.0296
    2.89705
    3.92386
    2.21282
    1.74949
    1.87834
    1.31302
   0.935509
   0.957125
   0.967411
    2.27662
    2.32695
    1.88299
    2.77504
    1.28471
    1.00684
    2.27749
    3.22905
    2.39209
    3.60453
    3.52355
    3.93472
    3.65468
    3.41755
    4.02037
     3.3234
    4.22748
    4.18813
     4.1874
    4.38256
    4.19997
    2.18707
    1.81194
    2.01532
   0.963837
   0.785443
   0.935397
    1.08577
    1.11472
    1.41729
    1.44464
    1.09983
    1.33617
    1.34847
    1.13336
    2.87653
    2.06214
    2.46543
    2.88267
    2.00493
    1.33569
    1.53502
    1.30295
    1.31893
    1.51917
    1.59478
    1.35858
    1.12634
    1.12547
    1.14983
   0.971165
    1.14816
   0.963674
   0.577396
   0.998589
    1.08444
   0.780083
    1.13735
    1.01122
   0.647337
   0.632889
   0.769317
   0.668293
   0.478013
   0.319759
   0.517395
   0.409502
   0.297467
   0.349898
   0.294364
    1.04259
    1.45369
     1.4949
    1.57002
    1.40565
     1.8971
    1.87269
   0.660586
    1.10335
   0.871582
   0.740145
     1.1406
    1.10763
    1.09691
    1.10696
    1.06722
    1.06317
    1.03338
    1.09017
   0.793161
    1.00645
   0.910481
   0.741925
   0.976997
   0.556399
   0.659134
    3.87191
    3.98563
    3.53858
    3.69697
    3.95506
    2.23808
    3.78245
    3.88323
    3.95629
    4.74131
    4.73436
    4.26403
    4.27994
    4.96905
     6.7544
    6.91829
    6.98117
    5.65603
    6.96099
    5.29755
    5.08888
    3.90909
    4.14784
    3.23443
    3.24931
    3.47946
    4.77602
    4.44417
    4.44199
    4.18203
    4.18437
    3.73003
    3.68915
    2.64184
    3.76805
    3.60291
    3.88624
    4.29819
    4.37885
    3.96351
    4.16608
    4.11024
    4.37639
    4.08873
    3.73766
    3.39485
    3.37877
    3.31338
    3.67003
    3.19845
    3.26954
     3.2952
    3.20539
    3.57708
    3.40471
    3.54952
    3.36072
    3.66825
    3.42027
    2.76261
    3.10997
    3.08995
    2.67731
    2.82835
    2.61617
    3.01899
    2.94509
    3.35217
    3.07855
    3.30035
    3.32912
    3.14973
     3.3103
    3.28791
    3.28865
    2.73906
    2.70451
    2.43486
    1.82935
    2.38279
    1.79177
    1.83516
    2.37777
    1.54147
    2.30032
    2.43038
    1.39094
    1.29494
    2.03264
    1.23639
    1.41756
    1.28642
    1.29908
    1.35228
    1.61492
   0.866583
   0.894551
    1.16659
   0.840644
    1.07314
   0.898548
      0.793
    1.91908
    1.81124
     1.8324
    1.79096
    1.98762
    1.96674
     2.0571
    2.20222
    2.11615
    1.95069
    1.71219
    1.74413
    2.14636
    1.94778
    1.18406
    1.59555
    1.79672
    1.30507
    1.30228
    3.34536
    3.20507
    2.43262
    3.25513
      4.056
    3.82754
    4.23694
    2.80147
    3.53764
    4.77813
    4.04189
    5.32922
    3.79955
    3.73257
    4.33632
    2.58804
    5.03784
    4.62632
    3.93475
     5.4769
    3.97034
    6.43564
     4.7826
    6.24868
    5.88659
    4.94537
    3.47773
    2.43181
    2.76436
    2.28877
     2.6593
    3.37503
    1.92657
    2.41393
    2.91077
    2.81729
     5.0101
    6.08758
    6.76125
    6.21322
    3.29813
    3.65295
    3.78485
    3.23807
    3.63583
    4.18064
    3.29084
    2.91788
    3.12019
     2.6589
    2.72555
    2.79615
    2.27915
     2.8185
    2.41732
    1.78208
    3.40138
    3.09413
    3.27414
    2.93559
    0.93756
    1.40984
   0.778056
   0.880414
   0.614754
   0.121628
    1.97349
    2.27312
   0.616718
   0.888444
   0.756692
    3.35436
    2.47765
    6.28551
    7.60005
    8.16125
    7.94836
    8.83087
    8.58798
    8.10883
    7.62294
     5.1095
     4.8883
    8.87985
    12.8575
    9.90809
    8.99933
    10.2864
    14.0523
    10.2075
    10.4661
    13.2353
    9.75175
     10.971
    6.37278
    11.6403
    11.0457
    7.46262
    8.42513
    13.1585
    11.5848
    13.0673
   0.842991
     1.0866
    2.02107
    3.10283
    2.30243
    2.60679
    4.40939
    3.93645
    3.02549
    2.93335
    4.54707
    4.33572
    3.26242
   0.855693
    2.19941
    1.94048
    3.28856
    3.06024
     4.9992
    5.03603
    3.62268
      1.162
    3.17972
    2.25952
    3.68576
    1.24188
    1.82477
    1.68523
    1.15224
    2.38551
  -0.141087
   0.243582
   0.509006
   0.222415
   0.378056
   0.326016
   0.446989
   0.319495
    1.47036
    1.38712
    1.86797
    1.73879
    2.13589
    2.12829
    2.06699
    2.41591
    2.15994
     1.9406
    2.40754
    2.12124
    1.21286
    1.28169
    1.19489
    1.29868
    1.26465
    1.95541
    1.95507
    1.83072
    1.78284
    1.95339
    1.79457
    1.71296
    1.99534
    1.79685
    1.70998
    1.74422
    1.69804
    1.67291
    1.67089
    1.66331
     1.5857
    1.61791
    1.64131
     1.6191
    1.63813
    1.72552
    1.63597
    1.81156
    1.76101
    1.75905
    1.71145
    1.71523
    1.84288
    1.59446
    1.62659
    1.57346
    1.56901
    1.63723
    1.63184
    1.55444
    1.61073
    1.65236
    1.53933
    1.49086
    1.64856
    1.65828
    1.46988
    1.64497
    1.73677
    1.63758
    1.67113
    1.73097
    1.66733
    1.69511
     1.7395
    1.68415
    1.57573
    1.56117
    1.61858
    1.65478
    1.48718
     1.5248
    1.50975
     1.5363
    1.51554
    1.37165
    1.54134
    1.32376
     1.5158
    1.87375
    1.80163
     1.8034
    1.69876
     1.8886
    1.87708
     1.6026
     1.4323
     1.8141
    1.75317
    1.93621
    1.34187
    1.10892
    1.22401
    1.46403
    1.43338
    1.20741
     1.0819
   0.886733
     1.1078
    1.16901
   0.923631
    2.11445
     2.0295
    2.03511
    2.02728
    2.11445
    1.55128
    1.72863
    1.79129
    1.70759
    1.98662
    1.71165
    1.83275
    1.52131
    1.85768
    1.89106
     1.7864
    1.79391
    1.73245
    2.01655
     1.8464
    1.89461
    1.99808
    1.77417
    1.84426
    1.89112
   0.951859
   0.895783
    1.09641
   0.999063
    1.06256
    1.02747
   0.516684
   0.535771
    3.85833
    3.89984
    2.94176
    3.12989
    2.88617
    3.18094
    2.68867
    2.82116
    2.52191
    2.98128
    2.84938
    3.20006
    3.28932
    2.93757
    2.94972
    2.12143
   0.914353
    1.73664
    1.18379
    2.40423
    2.60486
    2.46176
    2.62009
    3.22833
    2.98194
    2.95408
    2.89839
    3.53451
    3.84295
    1.45423
    1.77811
    1.45846
    2.99404
    2.57737
    1.95004
    1.96532
    2.01872
    1.80437
    2.16408
    2.14294
    2.26013
    2.55919
    2.34281
    2.49291
      3.041
    2.55347
    2.85582
     2.7981
    2.99322
    2.72942
    2.36452
    2.68109
    2.80683
    2.63153
    3.11661
    3.16594
    2.01272
    2.34248
    1.86451
    2.39385
    2.45988
    1.91083
    1.17401
    1.52398
     1.2303
    1.22795
     2.3846
    2.34408
    2.41571
    2.09367
    1.42204
    1.03588
    1.17324
    1.46415
   0.988164
    1.24476
    1.15083
     1.2422
    1.15486
    1.14921
     1.6079
     1.9042
    1.66754
    2.13057
    1.87054
    2.19692
    2.01724
    2.05694
    2.12531
    1.78043
    2.34885
    2.38682
    2.10042
    2.40382
    0.88187
   0.959077
    0.86095
   0.860682
   0.978453
   0.882544
    1.41226
    1.30476
   0.942733
    0.97138
   0.941887
    0.93921
    1.35543
    2.32619
    2.48217
    2.00712
    1.94312
    1.93097
    2.62945
    2.37645
    2.92554
    2.98142
     2.5916
    2.53724
    2.80829
    3.44481
    3.70136
    4.91964
    4.34355
    4.61139
     5.0549
    5.49277
    7.00583
    6.69574
     5.9888
    7.95021
    6.77177
    7.75766
    4.82304
    2.37481
    4.31659
    2.84603
    3.43154
    3.75741
    3.89685
    3.40356
    3.50143
    2.59776
    2.75207
    1.78564
    1.89331
    1.55782
    1.30809
    1.27447
    1.12241
      1.602
    1.53851
    1.06094
    1.29896
   0.998682
    1.18923
    1.41294
    1.72542
    2.05801
    3.41014
     3.0981
    1.80333
    1.76756
    2.21626
    1.84973
     1.4358
    1.30131
    2.00717
    2.97823
     2.6493
    4.18296
    5.65769
    8.18417
     7.9213
    10.1107
    6.85337
    1.63191
    5.26965
     10.658
    7.00175
    8.27664
    9.03912
    8.50859
    4.32871
    4.65997
   -1.05635
     2.2379
    3.00095
    3.29902
    8.63089
   0.327021
     1.7263
    5.19313
   -1.78065
     2.1468
   0.614825
   -1.20161
     4.8707
    7.04809
    1.87001
   0.927177
   0.424016
    3.79186
    1.23839
    1.02145
    2.17257
   0.753225
    0.71078
    1.81807
    2.02901
    2.46338
   0.960926
   0.768845
    2.04839
    3.65066
    3.64835
    3.39322
   0.829337
   0.892976
    1.27833
    1.09021
    1.28009
    1.28476
   0.859471
   0.544269
   0.564717
   0.439271
    1.30577
    0.68853
    1.09185
     1.2075
     1.0571
   0.767616
   0.803582
    5.10467
    7.56494
    3.95717
     5.9479
    4.22529
    2.54885
    4.09298
    3.98637
    3.12907
    3.30738
    3.25539
    2.05344
    3.02684
    2.72095
    2.69967
    1.55376
    2.10725
    1.40168
    1.53729
    1.12436
    1.41337
    1.01176
   0.835065
    2.04015
    2.06495
    2.09772
    1.51373
    1.85248
    1.02228
    1.29294
    4.98187
    6.93981
    5.28883
    3.41951
    4.79008
    2.59677
    1.62225
    1.71193
    1.99551
   0.610974
    1.66251
   0.835589
     4.1313
    12.1177
   0.240795
   0.208791
   0.239504
    0.32012
    1.98289
    1.47967
    2.12721
    2.16706
    1.33297
    2.19245
    1.72205
     1.9648
    1.68414
    1.67506
    1.61554
    1.74194
    1.70196
    1.59289
    1.51804
    1.64838
     1.6371
    1.56617
    1.61653
    1.92679
    1.89544
    1.79571
    1.90651
    1.29695
    1.14754
    1.82781
    1.91976
    1.94079
    1.80766
    1.94829
    1.85976
    1.90874
    1.58354
   0.990864
   0.718894
    3.52091
    3.65075
    2.66594
     3.1893
    2.68457
     2.6128
    2.53449
    3.01161
    3.06546
    2.49238
    3.03544
    1.59742
    1.47753
    1.95972
    1.63852
     1.1381
     1.4962
    2.38417
   0.846514
     1.2932
    1.14673
    2.12182
    2.13443
    2.80438
    4.74256
     5.4833
    6.25529
    3.03152
    3.72701
    3.40458
    2.56777
    1.56224
    1.43616
    1.93771
    2.50174
    2.65764
    3.15869
    3.21713
    2.44576
    2.39096
    2.36893
    2.46269
    2.81006
      2.601
    2.67048
   -7.96778
   -5.75353
    4.98058
    4.79312
    3.57076
    5.39111
    6.83139
    8.08018
    8.53663
    9.36478
    7.23615
    5.67334
    8.57567
    11.2932
    8.50487
    9.96124
    6.69872
    10.8441
    9.03367
    9.70329
    9.39772
    10.2346
    8.78121
     8.4264
    9.45849
    3.49881
    3.90274
     3.6289
    3.78247
     4.2459
    4.41325
    4.70326
     5.2665
  -0.917836
    -2.4025
   -1.41376
   -1.70242
   -2.56336
   -2.94377
   -3.72415
    0.79741
    1.35711
    1.76178
    2.67516
     2.5176
      2.667
    3.01901
    2.96655
    3.89765
    4.25427
    7.54938
    8.16333
    8.73592
    8.94534
    7.31236
    5.34554
    6.20649
    5.96405
    2.44169
    2.94989
   0.970115
   0.565945
    5.53358
    6.71068
    6.34195
    3.90088
  -0.387949
   0.722513
    2.37386
   -3.32326
   0.995025
  -0.167881
   -1.69416
     1.6322
    2.60971
     7.4833
    1.98241
    4.44487
    4.16924
    4.35988
     3.3534
    7.14672
    5.07237
    3.13313
    14.2981
    3.69253
    1.75698
     1.5562
    1.03624
    3.10152
    3.56999
   0.602523
  -0.808668
   0.277926
  -0.101313
  -0.152488
  -0.635934
    1.98221
    1.14796
    2.19589
    3.23018
    1.65429
    1.70676
    1.13135
    1.42729
    2.12829
    1.10004
   0.560581
    1.15248
    1.26805
    2.81417
     2.8221
    1.86817
    1.96617
    2.50454
    1.90105
     1.2584
    1.50834
    1.30618
    2.75421
     3.2736
     2.5076
    3.87793
    3.20971
    3.55242
    3.31938
    3.91528
    3.62846
    3.91868
    3.78544
    4.08268
    4.27058
     4.4399
    2.73033
     1.7822
    1.84017
     1.1182
   0.801962
   0.739248
    1.16888
    1.28696
    1.05409
    1.22888
    1.67333
    1.16245
    1.61875
    1.21637
    2.41081
    2.48539
    1.45452
    1.33365
    1.35399
    1.47032
    1.15824
    1.12456
    1.11103
    1.19179
    1.15237
    1.05917
   0.939898
   0.774308
   0.493846
   0.839557
   0.700227
   0.774632
   0.469317
   0.542003
   0.320862
   0.375989
    0.31599
   0.379245
    1.57036
    1.60562
    1.20218
    1.42263
   0.624035
   0.961582
    1.20575
    1.07421
    1.13689
    1.09147
    1.06501
     1.0703
    1.04325
    1.07268
    1.06184
     0.7319
   0.926651
   0.959038
   0.614294
   0.597614
   0.661305
   0.671751
    4.09491
    3.78238
    3.96894
    3.80992
    4.32072
    4.31004
    4.97387
    5.94957
    6.16513
    7.14675
    5.93963
    5.76399
    7.57408
    6.18073
    4.85919
    4.21365
    4.81978
    3.17802
    3.74095
    3.32646
    4.98412
    4.88715
     4.3065
    4.17663
    3.58049
    2.81102
    3.69304
     4.1258
    3.69233
    3.91731
    4.36772
    4.42561
     3.1406
    3.53632
    3.47359
    3.07901
    3.69705
    3.49473
     3.6074
    3.50416
    3.31565
    2.45146
     3.2036
    2.66055
    2.25761
    3.19999
    2.81819
    3.17157
    3.42579
    3.09505
    3.36987
    3.25904
    3.31321
    3.17641
    2.78798
    2.85316
    2.60579
     2.4784
    2.49105
    2.12041
    2.48655
    1.89428
    1.92758
    2.57632
    1.92381
    2.54587
    2.30388
    2.16766
    2.49127
    1.63122
    2.06983
    1.92398
    1.22238
    1.56397
    1.45357
    1.18435
    1.35677
    1.66407
    1.09238
    1.28478
   0.942952
    1.13915
   0.756338
   0.881142
    2.18173
    1.73991
    1.96592
    2.02504
    2.08348
    2.08175
    2.16098
    2.09837
    2.18994
    1.81254
    2.06952
    1.59328
    2.01642
    2.12062
    1.33771
     1.9368
    1.61593
     1.1011
    1.77172
    2.71699
    2.80015
    3.41917
    2.82549
    3.04583
    2.70804
    5.41479
     2.6422
    3.05419
    2.85214
    4.79062
     5.5618
    4.16244
    4.01485
    4.96754
    6.60852
    3.13148
     3.7284
    2.18475
    2.35316
    2.03335
    3.39066
    2.06122
    3.05488
    2.16097
    1.76745
    2.67439
    3.21605
     5.1467
    5.20902
    4.00298
    3.82616
    4.44302
    3.46343
    3.58559
    3.35805
     2.8653
    2.62857
    3.62446
    2.73557
    2.65746
    1.84099
    2.71329
    1.61033
    3.32689
    1.79863
    3.13616
    1.34924
   0.638839
   0.776634
   0.876006
  0.0495274
   0.308289
 0.00861822
    3.17179
    1.76981
   0.660734
   0.490117
   0.500204
   0.482491
    0.47299
    7.78302
    5.50601
    10.2099
    8.76587
    13.3455
    12.8946
    8.17546
    5.62837
    13.0804
    15.7102
    1.51483
    2.17101
   0.132035
   0.726688
   0.434607
    0.60589
   0.224832
   0.377168
   0.381002
   0.381952
    1.74544
    2.26762
    2.26209
    1.79023
    1.60441
    1.91585
    1.04715
    1.25647
    1.88417
    1.72247
    1.88395
    1.81292
    1.74868
    1.71479
    1.60524
    1.68567
    1.60014
     1.6589
    1.62638
    1.66696
    1.77864
    1.63819
     1.8651
    1.90319
    1.67044
    1.60566
     1.6501
     1.6876
    1.59118
    1.79564
    1.66511
    1.65918
    1.51491
    1.66729
    1.71742
    1.78413
    1.61921
    1.78721
    1.71582
    1.77384
     1.5926
     1.5917
    1.62089
    1.47235
    1.71392
     1.5385
    1.55396
    1.42841
    1.45426
    1.63156
    1.38498
     1.8505
    1.70138
      1.693
    1.69384
     1.8684
    1.58198
    1.67872
    1.65938
    1.53855
    1.82102
    1.52764
    1.77362
    1.69229
    1.94722
     1.7697
    1.24003
    1.09021
    1.28355
    1.52909
    1.31929
    1.09427
   0.879503
    1.94931
    2.00741
     1.8075
     2.0117
     1.9004
    1.76124
    1.64621
    1.69711
    2.01119
    1.69335
    2.06263
    1.93062
    1.78734
    1.91724
    2.04903
    1.91622
    1.81365
    1.77023
    1.90102
    1.79367
    1.66512
    1.88837
   0.876408
    1.11351
    1.14997
    1.10196
   0.717089
   0.813574
   0.753375
   0.862467
    3.72708
    3.87319
    3.62852
       4.07
    3.64911
    3.65638
    3.14305
     2.9103
    2.88945
    3.18945
    2.55116
    2.65413
    2.76237
    2.66684
    2.70752
    2.84193
     3.3407
    2.44095
    2.57396
    2.35468
    2.63773
    3.13877
    2.77621
    3.91135
    3.47759
    3.91181
    1.27148
     1.4597
    1.21349
    1.97501
    2.25011
    2.45717
    2.39148
    3.10909
    2.74764
    2.62275
    3.32488
    2.33589
    2.13553
    2.25814
    1.32166
     2.1831
     1.1852
     1.0001
    1.40119
    1.41363
    1.02469
    1.06702
    1.03262
    1.67572
    1.96974
    1.74925
    1.58976
    2.08428
    2.24986
    1.89083
    2.22969
    2.03903
    2.21258
     2.2728
    2.32522
    1.00155
   0.947957
   0.906135
   0.896601
    1.01874
    1.73912
    1.13613
   0.881072
   0.892329
    1.06971
    1.63247
    2.51678
    1.58666
    1.70534
    3.15844
     2.8541
    2.44353
    2.94993
    4.00993
    5.24209
    5.61448
    7.01259
    6.23899
    5.17624
    6.31169
    6.87161
    7.06195
    5.22062
    6.13262
    2.74768
    3.86202
    3.74161
    4.13664
    3.73198
    3.32223
     3.6634
    3.53188
     2.0733
    1.09929
    1.04558
    1.02445
    1.07796
    1.47815
    1.21687
    1.95597
    1.88501
    2.17226
    2.14321
    2.27469
    2.97545
    3.25095
    3.21372
    2.96843
    3.10562
    2.99769
    2.30366
    2.59044
    1.86317
    2.07177
    2.27726
    2.00171
    1.29963
    1.44913
    2.65908
    2.58387
    2.37072
   0.274555
   0.318812
   0.951822
   0.757544
    1.12282
    3.78933
    3.13263
    2.34641
    1.71885
    1.75727
    1.47961
    2.11719
     2.1155
    2.68791
    4.82399
   0.300685
   0.291496
   0.247209
   0.302101
    1.88292
    1.84207
     1.5572
     1.5768
    1.59586
    1.55131
    1.61834
    1.61413
    1.80305
    1.79268
    1.74162
    1.88616
    1.85003
    1.92575
    1.29192
    1.63024
    1.79191
    1.91413
    1.89244
    1.88823
     1.7232
    1.61313
    1.79912
    1.64789
   0.981398
   0.959312
   0.979833
   0.731435
   0.661925
   0.576149
   0.521789
   0.489698
   0.492149
   0.619769
   0.875678
   0.872397
    3.39587
    1.38239
    2.12365
    5.70345
    1.83055
    3.05577
    2.99272
    1.16191
   0.766203
    1.70204
    1.67567
    1.82615
    1.82224
    1.19607
    1.18846
   0.325629
   0.374892
   0.283356
   0.356577
    1.10958
     1.0775
    3.77392
    2.95071
    2.56886
    2.52702
    2.45525
    1.64858
    1.98692
    1.81979
    1.42754
    2.41121
    1.71879
    1.21961
    1.18381
     1.9141
    2.13412
    2.08155
    1.56384
    1.49292
    2.15423
    5.49094
    5.44024
    4.14418
    1.50409
   0.527092
   0.367704
   0.289975
   0.451684
   0.323852
   0.270574
   0.373684
    1.31883
    2.03291
     1.5952
    1.78841
    1.60999
    1.57992
     1.5777
    1.63347
    1.63609
    1.56288
    1.70618
    1.55135
    1.54474
    1.55014
    1.76836
    1.67011
    1.62027
    1.80672
    1.65214
    1.60535
    1.84955
     1.8123
    1.51734
    1.50179
    1.74285
    1.62943
     1.6359
    1.83703
    1.89547
    1.67033
     1.9477
    2.01566
    1.88254
      1.678
    1.77898
     1.5792
    1.10961
    1.10684
    1.32029
    1.20966
    1.14809
   0.843679
   0.883366
    1.70515
    1.97173
    2.01245
    1.86759
    1.68095
    2.03536
    2.04797
    1.86293
    1.92609
     1.7609
    1.77375
    1.88086
    1.88587
    1.75828
    1.70681
    1.63399
    1.83694
    1.80025
    1.75686
   0.846361
    1.11845
    1.09553
    1.05357
    1.17043
   0.999971
   0.969531
   0.999253
    1.04031
    1.03802
   0.569392
   0.471351
   0.447532
   0.618255
    1.15981
    1.10457
    3.05448
    2.52558
   0.805562
   0.870672
    2.98107
     3.0477
    1.96797
    2.49137
    2.73132
    2.75198
    3.31944
    3.49596
    1.71985
    2.61208
    2.68993
    2.41179
    1.92665
    1.68313
    1.18941
    2.39422
    2.21688
    2.36441
    1.95904
    1.84014
    1.04884
    0.89951
    2.27905
    2.81478
    2.35147
    1.59802
    1.57024
    1.02091
    7.57722
    7.61816
    6.81957
    5.42284
  -0.665246
    1.70076
    3.11727
   0.587443
    3.00946
     1.6692
    1.46707
    1.83042
    1.48705
     1.1334
   0.536669
   0.626809
   0.238006
   0.287071
    1.07667
    1.06457
    1.11273
    1.09398
    2.67939
    2.48906
    2.62473
    2.73809
     1.8483
    1.25676
    1.38949
    2.01702
    2.02542
    2.03922
    2.08299
    1.76611
    1.48605
    4.25177
    2.10991
    5.03524
    4.85932
    2.04129
   0.270979
   0.175883
   0.414798
    0.27969
   0.260657
    1.76603
    1.70927
    1.59175
    1.66232
    1.52086
    1.65434
    1.57269
    1.57074
    1.51014
    1.64845
     1.5636
    1.59741
    1.55177
    1.56143
    1.62818
    1.51873
     1.4918
    1.50761
    1.64616
    1.58183
    1.64813
    1.73855
    1.58091
    1.60237
    1.66853
    1.65776
     1.9403
    2.10435
    2.01855
    1.93418
    2.00837
    1.91199
    1.92339
    1.94926
    1.85732
    1.92768
    1.95684
    1.34796
    1.54291
    1.43519
    1.15369
    1.17379
    1.14605
      1.879
    1.72289
    1.64583
    1.70231
    1.49843
    1.94425
    1.89247
    1.91122
    1.90915
    1.94563
    1.88071
    1.71572
    1.52132
    1.45454
    1.77944
    1.47379
    1.47577
    1.06638
   0.888576
    1.02576
   0.758307
   0.789653
   0.822034
   0.728442
   0.702339
   0.751661
   0.665649
   0.686846
    0.67272
    0.63655
   0.687643
   0.617753
   0.675055
   0.568595
   0.376761
   0.366686
   0.290345
   0.426964
   0.442585
   0.932872
    2.60438
   0.904584
    2.09851
    2.84798
    3.00265
    2.27691
    1.90569
   0.940948
    1.60703
    1.80165
    1.97499
    1.80114
    1.21671
    2.20126
   0.874186
    1.23657
    4.61978
    8.30543
    3.73555
    4.40565
    1.57367
    1.38612
    0.56732
   0.543143
    3.26298
    2.22224
    3.37531
    3.46808
    1.00444
   0.642441
    1.19056
    1.14429
    1.97276
    1.37701
    2.81237
    2.01944
    2.79591
    3.25896
     2.0234
     1.6003
    2.12162
    1.47023
    2.24441
   0.782753
    1.35398
   0.937752
    1.07551
   0.839288
   0.319631
   0.353541
   0.679305
   0.363221
   0.459519
     0.2673
    0.79146
   0.742118
   0.820504
   0.916087
    1.11337
    1.08012
    1.10676
    0.67022
    5.56913
    4.11515
    5.47141
    5.26353
     5.2186
    2.74946
    4.45642
    4.36591
    3.96879
    3.94425
    3.87944
    3.62554
     3.4314
    3.37042
    3.49418
    2.35858
     3.3074
    3.20624
    2.98786
    2.91902
    2.76579
    2.76002
    2.62834
     2.4276
     2.8532
    1.82479
    2.28839
    2.02669
    2.11558
    1.77593
    1.05526
    2.36249
     1.4783
    1.24432
    1.11341
    1.01972
   0.819327
    1.86032
    2.01524
    1.93323
     1.9972
    2.08576
    2.12394
    2.18246
    2.03015
    2.10656
    2.11875
     1.7128
    1.94013
      1.765
    1.46196
    1.91548
    2.29197
    1.16835
    2.20488
    1.56793
    3.40511
    2.52251
    4.43412
    2.88515
    6.19847
    5.34036
    4.72821
    6.85188
    4.44404
    3.24581
    1.83746
    6.47587
    7.26853
    7.69376
    7.08724
    4.81948
   0.372159
   0.504251
   0.448972
   0.300692
   0.409669
   0.480995
   0.330106
   0.331196
   0.471423
   0.299286
   0.326114
   0.333842
   0.452522
   0.375648
   0.446229
    1.66177
    1.37191
    2.05207
    1.98622
    2.04756
    1.85378
    1.83537
    1.81067
    1.74064
    1.74773
    1.71692
    1.65392
    1.67377
    1.68517
    1.73892
    1.71006
     1.6149
    1.57965
    1.60241
     1.5898
    1.63375
    1.64797
    1.64376
    1.59947
    1.63146
     1.4544
    1.46361
    1.63454
    1.51955
    1.63888
    1.55757
     1.5624
    1.55912
    1.46543
     1.7162
    1.49825
    1.53216
    1.62208
    1.64719
    1.58805
    1.62295
    1.84559
    1.80662
    1.77536
    1.70131
    1.64081
    1.61505
    1.80014
    1.69083
    1.68771
    1.63149
    1.72972
    1.74386
    1.81004
    1.76492
    1.91281
     1.6042
    1.69568
    1.59027
    1.64261
    1.71109
    2.04886
      1.888
     1.7898
     1.6422
    1.59951
    1.81635
    1.74607
    1.88382
    1.86187
    1.77382
    1.76233
     1.8038
    1.75275
    1.40033
    1.71534
    1.15887
     1.0583
    1.05902
    1.26081
    1.20367
    1.45328
    1.36675
    1.20651
   0.884205
   0.843001
   0.853752
   0.818944
    1.85973
    1.60575
    2.19454
    1.90738
    1.92998
    2.02633
    2.04421
    2.06686
    2.00293
    1.82791
    1.63458
    1.75923
    1.93684
     2.0235
    1.94527
      1.818
    1.88087
    1.78698
    1.78931
    1.75238
    1.74396
    1.88177
    1.90627
    1.82931
    1.83669
    1.74132
    1.85769
    1.78918
    1.94614
    1.44674
    1.43416
    1.82934
    1.81624
    1.88825
    1.86465
    1.92034
    1.59369
    1.84115
    1.87586
    1.89173
    0.97271
   0.982592
   0.826843
   0.833707
   0.804363
   0.755281
   0.993573
    1.15122
    1.02333
    1.20143
    1.23381
    1.10468
    1.11635
    1.01854
    1.14985
    1.30699
    1.09782
    1.04659
   0.675982
   0.717583
   0.715186
   0.374649
   0.386398
   0.204804
     0.2807
   0.691356
   0.774433
   0.896815
   0.664614
   0.846896
   0.974112
    1.11162
    1.21306
   0.774014
   0.850959
   0.795264
    0.86031
   0.924734
     1.0329
   0.923726
    2.42419
    0.73856
    1.97379
     1.9163
   0.643971
    1.72503
    1.13507
    1.34477
    3.49195
    2.11517
    1.65978
    2.48014
    2.14266
    1.70258
    2.05456
    2.19727
    1.85278
    2.86259
    2.74515
     2.7272
    2.87448
    2.70668
    2.62402
    3.00252
    3.22482
    3.28274
    2.96842
    3.23712
    2.01402
    1.98191
    2.63091
    1.15659
    2.32751
    2.37866
    2.34106
   0.959639
    1.28795
    1.41186
    1.67386
    1.16945
   0.961085
    1.00479
   0.990089
   0.998356
     2.1705
    1.99293
    1.87527
    2.21622
    2.34252
    2.31503
    2.38365
    2.30077
    2.12463
   0.972414
   0.946054
    0.88244
   0.953904
   0.853958
   0.938816
    1.96185
    1.49914
    2.39469
    2.73644
    2.24116
    2.52048
    3.31209
    3.35495
    3.07249
     5.0332
    5.96142
     6.1737
    6.60182
    3.24271
    2.53936
    2.74613
    1.52463
    1.34785
   0.736883
   0.933806
    1.15434
    0.76524
   0.954651
   0.751714
    4.66156
     2.0941
     1.7264
     2.1551
    2.18906
    1.86081
    1.48408
    9.05837
   0.557272
   0.864932
    3.40605
      2.547
    3.19675
    2.11365
    1.12844
    1.19393
    1.69754
    1.70716
    6.64949
    4.45637
    2.44388
    2.99694
    5.08614
    7.29825
    1.68622
    1.59402
    1.59804
    1.63951
    1.70283
    1.79585
    1.59533
    1.59466
    1.66332
    1.62318
    1.80798
    1.06532
    3.02135
    0.49209
    1.04745
    2.12201
    2.08227
    6.31862
    7.17286
    7.99905
    7.57213
    3.18721
    3.22206
    2.94469
     7.8993
     2.6482
   0.136118
    3.93028
    0.59162
   0.635616
    2.93373
   0.761246
    1.20711
   0.861878
    0.73768
   0.754248
    3.71347
    7.03663
    4.59685
     3.3081
    2.31804
     2.0108
    2.65608
    2.77581
    4.19396
    1.73318
    3.50157
    3.21396
    2.59196
    1.03085
     9.4834
    10.2222
    11.3187
    1.60214
    1.53354
    1.61271
   0.807704
    2.96486
    1.05325
    2.55445
   -2.46693
    1.87195
   -3.97618
   -7.71647
    1.41266
   -3.94747
   -1.78017
   -1.51599
  -0.212201
    4.11642
    3.53007
    1.35005
    2.19601
    6.62886
    8.31579
    4.28022
    6.60206
    4.82138
  -0.982523
    1.71369
    -3.1068
   -3.62974
   -2.95668
    8.65865
    4.15994
    4.38646
    8.86449
    1.82557
    3.09294
    1.44841
    5.17102
    5.40586
    1.98663
   0.910758
    2.84965
     3.7937
    3.74363
    4.08704
    4.16361
    2.68871
    2.55378
    1.26011
    1.19101
   0.944456
   0.460068
   0.525784
   0.398917
   0.647652
   0.434393
    1.17007
   0.787954
   0.758304
   0.798566
   0.834728
   0.744994
    1.07351
    1.08475
   0.815947
   0.803166
    3.84996
    5.12458
    5.78674
    4.13866
     4.2258
    3.32296
    3.17692
    2.62655
    1.78399
    1.72014
   0.934486
    2.01314
    1.66974
    1.93355
    1.86407
    1.97196
    2.61693
    5.79151
     6.7313
    4.62693
    6.05574
    2.06263
    1.66088
    1.92513
     1.6294
    3.47866
    2.28982
  0.0616638
    10.6451
    9.44288
     2.3921
    3.17446
    4.53796
    3.04405
    3.40405
    1.59539
    4.67018
    2.38062
    2.80427
    2.53806
     1.1664
    2.20288
    2.40444
    1.02737
    1.64432
    1.58556
    1.70829
    1.80561
    1.52994
    1.66058
    1.69677
     1.5711
     1.6948
    1.02868
   0.874668
    2.05157
     2.2151
    1.70602
    1.86734
     1.5437
     1.5551
   0.576027
    1.24137
    3.99403
    3.72579
    2.91468
    2.89034
    1.41726
   0.906748
   0.831605
    3.44251
     4.9521
     2.0394
    1.79105
     1.0719
    1.36774
    2.51688
    2.44203
   0.631052
    1.15587
   0.837532
   0.960923
    1.75621
    3.08315
     1.9901
    2.15657
     2.1519
     1.8165
    1.87762
    1.64234
    1.63571
    1.65629
    1.75403
    1.58694
    1.69075
    1.26304
   0.510391
   0.768246
    3.79405
    3.41204
    1.99324
    2.76016
    2.03999
    2.58142
     1.8542
     2.0554
    1.68007
    1.67073
    1.62129
    1.63959
    1.64297
    1.76323
     1.5397
    1.82784
    1.92697
    1.86195
    1.66192
    1.56807
    1.04449
    2.13928
    1.80099
    1.82367
    1.10415
   0.787336
   0.475354
   0.951491
    1.26996
    1.18464
    1.21944
    2.34682
    1.69994
    2.06416
    1.71393
    0.31408
    1.84183
    1.79297
     1.6403
    1.61924
    1.60616
    1.58401
    1.50614
    1.64207
    1.86822
    1.35408
    1.94529
    1.82401
   0.614345
    0.23133
    1.09781
   0.792328
   0.557377
   0.332147
   0.387736
   0.665963
   0.699318
   0.792884
   0.854868
   0.781356
    1.11119
    1.05989
   0.833275
   0.669575
     4.4784
    5.46654
    4.19868
    4.73001
    3.44001
    3.39937
     2.9982
    2.79926
    3.15785
    2.31681
    1.94187
    1.42854
    1.18511
    1.41393
    1.32056
    1.32741
    0.83371
    1.22552
   0.947147
    2.00971
    2.94054
    3.41204
     4.0031
    3.55044
    2.40925
    4.59617
    1.78159
    2.92012
    3.02603
    2.74719
   0.451624
    1.69359
    1.93651
     1.7037
    1.73558
    1.90471
    2.01155
    1.91283
    1.92414
    1.81228
    1.97468
    1.62536
    1.81203
    1.94672
    1.67348
    1.63139
    1.60148
    1.65339
    1.61965
    1.56404
    1.57936
    1.63754
    1.66137
    1.70109
    1.65896
    1.66285
    1.58875
    1.70633
    1.64104
    1.78387
    1.65484
    1.63541
    1.53525
    1.78967
    1.52102
    1.48867
    1.71623
    1.63751
    1.54015
   0.937312
    2.00096
    1.02333
    1.32382
    8.29054
   0.300598
     2.6737
    7.07892
    2.15304
    3.26504
     3.0805
    1.32449
    1.08262
    3.81933
    3.49174
    1.64929
    1.44034
    3.70409
    1.88169
    1.51255
    3.71554
    1.00559
    3.12062
    2.67066
    3.98368
    1.12166
    1.10225
     1.0979
   0.812778
    5.23363
     2.9877
    1.25932
    8.89578
    16.9594
    1.92583
     1.6628
    1.65992
    3.37266
    2.38414
   -3.41922
    2.77851
    7.35679
    7.38618
    8.78313
    4.77416
  -0.841398
   -2.47541
   -3.38093
    5.11707
   0.987091
   0.740602
    2.44523
    1.17758
    1.25447
   0.674082
    1.24472
    4.41663
    3.72869
    1.87893
   0.996942
    1.55972
    2.08249
    7.02551
     3.1537
    1.12641
    1.45694
    1.37138
    1.70395
    4.45337
   -0.25491
    0.15141
    3.64092
      4.491
    1.46869
    1.96988
    1.78236
    1.14535
    1.75711
     1.7397
    1.95749
     1.9137
    1.16529
    2.94239
    1.38321
     2.2175
    1.11829
    2.08426
     1.7632
    1.69892
    2.13438
    1.15506
   0.840431
    1.49997
    2.74274
    1.66196
    1.80115
   0.714618
    1.24957
    2.12833
    3.82347
    2.14893
      1.621
    1.42682
     1.7967
   0.992248
    2.13976
    1.52166
   0.834905
    0.49356
    1.13675
    3.92251
    1.11569
    2.09807
    1.40323
     3.9572
    1.45047
    1.61454
   0.716607
    4.47586
    1.39424
   0.923131
    1.25475
    0.44066
    0.83673
   0.671859
    1.53422
    1.63288
    1.01083
    2.12101
    2.83339
    2.02027
    2.48437
    1.68774
    1.69659
    1.61424
    1.57881
    1.89745
    1.70665
    1.59194
     1.5811
    1.60973
    1.59096
    1.58084
    1.71548
    1.45154
    1.50232
    1.40036
    1.57452
    1.57582
     1.6639
    1.25285
     1.8271
    3.04986
    3.03008
    3.58329
    1.92442
    1.73939
    1.70384
    1.61099
    1.87124
    1.85501
    1.73309
    1.69717
   0.715869
     1.0461
    2.52815
    1.51023
    3.76032
    2.79924
    1.72853
    1.69873
    2.32257
    3.33778
    3.46837
    3.69799
    1.93881
    13.8536
    1.64813
    1.20999
    1.57745
    1.24429
    2.05006
    2.72259
   -0.23825
 -0.0375881
    10.1352
     6.8586
   -1.60965
    4.87078
    5.38866
    3.43479
    1.09101
    3.36004
    1.63462
    2.06266
    2.87609
    2.25414
    2.39198
    2.60558
    2.39096
    4.50579
    2.81734
    0.34391
   0.372577
    1.81418
    1.57635
    1.69775
   0.886904
    2.19258
    1.07566
    1.79617
    1.95354
    2.14179
    2.39505
    1.60798
    3.29683
    1.78427
   0.563828
    2.88174
    1.72494
    1.34115
    1.86676
    1.09648
    3.73103
    2.07769
    1.62086
      1.716
    1.36079
     1.0548
    1.19537
    1.20868
    4.03702
    2.61887
    1.94843
      1.772
    1.58744
    1.67033
     1.5685
      1.664
    1.46776
    1.74768
     1.3543
   0.750856
     1.2043
   0.875034
    2.68538
    4.96214
    1.56912
    1.71437
    7.01194
    1.69757
    4.08298
    2.86367
    2.40105
    5.61664
     2.8989
    2.36584
    6.26937
  -0.292905
    1.50535
    11.8801
    1.44461
    4.29206
   0.649076
    2.83487
    4.27371
    1.47305
    1.87383
    1.56607
    1.87434
    3.52909
    3.83434
     1.9115
    2.11955
   0.968671
    1.96621
      1.623
   0.925266
    1.32312
     1.5833
    1.35019
   0.872993
    1.16965
   0.594387
     3.2629
    1.19473
    1.49287
    1.00896
    1.78596
     1.6022
    1.60925
      1.693
    1.53676
    1.36987
     1.8266
   0.180661
    1.81561
   0.692309
     1.8866
     1.6458
    1.67251
   0.864987
     1.6234
    1.72138
    1.46573
    6.18343
    1.69894
    2.74154
    1.87372
    3.92968
   0.851039
    3.49532
    1.28361
    2.92344
    4.42758
     4.4823
    3.92165
    2.21317
    3.61328
     3.4323
0.000485457
   0.232127
    13.9212
    3.07659
    2.63266
    2.08547
   0.894494
    1.66073
    1.94011
    1.13546
    2.28668
    1.97564
   0.566663
    1.07092
    2.09918
    1.65536
    1.67122
    1.54109
    1.32509
   0.835413
    2.21926
    2.77635
   0.845998
   0.882116
    1.63929
    2.22608
   0.936488
    1.36853
   0.512531
    1.65683
    5.86489
     4.0591
    4.94109
   -4.08422
    4.66659
    2.16799
    0.94199
    5.57697
    2.81247
    2.58002
   0.389694
    1.92463
    1.04322
    1.10158
    1.67667
    1.61476
    1.29651
    1.88969
    2.39095
    1.94849
    4.76954
    1.63162
    4.23599
   0.880132
    1.22297
    8.97559
    3.21044
    3.30562
    0.19382
    2.72644
    1.50869
    2.16178
    1.71335
    8.24468
    9.79254
    1.63696
    2.73164
    3.44786
     2.8563
    2.93073
    2.05501
    1.09964
     1.6004
    1.03391
   0.723822
    0.72559
   0.765792
    1.64566
   0.860524
    1.87632
    1.52688
   0.682601
    1.08437
    8.94532
    2.77559
    1.15547
    4.14165
    0.95199
    2.29394
    9.84617
    1.88908
     1.7388
    2.49139
    6.73346
    8.60548
    5.77367
    10.1285
    6.52488
     2.7934
    1.81221
    3.65832
    1.87366
    3.61953
   0.361519
    1.61168
    3.18968
    1.58903
    2.80111
    1.85192
    2.86787
    3.89892
    4.20725
    1.95619
    0.91805
    3.78904
    7.79281
    4.46226
     1.0926
    6.29328
    2.86627
   0.891822
    2.77993
     2.4588
     1.2817
     1.7056
    2.51084
   0.846777
    3.69702
    1.66543
    1.54047
    1.89206
    1.99839
    1.84556
    2.24897
    3.86342
    1.78546
    3.99239
    1.60078
    2.14709
    2.67362
    1.91637
    3.64074
    3.68834
   0.251803
    4.19245
    0.63383
    7.79039
    2.35896
    3.12676
   0.975873
    1.63009
    1.65849
    2.11561
    1.62847
    7.56171
    2.86249
    1.57574
    2.89434
    3.73677
    11.2177
    1.70827
    3.55747
     4.0645
    3.13458
    6.45059
    2.63588
    2.14213
    2.40915
    1.75391
    6.74603
    1.59029
    4.14101
    3.64427
    3.81092
    4.00706
    2.94018
    2.62693
   0.702591
    3.86239
    3.57798
    3.23338
   0.881764
   0.272346
   0.196826
   0.253053
   0.327843
   0.642409
     4.6921
    3.64515
    3.00646
      2.219
   0.805564
   0.955623
    3.43385
   0.709781
    2.87533
     1.3715
     2.8054
    3.79891
    3.98179
   0.282821
   0.742244
   0.336416
   0.384028
    3.34227
   0.293445
   0.675587
    2.78272
   0.693941
   0.426942
    4.51268
    3.93101
   0.691939
    2.08333
     2.7988
   0.300403
    2.56872
   0.870962
    4.45831
   0.946736
    3.87853
   0.331962
    1.17987
   0.770675
    1.72583
   0.273247
   0.279284
   0.599359
   0.756316
   0.281738
   0.300181
    0.68436
   0.740356
    4.34822
    4.42215
   0.750818
    0.39397
   0.427038
   0.630473
    0.68269
    2.59389
   0.907305
   0.668938
   0.864003
   0.572677
   0.852515
    5.80329
    2.40146
    3.35703
   0.883664
    2.68986
    1.53257
    2.25883
    1.18849
     2.3726
    1.77312
    1.70078
   0.278191
    6.02634
    1.00873
    3.56638
    1.79693
    1.94775
    2.22322
    1.53788
   -8.92281
   -6.01015
   -2.05174
   -3.04125
     12.946
    1.01929
    1.75882
    1.63615
    2.13324
    1.86794
    4.48476
     1.5544
    1.64243
    5.42202
    0.83606
    13.0409
   -2.29497
  -0.969571
    -4.2437
    3.99604
    4.88316
    6.49235
    4.50254
    1.52899
    1.76525
    0.61569
    3.00554
   0.467491
    9.87987
   0.984653
    1.84603
    4.90377
    8.87575
     1.5657
    1.87603
  -0.654528
    2.10245
   0.935108
    3.44131
    11.7928
    3.04074
    1.91523
    1.78151
    8.24877
    -1.3582
    -4.4227
   -1.26139
   -0.12454
    8.88061
     1.4649
    1.50229
     5.4914
    1.98549
    2.75673
    10.7906
    1.79856
   -2.69601
    5.07427
    6.14407
     4.8405
    2.44531
     5.5362
    1.60712
    1.16304
    1.18118
    1.11707
   0.184577
    8.74493
  -0.843318
    5.39157
    4.78555
    1.69679
     1.0714
    1.46414
    1.10699
    2.11151
    2.37379
    1.86356
    1.79956
    1.43054
     4.5711
 -0.0302705
    4.63261
    3.07034
    7.38564
    1.66567
    4.22921
     1.0871
   -2.24053
    1.96851
    1.13425
    5.52217
    3.42566
     1.6282
    2.01684
    2.08181
    1.68294
    3.10382
    1.95298
    2.90183
    1.57105
    2.51406
   -1.82337
     2.3376
    7.42988
   0.782322
    3.23184
    1.65022
  -0.420571
    1.61002
    1.72015
    7.61007
    1.89034
   0.476553
    14.9112
    1.80951
    1.28667
    3.87876
     1.2359
    2.33406
    4.21664
    1.84183
   0.292824
    1.55916
    5.76139
     3.5143
    2.17557
    2.48185
    8.56753
    3.36762
    3.29519
    3.81186
   0.395291
    2.42125
    5.63928
    3.62287
    1.43891
    2.72943
    2.29516
    3.83282
   0.272118
    1.58956
    1.71708
    1.66021
    1.65052
    1.70234
    1.76364
     1.7679
    1.06928
    1.01809
    0.72982
   0.706333
    2.06593
    1.94929
    1.93467
    1.64567
   0.901254
   0.469809
   0.647881
   0.951948
    1.72113
    2.01751
    1.87826
    2.01155
    1.75413
    1.02046
    1.73905
    1.31833
    1.14143
    1.06213
    2.09804
    1.80051
     1.9204
   0.748691
   0.372083
    1.62893
   0.325116
   0.844862
   0.786158
   0.586751
    1.81811
   0.304188
    1.66909
    1.61379
    1.47939
    0.32751
    1.63267
    1.85266
    1.83974
    1.72747
   0.914039
    1.02018
    1.48732
    1.73786
    2.06242
    1.67886
    1.94046
    1.65477
   0.910133
    1.69128
    1.11165
    1.11336
   0.749226
    1.55131
    1.57357
    1.95728
   0.481731
    1.57683
   0.742639
   0.772533
    0.74848
   0.831907
     1.0278
    1.52935
   0.731031
   0.779688
   0.958106
   0.703189
   0.739559
   0.810119
   0.951943
   0.877952
    0.99079