    -10.4536
    -13.0184
     1.33115
    0.710253
     0.94771
   -0.320033
     -1.0655
    -2.93917
   -0.365795
     1.66162
     2.16188
     1.14293
     1.89287
     1.99566
     1.29763
    -1.10736
     -2.8717
   -0.320557
   -0.515212
    -3.46676
    0.383474
   -0.132151
    -3.18882
    -3.79695
    -6.88425
    -3.41821
    -1.83112
    -1.90089
  -0.0765716
    -0.38944
     1.38095
     1.25594
   -0.688891
  -0.0844235
    -5.78674
    -6.27679
    -3.61208
    -2.79955
    -3.65167
    -3.60287
    -3.48227
     -7.3675
    -2.39858
   -0.910167
   -0.482922
   -0.752128
    -1.87731
    0.315917
    -2.48216
    -2.62838
    -1.64373
    -2.99504
    -1.91857
  -0.0567814
  -0.0702276
    -3.63196
     2.41674
     2.15159
    0.984027
    0.911028
   -0.281291
   -0.224704
   -0.038825
   -0.725996
   -0.669268
    0.611033
   -0.588347
    -0.45312
     1.10899
     1.05912
    0.933977
     0.92607
     0.99308
     0.81606
    0.891628
     1.00408
  -0.0103352
    0.120289
   0.0579295
  -0.0465365
  -0.0238438
    0.383021
    0.476638
    0.460765
 -0.00491377
  -0.0537308
    0.462117
    0.474222
   0.0799285
   0.0266291
    0.306541
    0.236957
   0.0885207
    0.345933
    0.180779
    0.187306
   0.0174981
  -0.0234306
   0.0425053
  -0.0408077
   -0.237601
   -0.206132
   -0.409314
   -0.427387
   -0.285396
    -0.30168
     2.23947
     2.88704
     1.91057
     2.56863
     2.53545
     3.19919
     3.38338
     3.29076
     3.16774
     2.52072
      2.1154
     1.74307
     1.93548
     1.76507
    0.797909
    0.746143
    0.481804
     0.71364
    0.745519
    0.395599
    0.291409
    0.504901
    0.483314
     1.08549
      1.1521
    0.890229
     1.34058
     1.44388
    0.508799
    0.545741
     0.51911
    0.495258
     1.71706
     1.92619
     1.98887
    0.591921
    0.110365
  -0.0469674
    0.898367
     2.10421
      2.0757
    0.809422
     1.06001
     1.42065
     1.38804
     1.65773
     1.71655
    0.548919
    0.577808
    0.518963
    0.400593
    0.321526
    0.896156
    0.691962
     1.60967
     1.24044
    0.974252
    0.968582
   -0.426583
    -1.54986
    -1.36527
    -2.46365
   0.0143296
     3.70831
     8.89894
     9.03109
      5.6283
     1.97325
    0.339489
     1.51526
     2.75459
     3.24177
    -6.12005
    -4.55404
    -1.09132
   -0.529097
  -0.0842183
     0.48669
   0.0609676
  -0.0208127
  0.00171763
    0.279093
    0.275737
     1.60786
     1.13307
     1.36653
     1.11346
    0.968354
     1.01393
    0.937166
      1.1389
    0.174111
    0.125351
    0.402331
    0.321127
    0.619494
    0.629408
    0.683455
    0.749101
    0.734523
     1.44301
    0.213667
  -0.0734094
    0.224867
    0.206645
    0.602202
    0.625373
    0.438222
    0.420349
    0.661453
     0.61874
   0.0859432
   -0.572275
   -0.667007
   -0.900988
   -0.697679
    -2.00874
    -2.26236
     0.10101
    0.679326
    0.704487
    0.118542
    0.118094
    0.130526
   -0.198746
  -0.0956207
   -0.107135
   -0.180119
    0.348918
    0.682085
     1.01947
     1.27791
     1.08913
     2.23266
     2.35496
     2.14636
    -1.14719
   -0.736267
   -0.206625
    0.589135
     0.52707
    0.638002
    0.187943
   0.0378121
   0.0616549
   -0.925359
    0.491027
     0.45433
     0.68252
  -0.0982585
     -6.5852
    -12.2064
    -23.9756
    -5.62507
    -5.64335
    0.965148
   0.0520452
   0.0327116
    0.736101
     1.12383
    -2.67875
    -1.13469
    0.994598
    0.631738
     1.74046
     1.57793
     1.87289
     -3.3664
    -1.81852
    0.864186
    0.850248
     1.11521
     1.58583
     1.76163
     1.97863
    -2.01256
   -0.211156
    0.914831
    0.818715
     1.46048
     1.88862
     1.97461
    -2.27605
    -3.75365
    -1.20581
    -1.06034
    -2.86697
    -4.01622
    -1.92669
     -2.6328
    -7.72708
    -2.86973
    -1.18743
   -0.781777
    -1.56133
    -3.02641
    0.357266
   -0.130513
    0.436892
    -1.58348
    -3.55835
    -5.14848
    -3.30556
    -10.0374
    -9.18465
    -6.66881
    -3.77042
    -3.10069
    -1.83937
    -2.24653
   -0.598473
   -0.858809
   -0.725716
    -1.10464
    -1.00482
   -0.717327
  -0.0905358
    0.349031
    0.466041
      1.9339
    -1.36608
    -0.80217
     -4.5536
    -3.63735
    -7.48691
    -4.64495
    -9.72722
    -11.0714
    -2.22773
     -7.2025
    -3.59341
   -0.344228
    -5.23918
    -18.3659
    -10.7213
    -11.5927
     1.49887
    -5.34516
    -5.79969
    -4.76165
    -2.50756
    -8.93244
    -3.46472
     -8.9861
    -3.18243
    -6.29467
    -7.75318
    -5.07412
    -2.43934
    -2.57502
    -4.69972
    -3.04682
    -2.35285
    -2.97868
    -2.58761
    -4.80375
    -6.08529
    0.900393
    -0.28359
    -1.25953
   -0.291776
   -0.848979
    -1.15047
     0.66881
    0.547113
 -0.00416892
    -1.45022
    -2.18173
    -2.82074
    -2.95381
    -2.78364
    -3.03446
    -2.68226
    0.733124
     2.10508
     2.37816
    -2.05086
   -0.119949
   -0.158756
    -2.20089
     4.35169
     3.81222
    -1.52253
     3.63459
     1.88636
     1.15178
     1.31703
    0.148631
    0.839406
    -11.0854
    -4.55237
    -5.06974
    0.714135
    0.935888
    0.540052
    0.686651
    -0.75875
   -0.257255
   -0.354996
   -0.729762
 -0.00600801
   -0.109614
   0.0190852
    0.154327
    0.136701
   0.0846195
       1.095
     1.11569
    0.717949
     1.09581
    0.465395
    0.579852
     1.05323
    0.976674
    0.990775
    0.921177
    0.784535
    0.684499
  -0.0909606
    -0.16298
   -0.463257
  -0.0727104
     0.19755
   -0.102601
   0.0541314
    0.409605
    0.169827
  -0.0927971
    0.164845
    0.408024
   0.0915373
   -0.105605
    0.800794
    0.791831
    0.794887
    0.389803
    0.676423
    0.684281
  -0.0247296
    0.251506
    0.118308
   0.0487295
    0.327058
    0.340755
    0.364432
    0.288906
   0.0388134
   0.0981788
    0.157102
   0.0995247
    0.142192
    0.164069
   -0.694407
     0.80317
     0.36282
   -0.294608
   0.0344449
   -0.160818
   0.0876153
   -0.181692
   -0.150282
   0.0918077
   -0.290926
   -0.412796
   -0.208487
   -0.386579
   -0.232407
   -0.210073
   -0.117338
   -0.140302
  -0.0256152
  -0.0084045
      2.8653
     2.55267
      2.9545
     2.22152
     1.92485
     2.61968
     2.22533
     2.78818
       3.479
     2.72923
     2.90939
     2.33861
     2.37007
     2.91307
     2.32778
     2.63603
     2.04281
     1.95796
     2.58811
     1.53968
     1.50683
      0.7478
    0.593845
    0.707676
     1.23878
    0.388218
    0.503298
    0.627478
    0.445157
    0.538746
    0.467057
    0.627985
    0.549616
    0.559125
     1.02465
    0.701457
     1.14975
     1.13264
      0.6745
     1.18026
     0.71309
    0.791897
     1.39953
     0.94802
     0.02943
     1.25556
    0.946357
    0.675433
      1.1838
    0.898498
    0.639113
    0.567165
    0.523161
    0.234077
    0.397444
   -0.115203
   0.0483662
    0.432405
     1.86053
     1.17744
     1.05988
     1.86419
     1.37862
    0.663498
     1.62612
     2.10366
    0.629695
     1.71286
     1.34641
     1.28853
     1.82244
       1.136
    0.864432
    0.710926
    0.905134
    0.772813
     1.36812
     1.85867
     2.11462
     1.94502
     1.79157
     1.09992
    0.167717
     1.27506
     1.04356
    0.422165
    0.959895
    0.473371
     1.14046
    0.986669
      1.7142
     1.70524
    0.303455
    0.381866
   -0.670278
    0.395884
     1.17468
    0.891669
     1.49434
     1.07598
     1.30357
     1.26438
    0.857774
    0.870784
    -3.56945
    -2.49013
   -0.266684
    -0.41919
    -3.21903
   -0.884648
    -1.90137
   -0.599697
   -0.237805
    -3.80133
    -3.07382
    0.244934
     4.84779
     5.39608
     1.96127
     5.39108
    -10.4044
     4.39675
     9.50291
     9.16928
      7.5278
     8.47674
     5.77433
     7.77655
     5.31429
     1.02517
     2.25326
    0.429269
       0.458
    -0.95303
   -0.454474
     2.55469
     3.11319
     -1.0039
    -1.40976
   -0.619374
     1.59525
     1.60364
     2.30381
    -3.33519
      -1.408
    -2.29906
    -3.92272
    -1.39701
    -1.34928
   -0.755434
   -0.577149
     0.36973
   -0.773582
   -0.499194
    -0.94987
    -1.26127
   -0.134871
   0.0158757
   0.0846616
   -0.164203
  -0.0676935
    0.194903
  -0.0287942
    0.233092
    0.144014
    0.367248
  -0.0461521
    0.862211
    0.402776
    0.702835
      1.3275
     1.03413
    0.525881
     1.46238
     1.14105
    0.885873
     1.48067
    0.783735
    0.226828
    0.473441
    0.307495
    0.771794
    0.448522
    0.171739
  -0.0571277
    0.121662
    0.470287
    0.496798
     1.12978
    0.773887
    0.921981
     1.20582
     1.24967
     1.27521
     0.72778
    0.677355
      1.2761
    0.925159
     1.11852
     1.32276
    0.973285
     1.02575
    0.816293
    0.896839
    0.853944
     1.51152
     1.26487
    0.627508
   0.0742304
   -0.105117
    0.150888
    0.468005
    0.511497
    0.370872
    0.754706
    0.129754
    0.595012
    0.774247
     1.19474
    0.656897
    0.728622
    0.892621
     1.28899
    0.667637
     0.47211
    0.579571
   0.0149855
   0.0504267
   0.0979084
    0.183419
    0.197502
   0.0718325
   -0.201679
 -0.00141578
    0.734423
    0.597135
    0.804804
    0.560698
    0.833066
   -0.115305
    0.536802
   -0.155859
  -0.0781158
   -0.124097
    -1.12196
    -2.64353
    -2.56115
    -1.78748
    -2.43989
    -1.07227
    -1.14663
  -0.0478259
    0.187017
     0.38593
   0.0660442
     0.28927
    0.416334
   0.0880614
    0.181595
    0.056122
     0.61061
    0.590171
    0.488235
    0.529107
   0.0531369
    0.324807
    0.374756
    0.115818
    0.471714
    0.540642
    0.644468
    0.475593
    0.256094
    0.231493
    0.373232
    0.469175
   0.0892808
   0.0444913
   0.0452622
  -0.0227021
   -0.167218
   -0.343273
   -0.324914
   -0.172013
   -0.348524
   -0.161193
   -0.121617
   -0.129542
  -0.0860997
  -0.0852088
   -0.059988
   -0.106403
  -0.0802731
     0.25805
    0.337162
  -0.0875296
     0.55918
    0.783809
    0.573518
    0.712454
    0.558414
    0.521541
     1.02509
     1.03149
    0.748185
     0.94249
     1.45774
     1.67147
     1.35092
     2.20121
     2.67376
     2.77912
      2.7897
      2.4826
     2.10173
     1.48609
    -0.33599
    0.623709
    0.827548
   -0.040656
    0.676452
    0.647152
    0.756621
     0.45267
   0.0862908
   0.0636609
    -3.97854
    -4.37506
  0.00901512
    0.668334
    0.177768
    -7.01576
    -2.06871
    0.117061
  -0.0500029
   -0.276892
    -9.27311
    -21.2131
    -4.67035
    -6.54274
    -3.72127
    -9.36759
   -0.648328
    -2.62277
     -6.8879
    -7.04613
   -0.693807
     1.58105
     1.52712
    -2.52094
    -1.28088
    0.217812
     1.41534
      1.5618
     1.11263
     1.71339
     1.53261
    -1.19619
    -5.43831
    -8.18868
    -1.45641
    -4.13058
    -5.45434
    -9.23888
   -0.365911
   -0.263233
    -1.30125
    -1.17811
    -3.52298
    -4.22706
    -3.79938
    -6.95119
    -3.12854
    -2.28366
   -0.637212
    -1.09823
   -0.626355
    -0.54649
     0.26297
   -0.117531
     1.72319
     1.70254
    -2.16215
    -4.82434
    -5.55694
    -2.60591
    -16.7254
    -13.5279
    -12.2131
    -9.86595
    -8.66983
    -8.44417
    -6.38979
    -11.2094
     -4.4429
    -4.48574
     -6.9449
    -6.82645
    -7.36093
    -6.57272
    -9.01894
    -1.44952
    -1.07188
   -0.107081
    0.624788
   -0.443995
    -1.64373
    -2.25626
    -2.26383
    -2.85803
    -1.63325
   -0.405689
   -0.414286
     2.74808
   -0.199908
   -0.119652
    -4.48647
    -4.63435
     2.16235
     2.48437
     2.84455
     3.24228
      1.1317
       2.792
     2.55452
  -0.0466273
    0.890147
     2.09266
      2.0126
    0.585023
    0.726033
     -7.3053
      -8.567
    -1.89134
    -8.44643
    -10.5999
    0.765199
    -1.23691
    -1.32006
   -0.286852
   -0.487278
  -0.0677712
    0.148766
       1.167
   0.0866615
     1.04774
    -1.01872
      -1.084
   -0.229457
   -0.155516
    0.088709
   0.0815139
     0.78359
     0.75295
    0.767361
    0.140397
     0.21588
    0.572483
    0.120242
    0.162927
    0.162091
   -0.658464
   -0.310779
   -0.203272
   -0.187852
  -0.0578246
   -0.121167
   0.0469626
     2.40147
      2.7234
     2.39929
     2.57171
     2.97979
     2.72893
     2.66535
     2.53772
      2.3537
     2.78808
     2.06955
     1.31391
     1.35899
     1.28146
    0.861209
     0.83013
    0.455566
    0.487642
    0.452266
    0.552956
    0.662562
    0.863814
    0.896237
     1.26517
     1.36311
    0.335339
     1.08306
    0.950071
     0.65136
    0.106514
    0.174265
    0.292706
    0.306509
     1.27218
     1.46705
      1.4092
      1.5427
    0.785166
     1.01389
     0.58262
      1.8209
     2.22588
      1.9125
     1.94339
    0.900027
    0.818113
     1.18491
     1.12874
    0.993596
     1.09954
     1.96682
   -0.779651
     1.25287
    0.960447
    0.894028
    -2.67134
    -3.54618
   -0.730519
    -2.37881
    -1.98995
 -0.00827719
     0.12701
    -5.11784
    -3.95882
    -1.54994
    -3.07862
    -5.60939
     11.0057
     10.5289
     8.23089
     7.68904
     3.96958
   -0.160493
   -0.134302
     2.60463
     2.65581
     3.25094
     3.46218
     1.94201
     3.44422
     1.57128
     4.17089
     -1.1241
   -0.833262
     -1.1659
   -0.839641
   -0.263501
     1.08047
    0.410961
     1.39139
     1.07305
     1.38941
    -4.11565
   -0.395957
   -0.411717
      -5.202
    -1.87941
    -3.26275
    -1.34783
    -1.93098
    -0.80637
   -0.253189
    0.146296
   0.0221786
    -0.02494
  -0.0596212
   0.0961117
     1.49522
    0.593467
   0.0445264
    0.319919
    0.790544
    0.776304
     1.52241
     1.16325
    0.592478
    0.536509
     1.00339
     1.14412
     1.04517
    0.908132
    0.898282
     1.20254
     1.04118
     1.12975
       1.043
  -0.0411514
     0.57957
     1.23459
     1.04752
    0.963282
    0.091689
    0.284681
     0.15626
    0.189681
  0.00237708
    0.248732
    0.126803
    0.863256
    0.142715
   -0.927172
   -0.724492
    -2.06917
     -3.0028
    -2.08413
    0.422993
   -0.639081
   -0.772599
    0.520492
    0.496892
    0.274955
    0.311004
    0.277457
    0.248604
  -0.0745932
   -0.028711
  -0.0664553
  -0.0517638
   -0.266278
   -0.274217
   -0.322845
   0.0278919
   -0.143603
  -0.0140962
 0.000273742
   -0.246218
    0.752757
    0.685444
    0.622126
     0.59684
     1.10111
     1.72672
     2.87975
     2.66112
     1.02114
    0.854423
    0.835493
    0.431328
     0.34949
  -0.0066831
   0.0190918
    -1.69258
    0.513338
    0.241864
  -0.0451877
   0.0923781
    0.100879
    -5.10851
    -5.83896
     -2.7749
   -0.627137
    0.634654
   0.0249465
   0.0148302
   -0.203648
    -24.0381
     -9.4248
    -17.8516
    -6.21219
    -28.3847
    -13.8847
     1.27657
    -5.22762
    -0.87416
    0.679993
     1.94506
   -0.261541
     1.00395
     2.15762
     1.58597
   -0.117843
     1.33507
     1.35047
    0.650585
     1.92325
     1.49781
    -1.71367
    -4.64961
    -2.07883
    -4.85711
    -6.56069
    -6.22853
     -1.8477
    -2.54594
    -2.00445
    -3.44376
    -7.15513
    -6.56348
    -11.2243
     -2.6526
   -0.716457
   -0.402614
   -0.481278
     1.72901
    -2.51861
    -4.41995
    -5.56283
    -1.52832
    -14.8588
    -10.8655
     2.32867
    -6.80035
    -6.05385
    -4.04069
    -5.87744
    -7.34669
    -3.91934
    -8.16092
    -2.86895
    -5.88174
    -3.13074
    -1.87437
    -5.46295
    0.650132
    -1.95899
    -2.55184
    0.281841
   -0.746173
     -2.5403
    -3.40091
     -2.6461
    -3.30706
    -3.84814
    -10.0179
   -0.158193
     1.68553
     1.42788
     1.53378
     0.75249
     1.69669
    0.879963
     0.15184
    0.280365
     -9.9335
    0.869912
    0.450079
     1.00106
    -0.37269
   -0.539199
   -0.298146
    -1.13423
    0.284382
    0.348568
     1.08849
    0.998341
     1.02603
   -0.514695
     -0.1831
  -0.0615079
    0.340241
    0.382256
  -0.0523039
   0.0475072
    0.214977
    0.952945
    0.361633
    0.818663
   0.0168492
     0.24143
    0.486414
    0.423298
   0.0827232
   -0.826752
    0.151697
      1.0818
   0.0880888
     0.24362
   0.0876353
   -0.197232
   -0.149495
   -0.183074
    0.125144
   -0.295824
   -0.421992
  0.00340669
   -0.181529
   -0.115495
  -0.0286154
     2.78727
     2.69022
     2.37261
     2.61957
     2.76187
     2.66324
     3.43091
     2.48488
      2.6161
     2.93325
     2.03615
     2.08108
     1.69908
     0.55677
    0.606526
     1.08289
    0.572485
    0.333026
    0.662186
    0.333891
    0.973537
    0.801546
     1.03647
      1.4028
     1.31004
     0.80062
    0.847201
    0.573987
    0.875267
    0.584712
    0.563906
   -0.298301
    0.108271
    0.439333
    0.320266
     1.81381
     1.78591
    0.122889
     1.97841
     2.15053
    0.862158
     1.97024
     0.40283
     1.93266
     1.35785
     1.00583
     1.54248
    0.539177
    0.927731
     1.43045
      2.0555
     1.81224
    0.911578
      1.4382
    0.593025
    0.907528
     1.66545
    0.277162
    -1.90027
    0.967609
     1.01175
    -1.93725
    -3.10192
    -3.53547
    -2.09932
   -0.593989
    0.154226
    -3.76019
    -3.48868
    -2.23921
    -1.64139
     2.33178
     1.61711
     2.19883
     3.88877
     3.47982
     10.6418
     9.12065
     5.74011
     3.73158
     1.74248
     2.02597
    0.153812
    0.499282
    -0.28019
   -0.449659
  -0.0902417
    0.961711
   0.0972791
     1.08498
     1.39949
     1.00325
    0.776338
     2.75746
      1.6793
     2.08851
     1.79848
     1.63905
    -0.70792
    0.865307
     1.99893
   -0.611546
    -2.03954
    -1.92729
    -1.06467
   -0.447705
 -0.00621093
    0.413954
    -1.39952
    0.182086
    -1.76903
    -1.64527
    -1.48792
  -0.0543388
   0.0676719
    0.139327
   -0.125626
  -0.0879634
   -0.135303
   -0.106104
    0.347222
    0.763117
    0.745615
     1.40332
     1.60725
     1.18344
    0.753614
    0.870041
     1.65337
     1.42448
    0.818698
    0.298717
    0.157569
    0.591072
    0.268227
  -0.0269815
    0.155983
    0.546482
    0.673855
    0.720148
    0.696136
     1.24796
     1.23143
     1.36903
    0.888855
    0.881539
     0.89294
     1.35431
     1.43275
     1.09901
    0.783678
    -0.12928
  -0.0135287
    0.349756
    0.743126
    0.323585
    0.914578
     1.04165
     1.06157
    0.574664
    0.143761
    0.340471
    0.106046
    0.100689
   -0.378968
    0.481727
   -0.339987
     -2.4297
    -1.96691
    -1.42312
  -0.0878487
    0.662563
  0.00157374
    0.607878
   -0.274944
    0.339861
    0.481048
    0.107848
     0.47767
     0.33361
    0.415759
    0.104364
   0.0248949
   -0.201087
   -0.122337
 -1.4713e-05
   -0.069223
   -0.267779
   -0.238799
   -0.186641
  -0.0837293
    0.423703
    0.331238
    0.880196
    0.713602
    0.514652
    0.690719
    0.960761
      1.4123
     2.20519
     1.60565
    0.656527
    0.684778
     0.88962
   -0.591929
   -0.414328
    0.573871
    0.771547
    0.485348
   -0.121892
    -5.99542
    -3.45645
    -4.70907
    -2.52496
   -0.582523
    0.797914
   -0.197757
   -0.499605
    -18.7537
    -9.53546
     -20.498
    -21.3947
     -11.758
    -11.5049
      -6.222
    -4.87076
    -5.12555
    -8.08695
    -5.56642
    -10.2057
    -5.36492
    -3.29874
     -5.9376
    -5.41163
    -9.26688
    -12.4288
     -8.5751
    -21.4428
    -17.7883
    -10.8706
    -4.64329
     -5.2714
    -7.07307
    -16.6902
    -10.9667
    -13.0114
    -7.97709
    -9.71371
    -2.62709
    -7.10756
     -4.0612
    -29.4657
    -2.21341
    -1.53449
    -1.01594
    -1.40692
   -0.360552
    -3.77054
    -3.89085
     -6.5083
    -8.85543
    -7.32309
    -9.23208
   -0.160908
    0.412045
     1.51068
    -1.73626
   -0.344036
      -1.243
     1.38848
     1.60968
     1.74566
    -3.26547
   -0.536646
    0.917951
    -1.43509
   -0.296056
     0.73293
     1.35739
     1.94578
    -5.85983
    -4.69681
    -2.50326
    -2.68733
    -2.68797
    -1.49582
    -3.85604
    -6.69021
    -8.84031
    -15.2379
   -0.903998
   -0.273715
    -3.07646
    -5.89246
    -3.36998
  -0.0823998
   -0.444512
   -0.764744
    -1.02086
    -1.50433
    -1.13174
    -3.04876
     -3.8917
    -3.81833
    -6.51117
    -11.7089
    -3.98528
    -5.87043
    -2.35639
    -1.37992
    -3.73421
    -1.48504
    -1.56883
    -2.64878
    -1.48162
   -0.998249
   -0.813066
   -0.398569
   -0.921223
    0.402151
    0.947528
     1.94802
    -1.00644
    -1.73852
    -4.45957
    -6.59242
    -7.38901
    -7.61282
    -16.7225
    -9.85113
    -4.36308
    -1.34061
    -14.0785
    -12.7808
    -17.0402
    -11.7565
    -8.05387
    -8.79397
    -11.8474
    -6.34001
     -13.649
    -16.0222
    -5.56097
     -10.408
    -3.75087
    -9.87726
    0.301596
     2.33506
     1.74901
    -3.44176
    -2.70183
    -3.76027
      -2.283
    -4.96802
    -2.50174
    -4.98806
     -1.0885
    -5.52759
    -5.54557
    -5.50052
     1.72863
    0.581354
     1.20777
    0.533519
    -2.20513
    -1.68128
    0.582972
   0.0683484
    -2.35774
    -1.06504
    -1.35016
    -2.34509
    -1.49279
    -2.81395
    -2.63099
    -3.08481
    -3.52828
    -3.47237
    -3.55909
    -1.28103
     1.16132
   -0.501873
     1.11715
     3.78131
     3.11227
    -1.43824
    0.284674
    -3.60198
   -0.493365
    -2.12241
    -4.24742
     3.14372
    0.198638
     2.77815
    0.107666
   -0.593437
     1.32882
    -2.26241
     3.38205
      -4.596
    -3.50684
     3.40147
     2.98187
     3.75931
     1.79477
     0.47648
      2.7852
     2.19527
     3.23498
    0.414702
     1.35905
      1.3296
    0.160164
    0.966148
     -8.1771
    -5.43345
    -8.06762
    -10.5592
    -9.35622
    -5.12786
    0.509645
    0.105939
    0.451095
   -0.186892
   -0.421645
   -0.601196
    -1.37546
    -1.37073
   -0.346379
   -0.557994
   -0.099913
    0.991769
     1.08736
     1.13428
    0.705685
    0.978082
     1.05051
   -0.582228
    0.126872
    0.140299
    0.351681
    0.433127
  -0.0933128
    0.300881
   0.0177025
    0.585006
    0.422559
    0.559905
     0.10024
   0.0610233
    0.281038
    0.262646
   0.0826882
     0.19958
    0.141167
  -0.0899783
   0.0358548
     0.14406
    -1.32196
   -0.175491
     0.27613
   0.0185471
     0.91855
   -0.116653
   0.0435714
    0.073817
  -0.0141595
   -0.204642
    -0.14645
    0.133195
   -0.194579
    -0.29695
   -0.424481
   -0.237687
  -0.0967593
   -0.145198
  -0.0687698
   0.0246302
     2.15017
     2.21514
     2.62058
     2.92493
     2.97715
     2.69597
     2.61267
     3.14121
     2.55516
     2.34539
     2.20316
    0.954947
     2.30668
     1.62427
     0.49866
    0.266003
    0.563048
    0.274724
    0.600201
    0.634954
    0.884153
    0.882294
     1.06403
    0.572904
    0.840086
    0.819749
     1.24232
     0.57501
     1.35014
    0.724601
     1.41314
    0.629456
     0.87596
    0.530796
    0.052021
     1.07956
    0.952344
    0.811878
     1.33343
    0.681767
    0.187488
    0.497592
   -0.314267
    0.462399
    0.173961
     1.57592
    0.284186
     1.79328
     1.81849
    0.558926
     1.58277
     1.35457
     1.89933
     1.16491
    0.465735
      2.1128
     2.02252
     2.06493
      1.8135
    0.588187
     1.51012
    0.676124
    0.264527
    0.781576
    0.199518
     -1.5016
    0.469643
    0.302539
     1.70909
    0.925608
     1.13923
     1.05858
    0.826212
    0.649758
    -2.77776
    -1.53544
    -1.48833
    -4.36247
   -0.362785
    -3.65384
    -3.69097
     -1.1217
   -0.101385
    0.101554
   -0.222047
    -4.60227
    -2.75183
   0.0161176
    0.780865
   -0.612596
     1.22039
     5.06501
    -3.45506
    -10.9204
    -10.4439
    -5.77239
    -2.02329
     2.08923
     8.42126
      11.054
     8.82273
     4.37293
     4.25082
     7.54962
     3.60772
     3.35477
     1.08268
  -0.0352615
    0.605492
    0.134833
     1.14726
    0.159535
   -0.863113
   -0.142542
   -0.694319
   -0.343671
    -2.67149
    -1.12216
   0.0375765
    0.969809
   -0.745505
    0.669889
  -0.0950789
      1.6125
   0.0822157
    0.837744
     3.68542
     1.07943
     2.79846
      1.1631
    -1.63418
    -1.45181
    -1.06283
   -0.186721
    0.314679
    -1.08053
    0.305533
   -0.169929
   -0.190421
    0.552853
     1.46224
     2.25344
    -3.30827
    -6.66803
    -1.13262
    -2.48451
    -4.07372
    -1.47345
   -0.533761
    0.175737
    0.282119
      -1.521
   -0.434759
    -0.59125
    -1.40257
    -1.63092
    0.233458
-0.000239476
    0.389599
   0.0337763
     0.09195
    -0.17342
    0.331086
   0.0516079
    0.954661
    0.190548
    0.366186
     0.82422
     1.29692
     1.02049
      1.1042
    0.822431
     1.30758
     0.82497
     1.50467
     1.25162
    0.634924
    0.187872
    0.715126
    0.323251
    0.955576
   0.0556988
    0.199302
    0.478853
     1.22637
    0.706522
     1.23392
     1.11781
    0.706017
    0.657222
     1.28715
    0.993834
    0.856097
     1.00918
    0.829778
     1.57035
     1.21052
    0.288948
    0.746757
    0.302541
    0.588029
    0.151222
    0.649181
    0.834104
     1.29824
    0.453452
  -0.0575471
    0.264776
    0.258745
    0.150092
   0.0833472
    0.492499
    0.847428
      0.8907
    0.590295
    -1.79167
    -1.63378
    -1.10581
    -2.64599
    -2.85001
    0.208731
    0.246686
    0.523718
    0.486892
   0.0998549
    0.241519
    0.553918
    0.135604
   0.0524539
   -0.291637
   -0.140576
   0.0872215
   -0.114379
   -0.398835
   -0.133163
   -0.166063
  -0.0377912
  -0.0276691
   -0.140742
   -0.062403
   0.0851716
    0.272602
   -0.160655
    0.769248
    0.692325
    0.698242
    0.774309
    0.918301
     1.24928
    0.820017
     1.72208
   -0.146975
    -2.07579
   -0.885347
    0.389749
    0.813979
    0.695456
    0.314709
    0.629975
    0.100428
    0.113558
    -3.53313
    -6.20976
    -4.13348
    -4.11307
   -0.893745
   -0.312003
    0.469044
    0.359078
  -0.0108816
   -0.158592
    -6.24936
    -4.18983
    -1.70718
    0.434212
    0.486467
    0.764568
   -0.548786
    -14.4744
    -12.6781
    -12.5237
    -12.1608
    -13.0349
    -5.49606
    -2.93322
    -5.85736
    -13.3412
    -16.0943
    -1.83306
    -11.6274
    -9.39616
     0.57746
   -0.171726
    -1.52508
    -3.53931
    -6.15178
    -2.81301
    -4.42748
     1.43334
    0.495758
     1.54675
    -1.23168
    0.838943
     1.42252
     1.33884
     1.85952
     1.74604
    -1.89797
    -0.96526
    0.399016
     1.28759
     1.24855
     1.36822
      1.7504
     1.55259
     1.58439
    -4.09815
    -2.14433
    -2.06727
     -5.0605
    -1.44556
    -5.31478
    -4.53074
    -5.81562
    -11.0506
    -3.25661
     -2.4916
    -2.62629
    -2.42197
    -2.54893
   -0.373066
   -0.540088
   -0.289155
    -1.05865
   -0.643048
   -0.320978
     0.20599
     1.91065
     1.23495
     1.53834
     1.24965
     1.54293
   -0.587908
    -2.79775
    -7.36385
    -3.31644
    -1.27725
    -1.65375
   -0.516086
    -3.77856
    -16.0167
    -14.1391
     -13.786
    -10.8552
    -8.33684
    -6.27889
    -10.4007
    -13.2888
     -9.9691
    -9.64268
    -10.5823
    -8.64728
    -2.14144
    -2.79931
    -5.00121
    -6.00589
    -7.56911
    -5.14223
    -5.09849
    -7.32673
    -5.80543
    -4.77151
    -7.00403
    -6.34306
    -6.06299
    -4.01583
    -4.20121
    -3.66593
    -4.20249
    -4.20603
    -7.45997
     -7.1167
     1.08053
    -1.56082
    0.488265
    0.508062
    0.862558
    -1.19433
    -1.04654
    -1.48408
    -1.56562
    -2.21912
    -2.24237
    -2.17667
    -2.86419
    -1.74728
    -1.77084
    -2.03981
    -2.41776
    -2.50915
   -0.777684
    0.275467
   -0.845278
    -1.68042
    -1.18473
   -0.280731
    -6.98136
    -6.09908
    -3.05971
    -3.45812
    -1.66269
   -0.190606
      3.3251
     3.37216
   0.0370855
    0.185069
     2.58706
    0.781078
    0.637429
     1.74004
   0.0980639
    0.343571
     0.19945
    0.427516
    -6.21317
    -8.36722
    -6.68864
    0.614043
    0.774653
    0.800933
   -0.504624
   -0.487802
   -0.496352
    -1.21856
   -0.874534
    -1.13236
    -1.09058
    0.243719
   -0.169841
    0.942298
    0.963646
     1.12816
    0.588459
   -0.145475
   -0.480909
    0.393212
     1.17324
     1.05853
     1.05021
    0.636337
    0.793771
    0.769145
    0.384341
    0.844136
   -0.633173
    -0.49284
   -0.398351
   -0.440924
   -0.152408
   -0.347143
    0.218408
   0.0672937
    0.231225
    0.123028
  -0.0359704
     0.11912
    0.232846
   0.0650852
    0.832457
    0.808841
    0.808621
     0.93363
    0.599789
    0.688131
    0.788246
    0.536143
      0.5675
    0.788379
    0.963443
    0.727919
    0.289317
    0.109844
    0.145461
   0.0540068
    0.150796
    0.135682
    0.413123
    0.630998
    0.622125
     0.41113
    0.634534
    0.689604
    0.454195
    0.241343
    0.225969
    0.180739
    0.110102
    0.104416
   0.0204018
    0.330154
     0.17508
    0.268155
    0.190219
   -0.780046
    0.642145
    0.269896
    0.502376
   0.0130306
    0.231818
    0.624662
   0.0589796
   -0.155706
   -0.167641
 -0.00307023
   -0.248017
   -0.349417
   -0.403951
   -0.302654
   -0.224472
   -0.185381
    -0.15623
    -0.16729
  -0.0444541
  -0.0326637
   -0.148859
  -0.0563783
   -0.135482
   0.0566213
   0.0433328
     2.13295
     2.31918
     2.65884
     2.34076
     2.88451
     1.76743
     2.13922
     2.60959
     2.31733
     2.23579
     2.70762
     2.62037
     2.36786
     2.58403
     2.19528
     2.85197
     2.76549
     2.95962
     3.69488
      2.5403
     2.89809
     2.86994
     2.86407
     2.64485
     2.83412
     2.87146
     2.26172
     1.53054
     1.73623
     1.94728
     1.47193
     1.00467
     1.70063
     1.01041
     1.03099
    0.801912
     1.37781
     1.15464
     1.64533
    0.538357
     0.71153
      0.7166
     1.15366
    0.891987
    0.541659
    0.425872
    0.557519
    0.502984
    0.389742
    0.496421
    0.454628
    0.524325
    0.466857
    0.535725
    0.677949
    0.506519
    0.710023
    0.483938
    0.815132
    0.841886
    0.570293
     0.53249
    0.794023
    0.635053
    0.756916
     0.72519
    0.791119
    0.731771
     1.37724
     1.25053
     1.16378
     1.24995
     1.22781
     1.24154
     1.44969
    0.825777
     0.47784
   -0.222218
     1.03001
     1.12625
    0.978989
    0.897544
     1.17762
    0.765059
    0.700524
     1.24719
    0.600722
    0.307667
    0.234576
 -0.00854764
     0.44517
   -0.120206
   0.0402202
  -0.0420842
    0.526302
    0.338693
    0.188844
    0.221506
    0.388129
    0.481866
    0.195575
    0.405666
     1.44544
    0.591066
     1.00761
    0.455369
     1.22718
     1.61093
     1.04518
     1.99092
     1.39493
     1.40071
     1.39866
     1.35047
      1.6853
     1.52549
    0.764448
     1.04874
    0.801606
    0.485636
    0.604663
    0.418442
    0.979829
    0.922636
    0.526808
     1.96683
     1.85556
     1.99177
      1.8304
     1.58789
     1.81099
     2.08323
     1.98646
     2.23021
     2.21012
      2.1591
      2.1402
     2.22071
     1.95384
     1.94807
     1.98205
     1.87794
     1.23955
     1.17509
     1.37041
   0.0509889
     1.00485
      1.2583
    0.868652
     1.04409
    0.789319
     1.12714
     1.31317
    0.507586
     1.04795
     1.47374
     1.49389
     1.84579
     2.01092
     1.81963
     1.86155
   -0.565021
    -1.81148
   -0.351814
   -0.204527
  -0.0535805
   -0.514889
  -0.0695375
    0.807104
    0.320753
     1.46016
   0.0153623
    0.557891
     1.06888
     1.12116
     1.33984
     1.13857
    0.555863
    0.955562
    0.643505
    -3.45838
    -3.11081
    -4.65455
   -0.621588
    -0.71211
   -0.842831
    -2.08035
    -1.40716
    -2.52495
    0.350893
  -0.0829345
    0.321934
    -3.83304
    -4.48674
   -0.752772
    0.172533
     3.06598
     3.72491
     3.21702
     3.11189
    0.180185
    0.284749
    -2.75918
    -2.88694
    -9.07835
    0.138635
    -6.60778
     5.69285
     5.83136
     10.1424
     9.08974
     10.1064
     6.25097
     6.69995
     2.48316
     2.14518
    0.262672
    0.342689
    0.454146
    0.404616
   -0.357061
   -0.176159
    -2.13756
   -0.494542
    -1.34516
   -0.254873
     2.37047
    0.389119
    0.584222
     3.79139
     3.06222
    0.869133
     1.34352
     4.17384
     3.34175
    0.818726
    -1.87288
    -1.13804
   -0.754266
   -0.142445
    0.938153
     2.66136
     2.84405
     1.12604
    -6.12823
    -1.11677
    -2.50736
   -0.121297
    -5.03975
    -2.90547
    -3.02123
   -0.798291
   -0.225646
    -1.75056
   0.0688473
   -0.139555
  -0.0793325
   -0.166327
  -0.0397431
   -0.221434
   -0.157146
   0.0745149
   -0.148072
-0.000552771
   0.0992675
   0.0971083
   0.0440329
    0.185127
     0.35025
    0.447682
    0.676392
    0.467976
    0.588086
    0.547196
    0.148822
    0.205354
    0.355191
   0.0107489
     1.07809
     1.06595
      1.2903
     1.33181
    0.838083
     1.13363
    0.830645
     1.56453
     1.55688
     1.12008
      1.1681
    0.451082
     0.76427
    0.463689
    0.308868
    0.592724
  -0.0465251
    0.143732
  -0.0481728
  -0.0676847
   0.0294867
    0.182858
    0.350072
    0.206563
     0.36051
    0.376797
    0.250428
    0.324255
    0.729204
    0.630561
     1.08144
    0.918573
    0.618242
    0.884782
     1.28476
     1.26167
     1.36361
     1.28349
     1.03019
     1.26039
     1.28936
     1.08823
     1.22401
     0.87792
     0.66081
    0.680608
    0.508903
    0.639781
     0.62339
    0.512455
    0.712472
    0.729297
     1.19986
    0.913071
    0.749817
     1.11936
      1.2564
     1.09368
     1.15601
    0.881867
     1.05871
    0.811301
     1.02878
    0.865571
     1.24296
    0.921319
     1.30103
    0.900618
     1.14518
    0.772235
     1.11657
    0.861982
   -0.113336
  -0.0846788
   0.0789123
    0.745574
    0.390848
    0.612748
    0.919173
    0.663696
    0.507122
    0.547285
    0.259837
    0.628672
    0.448571
     0.13142
     1.37811
     1.28398
    0.909455
     0.95622
     1.25217
    0.957716
     1.07576
     1.16288
    0.813639
     0.85657
    0.688304
    0.768236
    0.805027
      1.2304
    0.761149
    0.693977
    0.737311
    0.619293
    0.227393
    0.342697
    0.102681
    0.120185
    0.263878
    0.247878
 -0.00199196
     0.29638
    0.158504
    0.223346
     0.25787
    0.087898
   0.0659686
   -0.108939
    0.137442
    0.958286
    0.961516
    0.447336
    0.146239
   0.0893415
    0.349061
    -1.16052
    -1.15568
   -0.375725
    -1.69372
    -2.49359
    -2.44056
     -2.1057
    -2.42888
    -2.07136
    -2.63833
    -3.00489
    -2.84665
    -2.79419
    -2.33155
    -1.59499
    -1.63595
    -1.57948
    0.197737
   -0.172791
   -0.234583
   -0.348117
    0.539119
    0.700129
    0.381333
    0.235351
    0.446422
    -1.25399
    -1.13415
  -0.0154329
   -0.400281
     0.60845
    0.504042
 -0.00439842
    0.501032
    0.358149
    0.263338
    0.444008
    0.389405
    0.546137
     0.53699
    0.504528
    0.488901
    0.467091
    0.353167
    0.116429
    0.288024
    0.363373
    0.233442
    0.685477
    0.551384
    0.211903
    0.268483
    0.154946
    0.254827
    0.353304
    0.213401
   -0.120605
   0.0193853
   -0.100675
   -0.101919
  -0.0042626
  -0.0547961
  0.00113749
  -0.0727597
   -0.210014
   -0.317108
   -0.304342
   -0.196277
   -0.358634
   -0.161831
   -0.186399
   -0.222977
   -0.217166
   -0.339749
   -0.105596
  -0.0341656
 0.000319171
   0.0590313
   -0.144796
   -0.107819
   -0.129626
  -0.0661853
   -0.101731
   -0.141817
  -0.0116473
  -0.0123884
   0.0292273
  -0.0135863
   0.0579971
   -0.151017
   -0.173079
   -0.266077
   -0.199161
    0.109731
    0.814428
    0.862364
    0.615955
    0.665645
    0.671736
    0.594669
    0.814012
    0.591173
    0.649213
    0.736488
    0.703116
    0.682186
    0.600359
     0.54324
    0.773069
    0.534035
    0.546787
    0.705895
    0.519151
     1.16552
     1.18633
     2.12376
      1.4325
     1.86712
     2.07165
     2.50824
     3.32732
      3.3621
     2.28344
     2.87377
      2.5398
     2.94859
     2.18798
     1.96977
     2.04252
    0.114114
   -0.126456
    0.801181
     1.04108
    0.523301
    0.852103
    0.801777
    0.797418
    0.718787
    0.430724
    0.132136
     0.29492
    0.214009
    0.511739
     0.22416
   0.0630993
  -0.0347895
  -0.0674893
  -0.0451052
   0.0869687
     -3.2311
    -2.25234
    -1.70515
    0.108214
    0.517182
   0.0824573
   0.0709496
   0.0079676
   0.0739211
    -6.81204
    -3.73069
    -2.50979
    0.688822
    0.169675
    0.664374
    -3.62935
    -3.18535
    -2.80406
    0.934844
     2.00174
    -2.44185
    -1.60914
    0.627933
     1.86457
     1.36866
     1.83943
     1.81878
   0.0301896
   -0.173393
    -3.87548
    -1.93662
   -0.507521
    0.182614
     1.96823
    -7.32512
    -4.86057
    -2.64481
    -13.3786
    -9.66437
    -10.0821
    -4.71904
    -5.28215
    -3.98338
   -0.936163
   -0.147397
    -1.99527
    -3.27431
   -0.501412
   -0.959372
    0.660429
   -0.348568
   -0.373345
   -0.976447
    0.249192
   0.0678718
    0.228558
    -0.18698
     1.09004
    0.894688
     1.08508
     1.12647
   0.0956074
    0.102766
   0.0205748
  -0.0317434
    0.533309
    0.566911
    0.036077
    0.344198
    0.333751
   0.0795276
    0.451322
    0.128107
   -0.401741
   -0.143832
   -0.121027
  -0.0587505
  -0.0350931
     2.06262
     3.51455
     2.66724
     3.06482
     1.30513
    0.782932
     1.53873
     0.57057
     0.50841
    0.767799
    0.878401
    0.724635
     0.63204
    0.941368
    0.889835
    0.913876
     1.05934
    0.592551
    0.490699
   -0.232541
    0.317181
    0.399804
    0.236378
     1.55467
    0.993549
    0.771135
     1.17487
     1.24419
    0.524804
     1.00626
     2.06514
     1.94747
     1.37512
     1.14024
     1.83684
     1.71012
     1.27444
     1.02742
    0.934845
   -0.564001
     -3.3907
  -0.0641716
    -3.51678
     6.20082
   0.0434073
   -0.123718
 -0.00399169
   -0.102268
   0.0313707
     0.12201
   0.0172759
  -0.0139075
    0.482189
     1.67186
     1.11542
     1.31532
     0.31334
     0.66055
  -0.0575408
    0.511615
    0.505063
     1.07809
     1.24095
    0.700955
    0.691517
     1.18033
    0.742039
     1.37602
    0.729669
    0.871782
    -0.11274
    0.444232
    0.482845
     1.10644
      1.1928
     0.91742
    0.651935
   0.0953522
  -0.0225762
    0.438041
   0.0798259
    0.316196
  -0.0466035
    0.715255
    0.676722
    0.235919
    0.472577
   -0.401105
    -1.00918
    0.149404
    0.506626
     0.54924
    0.213835
    0.631169
    0.113636
  -0.0535326
   -0.116692
   -0.158069
   -0.268565
   -0.152137
  -0.0361639
 -0.00935665
     0.75541
    0.735555
    0.649778
    0.641105
     0.74103
     1.88513
      2.3805
     2.34646
    0.485173
    0.275747
    0.531769
    0.741029
   0.0157078
   0.0818334
    -1.70284
    -1.42251
    -1.27404
   0.0517343
   0.0963776
   0.0339202
   -0.086756
    0.155897
   0.0118098
    0.770115
    0.368056
  -0.0416931
    -22.9194
    -16.3302
    0.834024
   0.0329781
   -0.118045
    0.177893
    -1.02619
    -1.71912
    0.673338
    -1.03918
     1.36334
      1.5802
     1.42838
     1.15587
    0.125295
     1.34866
      2.1488
     1.49259
    0.680191
     1.24319
     1.69761
     1.63563
     1.85356
     1.75739
     1.53567
    -3.51212
    -3.21023
    -3.16389
    -3.88373
    -3.03479
    -1.52621
    -1.04594
    -1.63881
    -3.85309
    -4.82623
    -4.04376
    -4.31899
    -4.59517
    -5.00148
    -11.2364
    -3.24407
    -3.11899
    -2.88532
    -1.28107
    -1.40402
    -1.24774
   -0.770732
   -0.795472
   -0.143244
   -0.269321
     1.08859
     1.56662
     2.03114
     1.77205
    0.952392
  0.00450395
     0.72606
     0.18551
    -2.52889
    -2.62448
    -5.12606
    -7.90946
    -1.08584
   0.0784241
   0.0648132
    -4.91699
    -10.2877
    -9.60802
    -7.98705
    -14.4252
    -9.12039
     -10.866
    -7.60712
    -9.70896
    -6.54931
    -3.51913
    -7.46026
    -7.96991
    -4.95948
    -4.77881
    -8.71809
    -5.13265
    -6.77937
     -6.0122
    -4.61684
    0.937331
    -1.20966
   -0.124014
    0.130038
    0.257002
     0.62207
   -0.537248
    -2.33027
    -1.19829
    -1.49759
     -3.3035
    -2.76153
    -2.28149
    -1.70831
    -2.32285
    -2.45729
  0.00175493
     0.14104
    0.533533
    0.554214
     0.91096
    -0.56975
   -0.195469
   -0.541279
   -0.691369
    -1.68475
    -1.58443
   -0.920567
   -0.867754
    0.232739
   -0.422066
   -0.343278
  -0.0496787
  -0.0967568
     1.10599
     1.01647
     1.00762
    0.719755
    0.549619
   -0.450194
    0.169451
     1.10109
     1.02803
     1.02254
     1.09545
    0.865854
    0.437093
    0.358507
    -1.17072
    -0.82017
   -0.863141
    -0.44294
   -0.281287
   -0.299454
    -0.34487
  -0.0750953
  -0.0325602
    0.202139
    0.266873
 -0.00312487
    0.264255
    0.213478
    0.630027
    0.929093
    0.895682
    0.573416
    0.577753
    0.895202
     0.34488
   0.0647008
   0.0999552
    0.250564
    0.356221
    0.538779
    0.431018
    0.595605
    0.229601
    0.310965
    0.129771
    0.214811
    0.126875
    0.207929
    0.283386
    0.257607
    0.146597
    0.129675
    0.127049
    0.124089
    0.282781
    0.538431
   0.0316484
    -0.19828
   -0.233705
    -0.36632
   -0.376799
   -0.335936
   -0.224021
    -0.25335
   -0.138852
   -0.145143
   -0.107327
  -0.0831599
   -0.166681
  -0.0819498
   0.0449883
   0.0361532
  -0.0147243
   0.0127964
     2.13667
     2.51198
     2.30541
     2.33035
     2.16338
     2.68743
     2.36709
     2.16242
      2.4421
     2.56281
     2.62786
     2.15813
      2.8571
     2.85556
     2.80431
     2.88872
      2.6462
     2.85883
     2.91837
     2.72986
      2.1745
     2.21564
     2.24858
     1.06424
     2.02295
     2.08762
    0.760544
     1.40318
    0.971659
    0.646861
     1.17587
    0.980435
    0.516074
     0.45807
     0.43403
    0.438562
      0.4346
    0.313943
    0.494334
    0.606197
    0.402245
    0.769892
    0.459979
    0.754628
    0.323405
    0.818651
    0.891188
     1.22087
    0.858935
     1.28929
     1.08526
     1.19438
     1.25723
     1.50051
     0.48699
     0.76487
    0.413009
    0.600355
    0.426678
     1.05388
     1.20313
     1.00782
    0.946756
     1.29285
     1.08721
     1.33386
    0.915019
    0.603255
    0.988909
    0.745904
    0.578641
   0.0573044
    0.150187
    0.376849
     0.17006
   -0.194865
    0.202899
    0.683391
   0.0758226
    0.473759
    0.435297
    0.436634
    0.334632
    0.447607
     1.66204
    0.483033
    0.588567
     1.67184
    0.914626
     1.65258
     1.75813
    0.969168
      1.8623
     1.30183
     1.75415
     1.15691
     1.47672
     1.81024
    0.948158
     1.12526
    0.426664
    0.484064
     1.17836
     1.22306
    0.401054
     1.70497
     1.65233
     1.96678
     1.63756
     2.01363
     2.22846
     2.12105
     2.16504
      2.2059
     1.98794
     1.88787
     2.05158
     1.94691
    0.990927
     1.03573
      1.3717
    0.680712
     0.83665
     0.44454
     1.47385
    0.597833
     1.39294
     1.32206
     0.57135
     1.46618
     1.46058
     1.89421
     1.68994
    -1.36671
   0.0537486
    -1.47028
    -1.52289
   -0.403169
   -0.254488
     1.02282
     1.12907
   -0.569717
     1.44101
     1.16723
     1.12587
     1.38437
     1.26921
    0.782697
    0.789435
     0.67992
    -2.57489
    -2.39313
   -0.989319
    -0.49195
   -0.409933
    -1.24879
   -0.919638
    -2.30758
    -1.82905
  -0.0452251
   -0.553657
   -0.309677
   -0.248602
    -0.37904
     1.22886
    -2.17359
     8.72408
     5.83043
     7.71216
     5.26109
     1.12328
     0.17843
    -1.56493
    -2.01044
   -0.968031
   -0.637724
    -1.65421
    -1.41004
   -0.194886
  -0.0148018
   0.0389127
   -0.183838
  -0.0847316
   -0.137686
    0.178105
    0.167374
    0.229786
     0.69633
    0.850593
    0.532012
   -0.113515
   0.0264135
     1.06571
     1.32152
     1.12511
     1.20196
     1.24733
    0.604156
    0.741064
    0.307262
    0.454542
   0.0366446
    0.267696
   0.0764642
    0.125079
    0.184045
     0.42934
    0.428867
    0.687022
    0.597896
    0.726137
     1.37693
      1.2268
     1.61336
     1.20414
     1.25957
     1.17158
    0.829439
     1.19083
    0.755752
    0.731734
     0.50018
    0.575715
    0.553133
    0.780964
    0.788389
     0.82582
     1.23461
     1.45415
     1.17439
    0.948254
    0.961734
    0.901169
    0.763842
    0.932942
    0.944664
    0.884172
     1.26609
     1.30408
     1.29639
     1.23645
    0.870865
    0.813369
     1.14035
     1.15829
    0.810163
  -0.0958748
    0.030349
    0.150723
   -0.103524
    0.668279
    0.489249
    0.784642
    0.878418
    0.476657
    0.454791
    0.285155
    0.981108
    0.881057
    0.815182
     1.01235
     1.14997
    0.669155
    0.667526
     1.08427
      0.8715
    0.668291
    0.505568
    0.565826
    0.156343
    0.550318
    0.373829
    0.254801
    0.520921
   0.0915877
  -0.0200414
   0.0465517
   0.0717682
   0.0423256
      0.1703
    0.233593
    0.240867
    0.161531
 -0.00202384
     0.31876
    0.461972
    0.293167
    0.957957
    0.846141
    0.662543
     0.98486
    0.882411
    0.741635
    0.382633
   -0.234719
   -0.219097
    0.241745
   -0.525318
   -0.652756
    -1.44652
    -1.21617
   -0.812778
    -2.12694
    -2.48866
    -1.63685
    -1.93958
    -2.11524
   -0.861647
   0.0659522
   -0.567669
    0.504243
    0.288558
    0.518489
    0.657349
    0.211488
    0.729741
   -0.431787
    0.223124
    0.419469
    0.258834
    0.576362
    0.317646
    0.241123
    0.742103
    0.350674
    0.201828
    0.340559
  -0.0282136
  -0.0879939
    -0.24398
   -0.378919
   -0.225926
   -0.219488
   -0.383162
   -0.312927
   -0.396282
  -0.0344242
   0.0456261
  -0.0588635
   -0.147036
   -0.119909
  -0.0741873
  -0.0911777
  -0.0776707
   -0.130888
   0.0150606
   0.0113281
   0.0297069
    0.194452
    -0.29222
   -0.213486
   -0.332354
    0.211021
    0.843738
    0.732585
    0.530598
    0.525912
    0.659375
      0.8529
    0.590542
    0.780893
    0.732887
      0.6352
    0.470748
    0.631358
     0.63496
     1.38587
     2.30335
     2.50024
     3.03282
     2.88272
     2.21165
       2.852
     2.99728
     2.90144
     2.58444
     2.57187
     1.76981
     2.06691
     0.90767
     1.70073
     1.58678
   -0.368256
    0.362216
     0.74384
    0.625153
    0.456165
    0.277384
    0.102791
   -0.130728
  -0.0230371
   -0.098708
   -0.721969
    0.430309
    -1.85673
    -2.34669
    -1.40791
   -0.409444
   -0.541786
    0.542847
    0.546743
     0.74231
    0.737921
    0.349984
    0.364884
  0.00969703
    0.126956
    0.122075
   0.0955796
    -5.65685
    -3.63544
    0.182081
     1.20602
    0.614337
    0.138721
   0.0431093
  -0.0313601
  -0.0135205
   -0.352907
    0.994527
    0.451739
    0.805851
    0.754757
    0.481731
    0.638438
     1.01664
     1.15002
     1.09109
    0.726921
   -0.101682
  -0.0610535
  -0.0742547
   -0.109452
     1.23716
    0.677873
     1.05451
     1.15696
    0.918071
    0.932705
    0.850295
    0.849376
     1.31248
     1.02773
    0.910511
  -0.0726548
   -0.108731
   -0.013929
    0.547771
    0.990236
    0.130157
    0.144799
    0.461235
    0.162048
 0.000599439
    0.073171
    0.264526
    0.174028
    0.287041
    0.263246
   0.0558924
   0.0560314
   -0.123393
    -0.19663
   -0.178783
   -0.154725
    0.236802
    0.306215
    0.415734
     0.55908
    -2.08877
    0.111773
  -0.0962385
     1.50921
     1.08084
     1.17587
     1.10971
   -0.170424
   -0.413621
    0.604588
    0.586408
    0.971924
    0.975836
    0.733324
    0.742684
    0.209774
  -0.0273738
    0.144433
    0.156063
   -0.126387
   -0.111487
    0.688254
     1.04818
    0.517786
    0.335796
   -0.203903
    0.728739
    0.752339
    0.536762
    0.531261
    0.531914
    0.212208
   -0.255979
    0.283456
    0.449922
     1.81685
      1.3666
     1.16987
     1.06346
     0.52248
   -0.650078
     1.48682
   0.0917367
     1.15312
  -0.0385491
   -0.145076
   -0.122085
   -0.253037
 -0.00615864
    0.055801
   -0.218877
   -0.176953
    0.778975
     1.31698
     1.13122
    0.763771
     1.05138
    0.986105
    0.860919
     1.39823
     1.25538
     1.41882
      1.0204
     1.01018
    0.736815
    0.880221
    0.995019
    0.837996
     1.38402
     1.18484
     1.25627
     1.13228
    0.958859
     1.13923
     1.22752
     1.09024
     1.02076
    0.854343
     1.04592
     1.20906
    0.739217
     0.29857
    0.288309
    0.287504
  -0.0833318
  -0.0754038
    0.868466
    0.593806
    0.454692
    0.776653
    0.419025
     0.58476
   0.0321122
  -0.0219544
    0.754943
   0.0119154
   0.0739316
    0.799963
    0.346585
    0.503438
    0.765641
    0.416971
      0.5057
    0.456181
  -0.0461831
  -0.0157801
   -0.117681
    0.222281
    0.199075
    0.383424
  0.00939008
   0.0453803
   0.0302442
    0.146773
    0.204476
    0.295206
    0.236626
   0.0899386
   0.0755341
    0.521311
    0.466533
    0.578299
     0.74149
    0.317331
    0.188033
    0.126854
    0.175169
    0.864787
     0.77598
    -1.53062
    -2.63118
    0.628515
    0.715511
     -1.5461
    -1.44795
    0.516261
    0.561045
     0.39359
    0.416378
    0.639045
     0.75818
    0.117931
    0.326123
    0.333078
  0.00982822
   -0.108622
   -0.156337
   -0.228028
   0.0888895
   0.0144891
   -0.075028
  -0.0309026
  -0.0148309
   0.0702815
   -0.354395
    0.745208
    0.491195
    0.707551
    0.592897
    0.648508
    0.280678
     1.90179
     1.90045
     1.97316
    -1.60295
    -3.34736
    -2.57707
    -2.62678
   -0.243755
     1.20163
     1.04724
   -0.203716
   -0.403144
   0.0673003
  -0.0164899
    0.148911
     0.14507
   0.0863779
    0.127325
  -0.0669235
   -0.370363
   -0.204081
   -0.254344
    0.891745
    0.999844
    0.946803
    0.295492
    0.943355
    0.503335
    0.421822
     1.17887
    0.813661
    0.480489
    0.697874
     1.30211
     1.16039
    0.823521
    0.724452
     1.72318
     1.82714
    -1.12519
   0.0149387
   0.0767135
    0.108869
   0.0321251
  -0.0310429
    0.687338
 -0.00539338
     1.05722
     1.24443
     1.27155
    0.856303
     1.24694
     1.20293
    0.960114
    0.692136
     1.21724
     1.33229
     1.07322
     1.02006
       1.353
    0.933353
     1.02472
    0.892941
    0.721302
    0.716669
    0.859118
    0.899021
    0.867798
    0.878596
    0.873653
    0.837859
     1.43809
     1.59917
     1.50794
     1.28973
     1.47607
    0.929415
  -0.0729995
   -0.088348
   -0.124027
   -0.104706
 -0.00746545
    0.309687
    0.697234
    0.458554
     0.49207
    0.627598
    0.699753
     1.01253
    0.642493
     0.41939
    0.267879
    0.282319
  -0.0117572
  0.00296512
   -0.132018
  0.00555888
    0.515556
    0.225394
   0.0478012
    0.159625
     0.12193
    0.471529
    0.254497
    0.157822
    0.374225
    0.210237
    0.379765
   0.0849846
    0.100872
   0.0819993
   0.0344946
   -0.154224
    0.061621
   -0.248666
   -0.235543
   -0.112565
   -0.191189
   0.0692662
 -0.00400939
  -0.0395877
  -0.0641935
    0.137915
   0.0891549
   0.0442421
    0.116497
  0.00927445
    0.498096
    -0.64138
    -3.47309
     0.11883
     -1.1397
    0.470567
    0.207378
   -0.118694
   -0.296658
   -0.167792
   -0.121394
  -0.0687366
   -0.113433
   -0.153692
 -0.00973197
   0.0926335
    0.716155
     1.33232
     1.87194
    -6.77428
    -4.70783
    0.888233
    0.769501
   -0.312242
   -0.255646
   -0.852535
     1.11577
     1.09745
     1.14444
   0.0578589
   -0.233337
   -0.602953
    0.184497
    0.436722
    0.396061
    0.667726
     0.60324
     0.78606
    0.947494
    0.779078
    0.965518
    0.970128
    0.584972
     1.08645
     0.54351
    0.837645
    0.545179
    0.404016
    0.318651
    0.233472
     0.11027
    0.372915
   0.0915829
  -0.0556641
    0.172264
   0.0217085
   0.0829407
  -0.0505396
   -0.128642
   -0.379286
    -0.15375
   -0.183004
  -0.0316645
     2.71961
     2.28572
     2.73817
     2.78473
     2.47711
     1.73919
      1.7507
     1.77721
    0.959115
    0.953835
    0.659367
    0.524111
    0.473448
    0.452819
    0.496995
    0.886418
    0.671452
    0.997017
     1.05532
    0.813261
    0.764896
    0.858779
    0.395695
    0.509862
     1.22261
    0.948845
     1.06766
     0.45755
     0.77315
    0.343933
     0.38967
    0.478388
     0.29213
    0.474815
   -0.355992
    0.419985
    0.410672
    0.838781
    0.677682
    0.699891
     0.43316
    0.853956
     1.38782
     1.81995
     1.08356
     1.83188
     1.66385
     1.13091
     1.60078
     1.38957
    0.982646
     1.60113
     1.93367
     0.83132
     1.21715
     0.99873
    0.986332
    0.235913
     1.61094
     1.41342
     2.02671
    0.205965
      -1.941
    0.673113
     1.38593
     1.49484
    0.609701
     1.97523
     1.76653
     1.99449
     1.66513
   -0.802192
  -0.0823755
   -0.174399
   -0.251419
  -0.0297512
   -0.188029
 -0.00954679
   -0.140364
  -0.0906644
   -0.186487
  -0.0438255
   -0.123591
  -0.0582145
   -0.165695
   -0.184584
   -0.230652
  -0.0868244
   -0.133728
  0.00456843
    0.032012
    0.800709
     1.21169
    0.797726
     1.26965
    0.964334
    0.666918
    0.251247
   -0.122038
     1.32454
     1.01939
    0.747555
    0.660826
    0.781317
     1.02557
     0.92614
     1.11911
     1.20979
    0.864492
     0.76398
    0.888581
    0.751282
     1.17522
     1.14908
     1.43418
     1.22224
     1.37405
     1.23671
    0.772116
    0.851159
     1.07113
     1.33399
     1.06709
     1.16793
    0.794146
    0.772539
    0.781342
    0.775306
     1.07804
    0.917193
     1.04431
    0.841947
    0.805815
     1.10528
     1.38427
     1.36217
    0.893781
     1.02395
     1.01794
     0.91509
    0.943252
     1.18466
     1.31731
     1.14825
     1.44047
     1.01209
     1.08119
     1.09145
     1.58705
     1.31785
    0.807178
      0.6843
    0.678928
   -0.070519
 7.25756e-05
   0.0649123
    0.113526
  -0.0622888
     0.10731
  -0.0971939
  -0.0264788
    0.647311
    0.976268
    0.516552
    0.499973
     0.42099
    0.618963
    0.769978
    0.493718
    0.344215
    0.402368
     0.39358
    0.197339
    0.278502
    0.132372
    0.838661
     1.01842
     1.52899
     1.07615
 -0.00787855
    0.332703
    0.283036
    0.556896
    0.611203
    0.324903
    0.167574
    0.585285
    0.843231
    0.324403
    0.534983
     0.30885
    0.613602
    0.734985
   0.0877538
    0.266452
    0.111245
  0.00404319
  -0.0960649
    0.144615
  -0.0308029
   0.0664406
    0.442294
    0.446527
    0.965319
    0.152732
    0.384269
    0.061035
    0.330801
     0.26555
  -0.0999533
   -0.107388
    0.116936
    0.116927
   0.0143696
  -0.0332042
    0.291581
    0.266366
    0.127901
    0.157275
   0.0931782
   0.0732095
    0.167545
    0.255797
    0.237274
    0.195034
    0.225479
    0.193033
    0.335653
    0.144489
    0.315131
    0.229482
    0.050938
    0.076605
  -0.0765238
   0.0911209
   0.0473284
  -0.0145141
   0.0257682
   0.0878419
   0.0467505
      0.2407
    0.386036
    0.579198
    0.125566
    0.266025
    0.636307
    0.676786
    0.782847
    0.507564
    0.594898
    0.258871
    0.351993
    0.462273
    0.689175
    0.616889
    0.292365
    -2.54593
     -2.7642
    -2.72625
    -3.27794
     0.17781
     0.45923
    0.712359
    -2.21965
     0.31353
    0.510827
   -0.190386
    0.500395
    0.560147
    0.218733
    0.368538
    0.605141
    0.544661
    0.497817
    0.231294
    0.451368
    0.454238
    0.239675
    0.521223
    0.863365
    0.672475
    0.462798
      0.6194
     0.17047
    0.307046
    0.470671
  -0.0828823
   0.0041263
  -0.0402013
    0.118741
   -0.409009
    -0.24174
   -0.198859
   -0.157537
   -0.318784
   -0.422355
   -0.383453
   -0.426568
   -0.440644
   0.0161493
  -0.0316983
   -0.126052
  -0.0829722
  -0.0318487
  -0.0751702
   0.0554944
  -0.0209677
 -0.00745776
    0.373473
   -0.396653
   -0.277293
   -0.193366
   -0.129641
   -0.356159
    0.838039
    0.817898
    0.842577
    0.510239
    0.634889
    0.577733
    0.562315
    0.818767
     0.93983
     2.24446
     2.88235
     3.02723
     3.22794
    0.867528
    0.728162
    0.838767
    0.740836
     0.53632
   -0.469315
    0.178592
    0.207959
    0.417207
   -0.134992
  -0.0613036
     2.70625
     1.05997
     0.41165
    0.949219
  0.00656763
     1.27744
    0.127487
     1.80601
-0.000998271
  -0.0675296
     0.27785
    0.713691
     1.15117
     1.08332
    0.392537
    0.456275
     1.22238
    0.655072
     2.06156
      2.0953
     1.13917
    -2.74284
     -3.0267
       3.634
     1.27391
    0.474395
    0.334593
  0.00645023
    0.438946
    0.381591
     1.20937
     1.34181
    0.620892
     0.70727
    0.519641
    0.655586
    -1.61798
    -3.33296
   -0.357209
  -0.0841302
   0.0013191
    -6.16938
     1.94679
     2.04554
     2.03042
     -1.5681
     -2.2815
   -0.529555
     1.87995
    -2.32342
    -7.89709
    -3.74094
   -0.267377
    0.151473
     1.04923
    0.341584
    0.454294
  -0.0135845
    0.330034
   0.0303981
     2.22577
     2.71751
     2.48648
    0.981249
     0.86837
     1.07009
     2.05832
     2.19271
    0.327379
     0.21139
     1.73317
    0.395287
      1.9487
    0.133724
      5.8196
     8.48061
     7.99965
    0.402932
    0.766142
     1.27555
    0.140935
    0.455568
   -0.218095
   -0.448322
    -17.4033
    -19.0056
    -5.88239
    -13.8489
    -11.8807
    -9.08311
    -5.44579
    -3.71153
    -2.71468
    -1.30735
     -1.7665
    -1.77032
    -1.87924
   0.0509145
     2.10468
   -0.536025
    0.498068
  -0.0559714
    -10.9423
    -8.13883
    -18.0511
    -13.5115
    -14.6012
    -3.27521
    -2.74789
    -3.87105
    -4.14173
   -0.315322
    -1.88219
    -2.69934
     1.91999
     2.39661
    0.270464
    0.310743
   -0.410631
     1.10859
     1.12664
     1.01986
    0.786006
    -1.49354
   -0.730371
    0.369626
    0.304197
    0.606552
    0.114187
    0.193228
    0.250844
      0.1911
    0.144976
    0.155116
  -0.0616186
    0.217979
   -0.100759
   0.0540503
  -0.0677095
   -0.146986
  -0.0867882
  -0.0699577
  -0.0938031
     2.07365
       2.059
     2.39805
     1.68085
     1.01382
     1.02971
     1.10643
    0.622642
    0.865248
    0.602775
    0.433197
     1.66314
      0.1822
     1.22371
     1.04047
     1.58826
     2.00556
     1.95198
     2.03455
   -0.567444
    0.388252
    0.684892
    0.029398
    0.343471
  -0.0141379
   -0.810317
     1.06772
    -1.41622
   0.0249259
    -1.29388
     1.51532
   -0.309528
     1.47421
    0.841917
     1.08763
    -4.43523
     1.66035
    -1.73287
    -1.16413
   -0.232459
    -0.91866
    0.132636
    0.470837
   -0.336568
   -0.047082
    0.922979
    0.937178
     1.03411
    0.835984
    0.744185
     1.05855
     1.11603
  -0.0759925
    0.434219
    0.278059
     1.14937
      1.5657
    0.752584
     1.15869
    0.938624
    0.185322
   0.0525896
    0.906647
     1.01608
    0.827217
    -2.54198
    0.522288
  0.00785018
  -0.0582607
    0.205138
    0.554502
     2.23908
    0.498291
   0.0693102
    -6.23171
    -3.19139
   -0.290909
  0.00216842
   0.0748695
   -0.284281
    -0.11759
    0.300359
    0.498023
      2.0317
    0.669215
     1.01825
    0.896748
     1.38548
     1.29228
    0.472025
    0.624775
   0.0418031
    0.427123
    0.976287
    0.645463
     0.72194
    0.229234
  -0.0678785
     1.39776
     1.08296
      1.0347
     1.89297
     1.38956
     1.42785
     1.10938
     1.53511
     1.04253
    0.549077
    0.517034
    0.750379
     1.30961
    0.460781
     1.19828
     1.45768
     1.31633
    0.862648
    -0.08528
    0.721722
    0.565209
     1.32251
  -0.0598358
  -0.0487063
   -0.134287
    0.010913
    0.060326
  -0.0193058
    0.532122
   -0.267616
    0.288034
     1.54173
    0.978387
    0.615077
    0.989406
   0.0328486
     1.25954
     1.17021
     0.34047
   0.0775459
     1.21777
     1.33007
     1.04505
    0.811365
      1.1054
    0.530064
   -0.119274
  -0.0541225
   -0.100523
   0.0759964
   0.0252414
    0.159772
    0.201832
    0.194079
    0.166685
  -0.0224819
  -0.0287853
   -0.104943
   -0.173701
   -0.121128
   -0.287551
     -0.1939
   -0.141483
  -0.0174955
     2.51788
     2.62444
     2.92375
     2.61696
     2.78549
    0.301337
    0.965063
    0.694498
      1.4198
     1.25553
    0.895437
    0.269183
    0.370739
  -0.0127007
   -0.058265
  -0.0527175
    0.288679
     0.36469
  -0.0340941
    0.419845
     2.27094
     2.14659
     1.93642
    0.913418
    0.959066
     1.86375
    0.928848
    0.827069
    0.760875
    0.798825
   -0.105374
     1.36146
     1.22884
     1.03596
     1.09265
     1.56843
     1.38842
     1.59575
     1.72826
      1.3189
     1.30164
      1.1616
      1.4003
     1.54133
    0.596387
    0.644856
    0.375358
     0.46212
    0.460651
    0.787425
     0.99277
    0.082917
  -0.0282783
    0.279037
    0.401989
    0.355219
    0.633455
     1.40761
     1.36642
      1.4072
     1.30045
     1.28246
    0.751978
    0.433707
     1.17553
    0.868274
     1.16602
     1.10967
     1.19983
     0.39327
    0.725482
   0.0189607
    0.735655
     1.80043
     -3.6484
    -2.65169
     2.37101
      1.3682
   -0.282088
   -0.428101
    0.284082
   0.0909397
    0.302487
     0.51582
    0.793734
    0.783172
     2.24034
      1.1454
     1.22118
      0.5542
   -0.405523
    0.720326
     0.76338
     0.39841
    0.201676
    0.750973
   -0.220125
    0.283086
     1.95774
    0.753894
   -0.133924
      4.7728
     8.12061
     1.39055
    0.293538
    -2.98523
    0.302336
   -0.183131
     -18.525
     -4.1697
    -5.06342
   -0.524204
     1.76918
    -3.03478
    -11.3004
    -16.0551
    -9.79825
    -8.52841
    -6.51593
    -2.36429
    -2.78506
    0.239265
   -0.522545
   0.0470205
    0.721012
     2.10178
    0.312764
    0.622099
    0.467127
    0.691795
     1.58216
     1.99013
    0.882353
    -2.98123
    -2.38804
   -0.347758
    -3.89125
     3.90332
    -1.76879
    -2.00525
    0.993979
      2.1201
    0.229589
      1.2668
    0.207451
    0.582497
    0.876925
    0.710616
    0.312051
   -0.103964
    0.174473
    0.265365
    0.114227
    0.535931
    0.757964
    0.680598
    0.307203
    -3.86282
    0.328778
   -0.338694
  -0.0946509
    0.217579
     1.05406
    0.166125
    0.456124
   -0.323731
    0.418308
      1.7565
     1.64206
    0.908083
     1.03438
     1.02865
    0.833806
    0.235563
     1.40965
    0.595495
    0.159901
   0.0806851
    0.770553
      2.7077
    0.472918
     1.19736
     0.96615
     2.13182
     1.13056
     1.18006
  -0.0268273
    -4.63183
    0.599059
   -0.472355
    0.392518
    0.160807
   0.0126735
  -0.0536871
    0.439087
    0.405117
    0.173282
     2.07121
     1.86488
     1.10792
     1.20804
     1.41096
     1.17864
    0.593082
    0.639999
    0.638905
     0.59505
    0.507515
     1.01816
    0.468066
     1.17802
     1.09444
    0.571147
     1.05239
     1.00275
    0.916042
      1.0149
     0.98609
    0.627411
    0.627182
     1.21262
    0.793717
     2.01789
     2.01278
     1.14345
     1.37111
     1.12295
    0.670803
     1.03605
    0.281289
  -0.0715415
  -0.0424468
  -0.0909841
   -0.171608
    0.971918
   0.0203078
     2.46001
      1.4487
    0.782448
   0.0574712
    -1.89457
    0.734892
    -2.50091
    -3.28327
    0.809796
     10.1737
    -1.43961
    -4.54699
    0.995945
     0.30555
     1.20122
    0.611741
    -3.47328
    -9.13087
     1.36279
    -10.0319
    -16.5066
    -6.66396
    -4.29049
    -3.71742
  -0.0513029
    0.766677
    0.555307
     1.82425
    0.914676
    0.764004
     1.23586
     2.25991
       -1.17
     1.61767
    0.224975
  -0.0643368
  -0.0330966
    0.198237
    0.867532
  -0.0927521
    0.285969
      0.1424
   -0.296056
    0.642266
    -2.11848
  -0.0696862
   -0.348699
      0.5187
    0.330562
     0.11874
    0.122766
     1.47732
    0.943895
    0.942804
    0.200928
    0.822525
    0.386438
     1.30991
    0.864405
    0.546604
    0.165147
   -0.024547
     0.28727
    0.543505
    0.491498
    0.732462
     1.43089
    0.130122
    0.733138
    0.623195
     1.18045
    0.653735
    0.992204
   -0.121881
    0.703527
    0.107292
    0.694361
   -0.264791
     1.76957
     2.12292
    0.956151
     1.30527
     2.04402
     1.23848
     1.17168
   0.0701482
    0.621643
    -1.98489
   0.0642781
   0.0201031
    -5.59406
    -12.3028
    -3.52708
    -4.67243
     -9.2359
    -3.12792
  0.00333644
    0.841098
     1.18162
    0.877213
   0.0418707
     0.91112
     0.74088
    0.723128
    0.588657
    -1.18265
     1.00083
    0.133266
     1.46255
    0.800738
   -0.409071
    0.915177
    0.889652
    0.188396
  -0.0351434
   -0.340669
   0.0262474
     1.30023
    0.513504
    0.179176
    0.268829
     1.48643
    0.804302
    0.956411
    0.860592
     1.08603
   -0.187352
    0.589656
    -1.26477
     1.30647
   0.0089645
    0.935084
   0.0929893
   0.0178727
   -0.123025
   0.0228747
     1.50063
    0.659707
     1.89231
   -0.126974
    0.934044
    0.998201
    -5.66788
    0.046746
     2.03429
    -5.35974
     1.01508
     2.41631
     1.92127
       0.377
     1.20921
     1.99814
    -1.13143
   -0.909795
   -0.531672
     11.2162
     1.31305
    -1.18607
  -0.0921396
    -1.30928
    0.810773
   -0.109858
    0.834551
   -0.225784
    0.931373
    0.407485
    0.398796
     1.52648
     1.05599
   0.0685999
     1.10302
    0.812112
   0.0446708
     1.50062
     1.47751
   -0.155093
    0.365654
    0.197859
    0.852103
  -0.0901251
  -0.0642694
   0.0841198
     1.38163
     2.95357
    -1.95889
     2.31167
    -7.30717
     -6.5016
    -2.15361
   -0.559191
     2.02452
    -1.06634
   -0.503319
   0.0287593
    0.752087
    0.311519
   -0.186315
    0.624218
     1.10679
     1.09863
    0.206256
  -0.0858403
    0.733992
     2.74675
    0.138123
   -0.349818
  -0.0427525
    0.247629
     1.92139
    0.848223
     2.81452
    0.076927
    -3.19323
    -8.45084
     1.15675
    0.200649
     4.74615
    0.871858
     1.32483
    0.501493
     1.23487
     0.20582
    0.483125
      0.1908
  -0.0880414
     1.13091
    0.336235
 -0.00710953
  -0.0456088
   -0.105887
    0.645886
   0.0766061
     1.08534
     1.16484
  -0.0591145
   -0.185858
    -1.67389
    -2.70764
   -0.261696
     2.80461
    0.306355
  -0.0503835
   -0.416199
    -8.30938
   -0.998935
     2.17544
    -1.62187
    0.234367
    0.190787
   -0.910177
    -1.26051
    0.588229
    0.697249
     2.87664
    0.529183
      1.3701
   -0.132113
     1.16244
    0.563366
     1.09833
     0.76204
    -8.32886
   -0.612002
     2.46077
     1.36647
     1.49528
  -0.0740543
    -1.54904
    -2.91154
    0.034766
   -0.204043
    -1.66931
   -0.835296
    0.670457
   -0.482882
    0.147652
     0.81799
   0.0501197
   -0.223899
    0.113878
     2.35419
     1.09787
     0.84357
     1.09631
    0.186637
    0.329082
  -0.0446144
    -0.67943
    0.806983
    0.617178
    -2.70363
   0.0913742
    0.274663
     1.44113
    0.721364
    0.833614
   -0.294734
     3.12771
   -0.362202
     3.52838
   -0.765377
    0.610819
    0.164181
    0.695405
    0.694679
    0.395824
    0.860581
     2.97403
   -0.309843
    0.899282
    -1.58387
     2.23195
     1.02357
    0.100364
    -2.06485
    0.676214
    -8.00399
    -1.56372
     -1.1003
    0.696885
    0.733239
     1.22337
     2.39556
     0.87824
    -4.94085
     1.11986
     3.17523
     1.50604
    0.758378
    0.112167
  -0.0423829
     2.60584
     2.22925
    0.348578
    0.463177
    0.123348
  -0.0419623
   0.0593501
   -0.135551
   0.0354733
     3.19264
     1.89948
     1.02342
    0.131989
    0.386775
    0.500671
     2.81785
   0.0356913
    0.972252
    0.449015
    0.596259
     3.23277
     3.08025
   0.0904706
   0.0164299
    0.162246
    0.192793
    0.262359
    0.154388
   0.0480099
    0.720729
  -0.0400826
    -0.12539
     3.11574
     3.27366
  -0.0182436
    0.962614
    0.602336
  -0.0894681
     1.12303
    0.122376
     3.13634
   0.0373219
     2.49465
  -0.0783851
    0.536819
    0.169443
    0.353306
  -0.0852216
  -0.0919075
     0.18052
    0.315932
  -0.0515242
   -0.106343
   0.0627425
   0.0974332
     1.73215
     2.10873
    0.195471
     0.14104
    0.124016
   0.0709087
   -0.134805
    0.870947
    0.299464
    -0.11871
    0.495629
    0.123772
     0.46718
     1.88848
    0.626826
    0.521103
    0.285331
    -3.25175
   -0.823536
   -0.939457
 -0.00658709
    0.204998
    0.266173
    0.463396
   0.0904084
     3.14823
  -0.0999954
    0.382899
    0.926098
     0.79028
    0.551734
    0.111867
    -11.4211
    -15.3357
    -15.9526
     -7.0389
     5.69279
    0.396807
   0.0332043
    0.656789
   -0.110516
    0.271094
    -2.59569
    0.396084
    0.787649
    -2.49572
  0.00934079
     10.2397
    -17.8785
    -3.56262
    -11.6756
    -3.08318
    -3.97821
     -0.1279
     4.30149
     1.09878
    0.343226
   -0.149489
    0.632831
    -2.73575
     6.35028
   0.0928085
    0.940282
     2.54296
     3.56839
     1.04693
     -2.4007
    -2.66282
    -1.22972
  -0.0407278
     2.11145
     2.45925
    0.344515
    0.814447
    0.383379
    0.100116
    -3.97211
    -22.0623
    -4.84053
    -2.63164
     6.73197
   -0.911974
    0.809437
    -1.00331
     1.18162
    0.912605
    0.358933
     1.18949
    -20.2485
    -4.07635
    -3.97483
    0.129349
  -0.0308065
     1.91449
     1.28731
    0.387762
    0.478055
    0.288519
    -5.10195
    -4.18536
    -3.16384
    -1.83247
     2.10113
     1.18853
     0.24233
    0.896518
    0.363249
      1.0799
    0.998751
    0.658722
     1.00766
     1.00538
    -3.19884
    -2.88019
     -3.1595
    -9.15096
     1.00187
    -1.31368
     2.60221
    0.386265
    -6.29779
    0.926387
    0.529753
      1.7533
    -7.17117
     1.20612
    -9.83683
  -0.0664761
    -1.02603
     1.13986
     1.26642
     1.66953
    0.489678
    0.638127
    -4.81015
    0.305697
     1.97182
    -1.48266
    0.601418
    0.956106
    -8.87198
    0.801156
    0.590722
     1.94463
      1.0045
   -0.653581
     -1.2451
   -0.615867
    0.315204
    -7.68591
    0.904409
    0.209127
     1.72521
    0.336153
 -0.00320439
    0.391291
    -2.57238
    0.950298
      1.9196
   -0.704766
      2.4325
    -2.93054
    0.341311
     1.98303
   0.0214049
    0.670421
    -11.4453
     1.51944
     1.02097
   -0.443361
    -1.73054
      1.7347
   -0.101951
     1.08027
    0.543215
    0.744871
     1.18195
    0.999169
    0.986597
     0.63288
     0.45757
     0.11791
   -0.175267
   -0.226756
     1.11598
      1.0446
     1.06325
    0.861813
    0.225787
  -0.0938442
    0.162988
    0.651259
    0.702992
     1.08688
     0.85967
      1.2591
     1.06003
    0.114769
     1.14008
    0.740286
    0.283983
    0.635082
     1.21782
     1.34992
    0.947033
    0.070354
   -0.204236
    0.914023
    0.008364
    0.367744
    0.225281
   -0.185558
     1.06871
   -0.139188
     1.05171
     1.06054
    0.873145
    0.108285
     1.02125
    0.844368
     1.11983
      1.1933
    0.428229
    0.618709
    0.396631
      1.1631
     1.44678
     1.14304
     1.18591
     1.36937
    0.268362
     1.41001
    0.277337
    0.369979
   0.0705299
    0.655764
    0.563414
     1.45522
  -0.0245779
     1.22788
  -0.0185141
    0.254922
    0.201128
     0.16788
    0.166934
     1.01518
   0.0265748
   0.0741736
    0.441002
  -0.0300521
    0.059382
    0.110663
    0.198057
    0.154164
     0.32349