    -1.54413
    -1.56949
   -0.849738
     -1.5251
    -0.99285
     1.71586
     1.24494
   0.0982588
   -0.490437
     2.71895
    -1.45604
    -1.90606
  -0.0560246
    0.247649
    0.572284
      3.2473
   -0.319589
    -1.80944
     2.39613
    -1.14203
   -0.593675
    0.392443
     0.57762
     4.55188
   -0.865247
    -1.55653
   -0.628983
  -0.0635532
     3.36869
     4.80636
    -1.30131
    -1.83385
    -1.93476
    -1.65796
    0.232369
    -2.47281
    -1.91178
   -0.845682
    0.282238
     2.64131
     2.51583
    -1.71594
    -1.63551
    -1.21842
   -0.230268
  -0.0426258
     1.40446
    -1.81125
    -2.58544
    0.312645
    -2.02829
    -1.90891
   -0.389602
   -0.251016
   -0.216643
   -0.193977
     2.70948
     1.51908
   -0.554106
    -1.99533
   -0.595139
    0.246759
    0.670798
     1.02243
     3.84331
   -0.742742
  -0.0674508
    0.967297
     1.14837
     10.9599
    -1.33209
     4.81444
       4.201
      3.0695
    0.804742
   -0.179121
     1.07138
     2.14202
    -1.80472
    -1.26136
   -0.355229
  -0.0118894
   0.0581317
    0.632234
     3.87093
     5.02359
   -0.661434
     -2.0186
   -0.838266
   -0.674045
   -0.651805
   -0.392956
    0.675824
      14.097
    -2.30394
    -2.09751
     2.41588
    -1.64511
    -1.75325
   -0.142178
   0.0776149
    0.719038
    0.748539
     3.68698
     4.50869
    -1.45598
   -0.346954
   0.0405339
    0.185567
    0.667932
    0.203399
    -2.42776
   -0.588377
     1.80091
     2.86407
    -1.00268
   -0.724888
   -0.604852
    0.455102
    0.370164
     19.6803
       1.758
    -2.05179
    -1.46438
     -1.4763
     20.3038
   0.0687793
     3.63272
   -0.905004
    0.274366
    0.302724
    0.243887
   -0.623777
    -2.60776
      4.1423
     -1.2058
    -1.10627
   -0.437952
  -0.0668981
   0.0723635
    0.261358
    0.385315
     21.0777
    -2.08867
    -1.87279
     2.78485
   -0.193642
   -0.839708
   -0.563723
    -0.11062
    0.407852
    0.498044
    0.249702
  -0.0161109
     0.12068
   -0.148343
     16.2234
    -1.07556
    -1.28196
   -0.421023
   0.0563066
    0.499707
    0.379635
   0.0445451
   -0.117311
    0.420885
     14.6133
    -1.04099
    -2.77226
    -1.64305
     3.01984
    -1.13911
   -0.555409
    0.507304
    0.547536
    -2.39105
     3.12736
     2.27441
   -0.820176
   -0.292799
  -0.0087434
   -0.234854
   -0.281328
   -0.570107
   -0.482309
      6.7263
    -0.62778
     3.49927
     2.98618
     2.60564
     1.03221
   -0.465111
   -0.191846
    0.758774
    0.664734
    0.445292
   -0.523823
     0.59628
     15.5423
    -1.65471
    -1.86873
    -2.38304
    -1.48009
     2.99706
    0.648697
    0.305378
   -0.369838
   -0.600512
    0.788729
     13.7215
    -2.27844
    -2.39085
     1.11072
    0.622531
   -0.159871
    0.571924
  -0.0856254
   -0.621078
   -0.616793
     15.0156
     9.58091
     4.79002
   -0.562164
      1.7572
     1.73166
     1.99868
     1.96752
    -1.12167
   -0.554146
   -0.481866
    -0.79563
    0.688087
    -1.04062
   0.0599231
   -0.299125
    0.851375
   -0.835712
   -0.721019
   -0.693206
     14.5523
     7.24275
    0.773838
    -1.85769
    -2.03488
    -1.15269
     0.92869
     1.01898
     1.89994
   -0.284199
   -0.938129
    -0.83051
   -0.429534
   -0.137287
   -0.769521
   0.0511274
    0.351234
     10.9842
     4.37342
   -0.594658
    -1.12376
   -0.520717
   -0.514437
     0.87918
   -0.484345
   -0.625273
   -0.543163
   -0.339659
    0.108089
    0.590716
   -0.780884
    -0.44133
     1.79907
     1.17947
    -1.02017
   -0.545895
     0.34176
    -1.22473
    -1.11447
     -1.4544
      1.2132
   -0.443645
    -0.30282
    0.982705
     0.88499
   -0.919767
    -1.28915
   -0.495733
    -0.51985
     12.2217
     11.9758
     6.91861
     2.70939
    -1.61934
      2.8596
     1.43214
   -0.618527
   -0.529753
   -0.441393
    0.367374
    0.269199
   -0.940505
   -0.643664
   -0.368878
    0.758721
    0.598564
     1.00482
   -0.341165
     1.36683
     2.20519
   -0.682687
   -0.432309
    -1.65632
    0.854897
     5.78799
   -0.726444
   -0.297435
    0.863933
    0.146869
    0.800861
    0.103572
    -1.12941
    -0.78773
      12.694
     9.36568
   -0.708223
     2.02592
     1.16752
    -1.84449
   -0.905263
   -0.398349
    0.419584
     1.09769
      9.6552
   -0.146307
    0.638112
   -0.064905
   -0.649873
   -0.454772
     1.25951
    -1.08638
  -0.0723946
   0.0211136
  -0.0492674
    0.635836
     5.33766
    -0.78332
   -0.875029
    -1.67384
     1.09738
   -0.318411
    -0.17784
    -1.12855
    -1.95301
   0.0791472
   0.0747468
     1.19066
      2.3889
    0.111851
     1.38524
     2.90817
     1.81199
   -0.221533
     1.06252
    0.916352
   -0.355368
     1.42317
     1.25935
     1.12791
    0.555292
     10.8309
   -0.502713
     0.46003
    0.216559
     2.02069
    0.621175
   -0.189508
   -0.267336
    -1.27344
   -0.685364
   -0.192683
    0.475228
    0.716989
    0.480874
     0.87587
     3.55769
  0.00513464
   -0.143244
   0.0650799
    0.178217
     1.56758
    -1.13432
   -0.701392
    0.759339
     1.08422
     1.01494
     10.3943
     5.43615
   -0.792476
     1.92597
    0.175169
   -0.371073
   -0.303048
     1.28438
   -0.489089
    0.405349
     2.08852
    -0.17946
     1.16237
     1.05344
    0.640829
   -0.867346
  -0.0214009
    0.660587
     1.01738
     2.17268
  -0.0653548
    0.191498
     8.09959
     4.78441
     3.60732
    -1.63927
   -0.599295
     1.65274
    0.838723
    0.691523
    0.831817
     1.25572
     1.34174
    0.439772
   -0.789192
     1.08895
     1.92038
     -1.1107
     1.50648
    0.998646
   -0.520451
     1.28548
     1.64487
     1.42871
     1.34283
   -0.355272
   -0.494582
       8.389
     1.88176
     1.93947
     2.01318
    0.810792
     0.45462
     1.54041
     1.40077
    0.973602
     6.87021
     6.05882
     0.48226
    0.182862
    0.869301
     2.83206
     1.47694
   -0.417209
    -1.83475
    -1.21506
     1.07055
     1.26279
      1.6054
   -0.194884
     1.34494
     1.82026
     1.25677
     2.63912
    -1.00903
   -0.642922
     3.17606
     2.03585
     1.51516
    0.885895
   -0.720742
     7.54133
    -1.34964
    -1.10946
    -1.18485
     2.91943
   -0.525024
     1.42849
     1.77816
      2.5313
     2.58095
     1.56271
    0.119859
     6.03101
   -0.912998
     1.13178
     1.58357
     2.42616
    0.113061
     2.06781
   -0.169706
     0.41926
     3.03304
     1.47564
   -0.348351
   -0.262704
     3.89004
    -1.85111
     1.37398
     2.45371
     2.46093
     3.72131
   -0.234605
   -0.651376
     5.41236
     2.84675
     2.87347
      1.3145
     1.32877
      1.0248
    0.646521
     4.57883
    -1.19352
    0.767433
      2.5894
     3.67209
     2.24768
     1.39322
   -0.671407
     4.45991
   -0.290877
   -0.546438
    -1.21765
     1.98205
     3.18724
     2.34118
     3.38738
     4.50838
     1.89605
     2.89817
     1.23787
     1.32732
    0.249289
     5.67317
     3.17649
    -1.34741
    -1.11791
   -0.127321
     1.19782
     3.38933
     2.34352
     1.90714
    0.315027
     1.49472
     4.83966
     4.33724
    -0.33202
    -1.75367
    -1.27387
    -1.23648
     3.43098
     2.52716
      3.5663
     3.07395
    0.568638
     7.50474
   -0.359326
   -0.319042
   -0.394208
     4.40058
     3.60028
     2.83009
     3.70548
     4.27412
     5.33236
   0.0929125
    -1.49862
     2.35636
    0.575819
     1.41921
    0.480295
  -0.0861116
     5.89437
     1.24176
     5.13499
     4.47174
     1.44498
      8.6744
     4.64913
    0.466918
   -0.749789
     2.93319
   -0.644296
    0.652718
     2.31006
     3.78965
     4.33919
     6.28769
     4.98809
    -1.11074
     5.95639
     4.46273
    0.447639
     1.56564
    -1.90324
    -1.28826
     6.21577
   -0.956314
   -0.187195
   -0.217648
     1.17117
  -0.0670007
   -0.773827
   -0.383442
     3.45719
     1.42706
   -0.912394
     -1.6772
   -0.693437
     4.05877
      4.8463
      6.2563
     8.02118
     3.17838
   -0.328994
    -2.65454
      3.4549
     1.29665
   -0.726106
    0.134177
     5.09643
   0.0451059
    0.374605
     1.40965
    0.520121
     1.76781
     3.89569
     3.30062
      3.5011
     1.43442
     3.88832
    -1.99359
     2.15537
   -0.846309
     -1.5653
    -1.02039
     3.46227
     1.46863
     1.98984
      2.8114
      4.1798
     9.34581
      6.7827
     7.54716
     5.73086
     6.36939
     6.06532
  -0.0538157
   -0.185507
   -0.818485
     3.86023
     4.91021
     6.19214
     6.09636
     5.69565
     7.65386
   -0.909873
     3.24873
   -0.929222
     4.27902
     2.10293
      1.2451
    -1.33746
    -1.08461
     3.40101
    -1.84404
    -1.35441
     2.53659
     5.51265
     7.08086
     5.02098
    -1.34279
    -1.71063
    -1.43026
     1.47769
     5.03071
     6.49155
     5.27079
     0.42455
  -0.0513309
   0.0908373
    0.339662
     1.09902
    -1.75293
     3.30949
     4.77145
   -0.394515
    -3.32075
    -3.10895
      6.1879
     5.72074
     9.30945
   -0.131114
     2.18489
    -1.26953
    -1.04019
     -2.9166
    -2.32542
    -1.58964
    -1.12382
     4.32582
     2.89057
     3.17129
   -0.683452
     5.59257
     7.57729
    0.241408
   -0.337914
    -0.43068
     2.07826
    -1.17085
     3.40328
    -1.78117
      2.1204
    -1.30681
    -1.19807
   -0.205565
     1.43575
      3.1172
      3.0805
      4.1111
     5.87436
     3.98214
    -4.16978
     7.50875
   -0.118675
    0.293107
     2.13808
     2.45292
        -2.3
    -1.55985
     8.18945
     2.53878
     3.02651
     3.56089
    -5.94896
    -3.11423
     5.37969
   -0.509327
    -2.22545
    0.830562
     1.91155
     3.34082
     2.32678
     2.60007
    0.345878
   -0.750051
   0.0792982
    0.857904
    0.826327
     2.62592
   0.0426788
    -1.94751
     3.37237
     3.00874
    -3.20693
     1.78558
     4.31129
     6.54946
     2.17613
    0.728373
     2.10145
    -2.76769
    -7.95335
    -3.72713
     1.32872
      4.7002
     3.46129
   -0.308865
   -0.103995
     1.87606
    0.779166
     -1.9123
     2.02251
     3.23106
     4.41021
     2.06803
     1.53707
     2.29389
    -2.57232
    -1.67629
     1.12883
    -3.72662
     1.37737
    -1.99919
    -1.22592
     -0.9936
    0.880714
    0.162186
   -0.199076
     2.19291
     6.62857
     8.35176
    -3.09436
    -4.32561
    -1.55469
     2.46168
     1.88817
     1.12865
    -9.30002
     9.60022
     13.2769
     9.12029
    -1.49183
    -5.06333
    -2.43445
     1.99348
    -3.17773
    -3.57341
    -3.04106
     3.81982
     1.34723
    -2.37702
     1.90495
     5.92571
     8.84464
    -1.58894
    -4.53827
     6.02564
     9.32751
     12.7996
    0.975779
     5.30627
    -1.86656
    -4.28392
    -4.27822
     1.43556
    0.897282
    0.633176
   -0.138403
     1.76069
     1.35521
     4.55096
      3.7904
    -2.66266
      1.9648
   -0.826739
    -4.63205
    -1.30051
    -2.24727
   -0.279553
     3.29666
     9.36765
   -0.639714
     -5.7216
    -8.50999
     8.70829
    -4.72235
    -5.76651
     3.25864
   -0.684155
    -4.57679
     3.47652
     1.51106
     10.9233
    -1.30024
    -1.10932
     1.02737
    -1.50043
    -11.3955
     2.98601
      5.2088
     1.50386
    -2.75526
     2.24502
    -4.68544
    -3.89124
    -2.06205
    0.959909
    0.489278
     6.13716
    -1.16375
    0.798474
    0.627418
     15.4905
     10.3713
   -0.952543
     2.97187
    -4.16162
     1.42684
     2.34241
    0.317161
    -6.58089
    -9.46718
     13.6968
     7.83667
      7.5052
     4.58557
    -2.18398
    -3.10439
     1.30216
     12.8513
     5.61699
     1.35771
     0.99875
    -10.5048
    -5.72325
    -1.94202
     4.05155
    0.899308
    -4.62617
   0.0797871
   -0.628349
    -3.72766
    -12.1433
    -9.19023
    -3.10323
    -2.49648
    -2.10309
    -1.68763
    -1.66357
     12.1055
     11.4685
     9.37278
   -0.564942
    -0.90122
    0.352796
 -0.00999982
      9.4114
     11.2727
    -4.53127
     2.22397
     5.63248
     1.50302
    -4.55594
    -3.36849
      -2.766
   -0.693159
   0.0389688
     9.34079
     7.71446
   -0.927296
   -0.321268
    0.791506
    -1.18646
     10.9121
     3.73957
     3.07195
     1.67434
    0.997341
     1.58482
     2.59273
     3.30531
     8.40362
    -2.33137
    -5.12562
   -0.426609
    -2.84338
     8.25437
     -4.2883
     4.40896
     5.28053
     5.85362
    -1.04072
    0.834213
    -1.54547
    -4.71162
    -7.76461
    -3.07152
     2.54047
      2.0197
    -4.63407
    -2.10876
     1.18508
     1.00877
   -0.265751
    0.241669
   -0.533902
   -0.592389
        -0.6
    -4.75098
    -10.5892
     1.74832
     5.61791
    -4.83971
   -0.958025
   -0.529317
    0.961261
     3.27432
     2.75723
   -0.266683
    0.266243
    -6.98611
    -2.28701
    -3.12004
     1.47842
     -4.1277
     1.43782
     1.27904
   -0.876316
    0.150725
    0.519116
    -2.17296
    -1.80421
    -3.45907
    0.249591
     3.11932
     3.35327
     2.79514
     -1.0589
    -8.68465
     11.8921
    -2.84574
     6.93876
    -4.11573
     2.59807
    0.428571
   -0.310919
    0.871824
     2.10653
     5.37694
     3.79045
    -1.10571
    -4.35416
    -2.33225
    -0.62094
   -0.376805
     3.44953
     1.69115
   -0.724819
    -8.61416
     11.1816
     1.42248
     2.36199
     1.51125
   -0.402419
     2.96312
    -0.48815
      4.8351
    -3.87799
    -3.92184
    -4.31508
     -4.0645
     1.75471
       2.413
     2.48117
   -0.825668
     6.34326
    -4.02144
     2.10523
     1.12369
    0.404853
   -0.863497
     1.84003
    0.701438
    -4.80675
    -7.44382
    -2.29168
    -2.37334
    -3.04323
   -0.542458
   -0.153452
     2.19194
    -2.47812
   -0.957409
    -3.90948
    -2.07297
     1.22906
     3.18598
    0.320044
     7.38709
     3.26524
    -2.39636
    -3.90648
     1.50628
   -0.425217
     -1.0842
    -1.45925
    0.679137
    -1.41433
    -7.36486
    -7.19131
     5.40066
     10.0371
     11.9401
    -3.80508
  -0.0349725
   -0.839843
     3.95237
     4.35671
     2.13052
   -0.257142
   -0.441025
    0.192508
     1.02196
   -0.887298
    -1.30707
     4.61281
    0.679229
    -3.87601
     1.46873
     0.91533
   -0.354994
     3.77564
    -0.73339
   -0.167326
    -5.82249
   -0.628366
     -2.7104
    -1.17292
     2.55423
    0.670551
    -3.28935
    -4.74723
     3.09798
      5.1067
     -4.0566
      2.4271
    0.919638
    0.931841
     3.19426
   -0.809401
    -6.04445
       4.634
    0.562269
    -1.85084
    -3.80904
    0.673106
   -0.751014
    -6.68778
    -2.34315
     -3.8013
    -3.90506
    -0.66742
    0.646897
    0.417085
    -1.35618
     4.56688
    -2.24785
     10.6537
    -1.32988
     5.39678
     3.15166
     7.80539
      6.2263
     2.62371
    -3.04286
    -1.56696
   -0.249325
     8.37824
     2.72897
     1.06739
    0.748948
     2.99388
     3.44123
   -0.208417
    0.649137
    0.303442
    -4.28149
     1.66481
    -2.21677
    -1.87246
    0.805995
    -1.12859
    -2.16333
    0.610863
     3.94206
    0.879606
    -4.74756
     -3.9551
     8.10794
     4.40496
     0.30763
     8.44073
    -3.52421
    -3.69084
     -3.5964
    -3.31981
     1.95597
     3.69009
   -0.852049
    0.351509
   -0.406674
    -2.29255
     3.25301
     4.25497
   -0.561062
    -0.36484
    -2.51759
    -1.94252
   -0.385912
      3.1846
    -3.47815
     2.77897
     10.5361
     11.7112
     2.29672
   -0.378183
     1.55453
     6.40635
    -3.60034
    0.468911
    0.158619
    -4.44701
    -1.79303
     2.96841
    -2.65982
    -3.73432
   -0.845578
    0.158484
    -1.10834
    0.759374
    -4.30493
     1.72281
    -2.84896
     2.97552
     3.24438
    0.720907
    0.374227
    0.476405
  -0.0900226
    -2.05011
     1.23032
   -0.283737
    -4.25162
    -3.45819
    -3.43975
    -1.01541
    -1.67849
    0.948229
    0.440943
     -1.3446
     6.79612
     4.29742
    0.460254
    -1.07971
    -2.52439
   -0.465874
    -2.67487
     1.57287
    -1.31925
      2.9124
     2.21539
   -0.959773
    0.406598
      1.2842
     1.28982
     3.94422
    -0.96832
    0.657509
    0.522782
     3.09358
    -3.04546
    -2.47619
    -3.42593
    -3.58661
    -3.49721
    -2.96245
    -1.05597
   -0.998524
    0.783202
    0.363127
   -0.587543
   -0.384595
    -2.42622
   -0.946077
     2.30626
     7.68448
     2.77243
    -1.94365
    -1.28057
   -0.620519
    0.579726
    -0.51691
    -1.74351
     2.69039
     1.60284
    -1.47519
     -1.0397
    0.351042
    -3.35303
     4.02707
     7.49418
       2.825
     1.93206
     3.18809
    -1.02959
    -1.56635
    -1.57386
     0.83682
    -1.95151
     11.3821
    -3.23425
     4.90137
     5.28124
    -3.44223
      1.2296
    0.603471
      3.2629
    -1.10198
     1.04841
    -2.24472
    -3.92806
     2.08438
    -2.55365
    -2.51691
     -3.4452
    -1.66892
     3.28309
    0.269218
     1.75188
    -2.36833
    -1.77856
     3.98403
    -3.40076
    0.454432
    -1.39552
     3.10995
     3.39985
     2.76283
    -0.47202
    -2.11145
    -2.45258
    -1.12263
    -1.93381
     1.13884
    0.971998
    0.737636
    -1.39705
    -1.46438
     3.14189
     1.76274
     10.1368
     4.42008
     1.25916
     3.71042
   -0.871646
    0.745259
     0.49797
   -0.253413
   -0.935187
     3.21584
     -1.4784
  -0.0305064
     1.19256
     1.36314
    -1.49605
    -1.38472
     10.7555
     4.08875
    0.366554
    -1.35364
    -2.18726
    -3.31895
     1.44022
    -1.46583
     3.27661
     3.26935
    -1.77207
     4.36506
    -2.98527
    -1.73054
    -3.10174
     1.01809
    -1.32349
   -0.526655
     1.53928
   -0.410596
   -0.632019
     2.04253
   -0.814948
     10.1617
    -1.38962
    -2.51059
     2.53033
    0.904959
    -2.94656
     2.14666
     2.93258
     3.45459
     3.47651
     1.39635
    -1.65745
     1.98389
  0.00799084
     3.46307
   -0.954553
     1.05021
    -1.51046
     3.99847
    0.336533
     2.63658
     -1.8848
    -2.68733
     1.48268
    -1.05963
     1.29442
     3.71231
    0.658812
   -0.339568
    0.302054
     1.70121
     4.44169
      1.1436
    0.300126
     4.23024
    -3.28891
    -2.67199
     3.41519
     1.41789
    0.401568
   -0.779965
    -1.43592
    -1.39772
     3.39671
     2.16142
   -0.574985
-0.000516778
     2.39542
   -0.339168
    -2.36606
     2.69503
    -2.76762
     3.59193
      3.6143
     2.35414
   -0.916414
    -1.74174
     -1.1674
     6.70644
     8.85938
    -2.64221
     1.16375
     1.24931
    0.943869
    -0.14407
    0.556898
     1.67467
     2.34609
     3.44957
     1.10049
    -1.47649
    -1.35607
    0.595073
  -0.0295729
   -0.484715
    -1.51964
      3.9141
     4.29262
       4.261
     3.86792
    0.324692
  -0.0220738
    0.191096
     1.24581
     7.40716
     3.29009
    0.258726
    -1.38095
     2.32163
     2.99657
    -2.43548
    -2.41701
      1.2509
     1.07564
   0.0993839
    0.719021
      2.4997
    -1.40612
     5.43422
     3.88746
    0.303723
    -1.06263
     -2.7737
     1.36225
    -1.35133
    0.612927
     5.28302
     5.13879
     3.10342
    -1.77447
     6.10284
     2.82219
     1.94296
     3.21247
    -1.64997
    -1.48755
   -0.910054
     4.20036
    0.583755
    -1.15074
    -1.37757
    0.331192
     3.99762
   -0.904287
    -2.33502
     2.03918
     1.67563
     2.25337
     2.37064
   -0.503555
    -1.31074
     1.92414
      5.0084
     9.32232
     1.09912
   -0.872998
    0.798379
     3.02144
    -1.63169
    -2.39422
    -2.25947
     1.36008
      1.0237
   -0.867723
     -0.1695
     2.31966
     5.49549
     5.83546
     2.52656
    0.337325
     1.07162
    -1.17116
     7.24437
    -1.08057
    0.348385
    0.739042
   -0.244423
    -1.89343
    0.602735
    -1.35588
     4.70268
     6.84728
     7.48994
     8.22384
    0.729899
     3.56164
     2.25153
     5.63955
      5.2158
    -0.26144
    -1.64958
     5.42628
     1.07498
     2.50382
     2.66828
   -0.323011
     1.52971
     1.35168
     1.03657
    -1.56297
      -1.734
     6.96981
    -1.35485
     7.02993
     4.51134
    0.363851
     1.52616
    -2.26246
      2.9883
     1.13411
     3.67057
     2.62177
     1.68417
     1.61651
     4.37876
     1.01621
     5.47542
     4.07081
     6.40488
     1.21796
   -0.249898
    0.565634
   -0.859929
    0.733725
   -0.261854
    0.500841
     4.49343
     9.55007
     7.73779
     4.53131
     4.27918
     1.32446
     3.02404
     0.66089
    -0.37747
     1.32756
    -1.39491
    -1.67973
    0.961788
    -1.89798
     10.0711
     3.12581
     2.39955
    0.914675
    0.266515
    -1.06114
    -1.81259
    0.882684
      2.5279
     9.59083
     4.79566
     2.62366
      5.4829
     3.60748
     5.32287
     3.51824
     1.65309
     1.06958
     9.73329
     8.87003
     7.12852
     2.87046
     2.03756
     4.15896
     5.35898
     4.45282
   -0.515516
  -0.0126641
     2.28757
     5.64446
      3.6069
     3.52455
   -0.180915
     1.21363
    -1.46434
     4.69053
     7.67658
     6.13885
     5.88648
      5.4309
    0.408493
   -0.158946
    0.153176
    -1.64063
     2.31243
    0.931531
   -0.988475
     8.50154
      3.5645
     3.76192
     6.18542
     6.55167
   -0.135801
     1.69698
      1.4459
    -1.01769
     1.70409
    0.940921
    0.194872
    -1.85481
   -0.390492
     6.94706
     4.65513
     2.96573
     6.18873
     5.27558
     6.70519
     2.53844
    0.531906
    0.715717
     -1.3405
    -1.19411
    0.938974
    -1.05131
     7.28316
     7.60988
     8.80021
     3.64234
     6.85993
     3.38948
     2.83748
     1.48455
     2.07754
    0.932237
     3.22725
     5.30312
     0.97347
    0.176648
   0.0266445
    0.719359
     4.45583
  -0.0494528
     1.09367
    -1.14698
   -0.843872
     1.03872
    -1.29387
     2.03331
      3.1341
     4.84424
     3.77412
     8.54765
     1.40904
   -0.294835
     1.20229
    -1.66223
     1.87238
     3.86032
     6.32718
     7.85893
     7.76862
     3.57094
     5.55376
     1.78236
    0.288746
   -0.580115
    -0.56733
   -0.975841
      1.2582
    -1.37432
     8.05791
     5.45141
     7.76157
     3.72593
     5.00907
     1.61475
  -0.0762815
  -0.0562146
     5.86068
    0.660346
   0.0500771
   -0.637048
     1.25627
     5.70147
     6.34607
     5.20258
     3.70077
     3.36861
      1.5235
     1.87323
    0.995467
    0.526526
    -0.83119
   -0.641857
    0.403702
     4.18313
     2.18135
      1.0957
   -0.986833
    -1.53059
    -1.39272
     1.45588
     2.71906
     5.02658
     5.41548
     3.25136
     5.22816
     6.48962
     4.16197
     3.30863
  -0.0270036
     8.62536
    0.255456
     1.26673
    0.849307
     4.00754
     4.28189
     5.44184
     3.00696
     5.49526
     3.37507
     3.13564
     3.28552
     3.71251
     2.25939
     1.12997
     2.59263
     5.38156
     3.20804
    -0.15191
     1.83254
     1.53112
    0.296818
  -0.0471762
    0.510819
    0.213893
      1.4219
     1.57062
     1.55735
    -1.25265
     5.86235
      3.7349
    0.775769
     5.88104
    0.216482
     0.15195
    0.666683
    0.512266
     4.39032
     2.17152
  -0.0197475
     5.42043
     3.95348
    0.920898
    0.358276
    0.894489
     -1.0735
     0.96398
      4.1172
     2.99652
     2.98356
     3.73158
      2.3729
    0.522174
     1.64233
  -0.0572342
     3.41903
     2.94599
    0.368341
    0.891583
     1.14614
   -0.757852
   -0.844187
    -1.03092
     3.99074
     5.49326
     4.30511
     1.57962
     2.18944
    -0.24554
  -0.0235135
    0.810628
   0.0370171
      1.7995
     1.57928
   -0.394254
    0.584537
     2.61166
     5.06026
     2.20477
     2.33431
     3.15393
     1.68587
      1.3486
      2.5923
     3.46783
     3.59356
     1.38833
   -0.195723
     2.12246
     1.92289
     0.45486
     2.72311
     2.04791
      2.7743
     2.29793
     2.01946
    0.154394
     2.68871
    0.827496
    0.902893
    0.270309
   -0.160049
   -0.806989
     0.42683
       4.306
    0.992189
     2.11526
     1.31242
    0.809104
     1.63857
   -0.252879
     3.94569
     3.28938
      1.2317
     1.67361
     1.47137
    -0.28853
     1.14955
    0.938182
     1.77138
    0.855167
      1.5806
 -0.00595007
     1.94089
    0.980402
    0.953954
    0.475318
     0.11515
     2.67537
   -0.443823
     3.23663
     2.16905
  -0.0114742
   -0.939115
  -0.0301786
     1.75787
   -0.606465
     0.14543
    0.353715
     3.99299
     1.68522
   -0.837069
     1.25809
   -0.540945
     0.88524
     1.16811
     1.01194
    0.231769
     1.64606
     1.31375
    0.702661
     2.03974
     2.27659
  -0.0276065
     1.17559
    0.943838
     0.92168
    0.940295
    0.500853
     1.60144
     1.34566
   -0.394202
   -0.167092
      2.6713
     3.02602
     2.58664
   -0.430686
   -0.462365
   -0.744779
     1.40757
     1.84595
     1.49471
     1.47736
   -0.171162
     1.88426
   -0.241481
  -0.0676641
     1.15751
   -0.143349
     1.39526
     2.14876
     1.65636
     1.76813
   -0.872401
     0.89194
    0.901785
    0.733421
     0.25864
     0.13679
   -0.440981
  -0.0210374
     2.31051
    0.268339
   -0.467671
  -0.0995803
    0.726625
    0.128747
   -0.290826
     3.21837
    -1.22284
    0.706712
     1.21588
   -0.359463
    0.916636
   -0.777709
     1.32844
   -0.487925
    0.916368
     0.52986
     2.34243
     2.38119
     1.30187
    0.862451
    0.561348
    0.773505
    0.175745
    0.738198
  -0.0156779
   -0.232525
     2.23734
   -0.565697
   -0.487664
   0.0702913
     1.45755
   -0.346284
    -0.57327
    -1.18727
   -0.768518
    0.266858
    0.422545
    0.716397
   -0.466101
    0.756119
   -0.381177
   -0.713211
     2.69875
     2.20648
     1.59114
    0.157022
   -0.710664
   -0.689895
   -0.266741
 -0.00794137
   0.0895765
   -0.121708
     2.54926
   -0.119774
    0.316956
   -0.390022
    0.854575
     1.36461
    0.438364
     2.10459
    0.514629
    -0.91503
    0.323922
    0.106629
   -0.469802
    -0.26661
     2.48214
   -0.844991
    0.811774
     1.20299
    0.663307
   -0.753741
   -0.128271
    0.813694
    0.545071
   -0.651026
   -0.739799
     2.81537
   -0.731035
    0.644326
     2.56391
    0.508215
   -0.966301
    0.821383
   -0.441353
    -1.11465
    0.124323
   -0.162362
   -0.230154
  -0.0267883
    0.646384
    0.555258
   -0.195553
     1.73097
    0.683681
  -0.0395291
    0.155435
      1.0878
   -0.681004
     2.37613
   -0.721723
    0.496334
   -0.503507
  -0.0534598
   -0.357917
    0.461141
     1.49356
   -0.806872
     2.03503
   -0.849877
   -0.284684
    0.833406
   -0.483068
    -1.23695
   -0.609816
   -0.344427
   0.0228566
    0.309893
      2.2692
    -1.15357
     1.78646
   -0.474002
   -0.883582
   -0.358386
    0.167859
    0.624792
   0.0170987
     1.84561
   -0.743814
    0.280188
   -0.765631
    -1.07788
   0.0383989
   -0.611162
   -0.252818
     1.04884
      2.5727
     2.47976
     1.20775
  -0.0118711
   -0.580459
    0.468052
      1.1712
   -0.416274
   -0.695848
   -0.270597
    0.225347
    0.539812
     1.52824
    -1.06688
   -0.692069
   -0.111332
   -0.500151
   -0.381041
    0.991739
    0.832267
   -0.547986
    -1.38812
   -0.608286
    0.947553
   -0.539634
   0.0643641
   -0.490511
    0.451978
    0.300875
    0.107153
    0.996457
    -1.10429
    0.861666
     1.32189
   -0.322712
   -0.514038
   -0.472471
    0.354913
    0.493288
   0.0697771
    -1.59632
    -1.22816
    0.330289
      1.7611
     0.38909
   -0.611502
    0.045557
    0.361473
   0.0808125
    0.471334
     2.44251
     1.80594
   -0.554567
   -0.412091
   -0.470411
   -0.354582
    -0.23508
  -0.0998198
   -0.660799
    0.769434
     1.53331
     1.60402
    0.593782
   -0.529739
   -0.166425
   -0.344774
   -0.588617
   -0.663657
  -0.0126832
    0.448566
     3.10808
     -1.8458
   -0.425156
   -0.489274
   -0.357287
   0.0990037
   -0.131527
    0.385629
    -1.90236
      2.2285
   0.0619536
    -0.55013
   -0.517295
   -0.654247
  -0.0313828
    0.413007
   -0.811375
    -0.46176
     2.48959
   -0.315691
   -0.474294
     1.70879
    -1.58825
      2.3604
   -0.418156
   -0.347636
   0.0587301
   -0.237047
    -1.32871
     1.77618
     1.76839
   -0.367921
     -0.4917
  -0.0231093
  -0.0893382
   -0.573571
   -0.291376
    0.411988
   -0.402945
     2.18061
   -0.261317
   -0.628108
    0.336841
    0.404623
    0.707701
     3.03438
   -0.217907
   -0.458011
    0.684116
      1.1341
     2.18435
   -0.877242
   -0.348686
    0.310866
   -0.355763
    -1.71907
     1.07544
   -0.626006
   -0.336215
   0.0393592
   -0.076431
   -0.549438
   -0.222001
     2.23882
     1.05688
    0.630933
     1.99611
   -0.860471
   -0.250806
   -0.144214
    0.169225
     4.02333
   -0.113481
    -2.21497
   -0.266726
 -0.00709978
   -0.385086
   -0.490387
    -2.19022
   -0.721469
   -0.263542
   -0.172211
  -0.0483033
   -0.253728
   -0.478798
   0.0092648
     2.50528
     2.44006
    -0.43999
   -0.217256
   -0.133251
   -0.127674
   -0.384179
   0.0319821
    0.725144
   -0.632565
     2.62526
     1.10385
   -0.168343
   0.0123856
     -0.5149
   -0.577273
   -0.411147
     3.88586
      4.7518
     3.00547
     -1.8853
   -0.175583
    -1.11494
   -0.017481
   -0.190533
   0.0254463
   0.0534498
    0.783278
     1.45511
     1.58886
     1.01399
    -0.86743
   -0.112975
   -0.512055
     0.12374
     3.98264
   -0.771231
    -1.44915
    -1.99763
     2.89747
     1.02643
    -1.21366
  -0.0655235
   -0.202885
   -0.328301
   -0.308757
     2.93704
    -2.32147
     3.48327
     1.73329
     1.92654
   0.0820213
  -0.0813265
   0.0123826
   -0.472088
   -0.505769
    0.844206
   -0.132795
     2.37185
      2.0392
     0.16067
     0.10288
   -0.546366
     2.96474
   -0.286022
   0.0569943
 -0.00417916
   -0.302798
   -0.573118
   -0.622297
    -1.73671
     3.23897
     1.83601
    0.191669
   -0.027304
   -0.040238
   0.0539556
   -0.226516
   -0.396208
  -0.0412853
    -1.45815
     2.00676
     1.82302
     1.07836
    -1.55651
  -0.0664738
     0.07068
   0.0537919
   0.0939797
   -0.426668
    0.794767
   -0.381752
     1.49865
    -1.94526
     2.00572
     2.02441
   -0.838441
   -0.169309
   0.0233892
   -0.195553
   -0.355701
     3.42547
     4.25192
     3.22539
     2.79344
   -0.748805
    0.170552
    0.274152
    0.208988
   0.0890672
    0.115364
     3.34194
     1.62887
    -1.27773
    -1.53128
   -0.116858
  -0.0100463
   -0.348283
    0.801359
    0.488894
    -1.46868
     -1.4399
  -0.0395845
     2.49531
     1.96678
    0.113938
   -0.214625
    -1.18381
    -1.04212
   -0.629465
    -0.33384
   -0.103627
   -0.327924
 -0.00310321
     3.48349
     2.64135
    -1.58578
   -0.984506
    0.158765
    0.125465
    0.178809
    0.178536
   -0.173157
    0.901209
   -0.661474
 -0.00401649
    0.240132
     1.26659
     4.47988
     3.38875
     1.87852
    -1.04621
    -1.34252
      0.2278
    0.256785
    0.190153
    0.188681
   -0.200327
 -0.00635628
    0.515918
       2.617
     3.82721
     1.44383
    -0.90539
     1.14278
     3.18208
     3.27071
   -0.238003
    -0.18138
   -0.886305
    -1.08891
   -0.377415
    -1.37794
    -1.48116
    -1.47224
    -1.44509
   -0.467999
   0.0101806
   0.0882205
     3.13074
     2.99999
      2.6246
   -0.730133
    0.243694
   -0.140658
     1.51028
     3.67002
    -1.13003
    -1.14717
    -1.58593
     -1.0575
   -0.893868
  -0.0180646
    0.253508
   -0.048607
   -0.156345
   -0.143536
    0.112062
     3.04412
     3.47922
    -1.16895
     1.06071
    0.183578
     2.91226
     1.76116
      1.1129
   -0.954196
    -1.12569
     1.59059
     3.12794
      1.4287
    0.157235
  -0.0329557
    0.389325
     2.42503
     3.33067
  -0.0574541
    -1.05133
    -1.31612
    -1.43541
    -1.20335
   -0.497476
   -0.454414
   -0.123176
    0.223356
  -0.0818537
  -0.0519429
     3.17721
    -1.20878
     2.20418
    0.291593
    -1.61432
    -1.42276
   -0.130399
   0.0357647
    0.153575
-0.000785019
   -0.546211
     3.26806
   0.0308538
    0.277081
    0.182391
     0.05088
    0.897813
    -1.49144
    -1.59507
   -0.988749
    -0.33062
     1.67482
    -1.58625
  -0.0651711
   0.0298864
    0.718017
    -1.72312
    0.999599
   -0.721484
    -1.13259
   -0.808071
    0.227478
    0.579679
     2.87426
     2.31444
    -1.06251
     2.65443
   -0.721782
    -1.32443
    -1.45653
   -0.646886
   -0.405513
   -0.331499
  -0.0349907
  0.00158476
      3.4147
    -1.62755
    -1.37692
     -1.1688
   -0.178803
   -0.124422
     0.20967
    -1.77332
    -1.03452
   -0.909518
    0.126041
     0.23933
   -0.112752
    0.240945
     2.82342
    -1.33645
   -0.726738
   -0.405968
   -0.307444
    0.121148
     1.01014
     1.22634
    -1.41864
    -1.68105
     2.69262
     1.59516
    0.483129
    0.167138
    0.350216
    0.153177
     3.44187
    -1.07721
  -0.0912595
     0.32676
    0.591506
   -0.323523
    -1.19212
   -0.630924
   -0.383717
    0.265581
    0.456397
    -1.43309
     1.43232
     1.77517
   -0.938554
      -0.189
    0.288572
     2.34081
    0.514974
     1.77134
     2.25224
    0.802851
   -0.790179
   -0.384637
     0.48678
    0.395564
     3.08638
    -1.21587
     1.91482
  -0.0279625
    -1.37373
    -1.07101
    0.119546
    0.500977
     2.13501
   -0.326595
    -1.27892
   -0.743571
   -0.614567
   -0.359378
   -0.333629
    0.772418
    0.609898
     1.34506
     1.22662
   -0.876643
    -1.10516
   -0.209502
    0.385748
    0.737318
     1.66451
     1.57414
    -1.29548
   -0.163018
    0.132145
    0.085743
    0.189589
      1.2408
     1.90306
    0.357701
   -0.303269
    -1.26249
   -0.353071
   0.0778454
   -0.913393
    0.203939
     1.22676
    -1.13216
    -1.24359
   -0.983279
   -0.560088
     1.55388
     1.23531
    0.601097
   -0.940031
    0.706297
    0.987366
     1.41815
  -0.0235822
    -1.11904
   -0.967699
   -0.587601
   -0.407087
     1.11384
   -0.766742
   -0.390917
    0.735745
     1.19969
   -0.682242
   -0.896081
   -0.139062
     1.40202
    0.734346
    0.201326
   -0.432601
   -0.943742
    0.681132
   -0.454768
    0.403384
    -0.31687
     1.33728
     0.48798
    0.320404
    0.153259
    0.296519
    0.243281
     1.93855
     1.46104
     1.25922
   0.0625573
    0.956516
     2.00007
    0.567332
   0.0533385
     1.82722
     1.40663
     1.83081
    0.804149
     1.18749
    0.561767
    -1.79753
    -1.63208
   -0.809807
    -1.40363
     1.74415
    -1.10979
    0.479519
    0.438873
     4.75173
    0.126094
     1.14563
      3.4758
  0.00672466
   0.0668422
  -0.0171305
    -1.50597
     0.18116
    -0.16417
    -1.90396
    -1.87434
     2.71599
-0.000287449
   0.0922078
     4.19575
   0.0370563
    -0.81598
    0.109544
     0.47568
    0.946378
    0.332691
     2.48901
    -1.35119
   -0.191385
    0.191388
    0.386946
    0.536386
    0.342804
     0.40608
    -1.42118
     1.81137
   0.0890689
    0.324214
    0.578779
    0.586099
     10.6011
    0.415971
    0.454141
    0.212273
    -2.07763
    0.395057
    0.251941
    0.407507
    0.423654
    0.180939
    0.170152
    -1.44143
     1.19565
    0.269522
  -0.0239469
   -0.390097
     2.60209
  0.00455429
   -0.263953
     -2.7284
     2.63861
     1.73285
    0.085955
   -0.540576
   -0.425809
     1.14118
   -0.504449
   -0.462046
   -0.626707
    0.659281
   -0.707829
   -0.268583
    0.288453
     12.7307
     1.09757
    0.644977
     1.23276
    -1.04798
     1.25999
     9.93126
     1.36692
     1.32768
   -0.998771
     7.13955
  -0.0245956
   0.0388865
   -0.352127
     2.32434
    -1.25019
    0.482042
    0.165548
      2.3237
     5.39227
     2.45894
     4.13858
     5.28231
     6.92963
       1.496
     8.11947
     6.05197
     3.66394
     3.60409
     7.16632
     1.07467
     2.42674
    0.766663
     6.14356
     5.66805
    0.678936
     4.43115
    0.426921
     5.79371
     4.26521
     3.04819
     -1.4396
    0.518302
    -1.30889
   -0.294664
     5.87805
     3.71121
   -0.434185
     9.32657
     5.20062
      7.0054
     2.80233
     -2.0235
     4.90947
     4.68672
    -1.19383
    -2.59637
    -2.94545
     3.27258
    -4.46245
     1.60985
     2.07544
     1.40418
    -2.18246
    -1.81719
   -0.754382
   -0.204033
     2.17899
     12.5036
      7.5986
    -5.53038
     6.63373
    0.155521
    -7.65241
    0.824569
     -6.3958
   -0.169993
     6.42233
     3.71627
     4.86203
     4.35002
     5.36315
     5.17293
   -0.247897
   -0.250728
     1.47173
    -2.11944
      9.1689
     2.62244
    -1.45182
     1.05753
       3.964
    0.898625
    0.223079
   -0.853765
     1.57895
     7.50974
     7.93155
  -0.0350708
    -11.0111
    -3.33827
     5.10302
     6.35909
     1.77785
     1.27294
   -0.762046
     4.04554
     8.40839
     3.79143
    0.103882
    0.303856
     1.36025
      -6.492
      6.7947
     4.58819
     2.39835
     3.78045
     5.25734
    -3.62868
     10.9233
     2.88142
     3.84164
     5.82556
    -3.90736
     7.12967
    -4.75535
     3.07938
    -2.39154
    -9.48997
     2.59691
    -0.17774
    -3.79363
    -2.74677
     2.37416
    -1.36106
     6.32075
    0.865889
     1.17526
     3.53681
     -3.4035
     -1.5097
    -3.44969
   -0.846458
     1.61958
    -3.15634
     1.53301
    0.407016
   -0.121962
    0.441987
    -1.25044
     6.06662
     10.4961
     -1.4446
   -0.218274
     2.06972
     -1.9723
    -3.27097
     3.63821
    -1.25181
    -2.04939
    -1.01084
     0.40873
      1.3339
    0.751482
     4.45802
     5.22215
    -2.51821
    -2.35493
     2.88166
    -2.66948
    0.927475
  -0.0543111
   -0.720569
     4.58259
     4.65882
    -1.28034
   -0.635018
    -1.72986
    -1.98628
     4.26053
     2.20646
     5.08037
      6.9178
     4.12036
    0.741187
    -1.67449
   -0.256772
     2.64628
     8.05314
     0.07531
     5.53415
    -1.71736
    -1.72982
     7.62866
      1.8042
     1.75431
     5.84368
     0.63524
      3.8104
     1.45313
     1.70056
   -0.594992
     1.04901
    0.535274
  -0.0882148
      1.5262
    -1.05663
    0.498353
     1.16178
   -0.238348
    0.795186
      0.6269
    0.465467
     1.53325
   -0.643721
    0.304602
   -0.703068
   -0.557456
   -0.862613
    0.435295
    -1.37285
   -0.509838
   -0.653408
    0.657436
   -0.738642
   -0.296999
     1.23554
    0.873801
     1.35998
    0.191332
   -0.562802
   -0.330296
     1.43064
    0.314195
    -1.56732
   -0.609742
   -0.729175
     1.24564
   -0.124343
   -0.118191
   -0.321058
   0.0295176
    -1.34784
   0.0689656
  -0.0890813
  -0.0116273
     3.21677
   0.0567184
    0.226153
    0.166814
    -0.98005
    0.195672
    0.197376
    0.949107
   -0.200474
     2.10635
     -1.1382
  -0.0456738
    0.130084
   -0.507635
   -0.188171
     -1.3245
       1.095
   -0.221686
     3.15387
    -1.34915
    0.521377
    0.485236
   -0.951259
     0.69548
   -0.756893
    0.389733
     1.20986
    -0.85383
    -0.58314
   0.0914731
    0.794128
   -0.569504
    0.869787
    0.959394
     1.38781
    0.386598
   -0.561384
   -0.287584
     0.61961
     2.40065
      1.9602
    0.457846
    0.445515
     1.20222
    0.997405
   -0.793406
     5.06202
    -2.38641
     4.47571
    -1.29748
     4.71579
     3.24035
      4.9101
   -0.598197
   -0.797641
   -0.113385
   -0.661355
    0.496817
    0.508535
    -1.40596
     2.03454
    0.886793
      2.5923
     1.21806
   -0.396575
      4.5784
    -1.40898
     5.13052
     3.81083
    -1.20801
      2.0768
      4.1211
    -1.16854
    -1.03307
     6.43254
     5.18751
   -0.864629
     5.08227
      2.7785
    0.977009
     3.80965
     2.15291
    0.479079
    0.589502
   -0.676625
    0.998005
    -1.41043
      4.1222
     -1.8284
     5.11548
      3.9387
    -4.56164
    -1.62136
     2.27995
     1.44336
      1.0749
    0.454688
   -0.589269
     2.02745
     -2.1619
   -0.573878
     1.85596
    -1.77849
     4.60268
    0.660026
     4.26175
    -4.77119
     2.31923
     5.17377
    0.197685
     3.71812
    0.232455
    -4.63278
     4.34217
     3.63765
     1.14087
    -2.81851
    0.793829
   -0.985443
   -0.498031
      1.2407
     3.35512
    -0.62193
     9.43024
     7.81027
   -0.802053
    -2.19282
    -5.32065
    -3.65446
  -0.0390553
     8.07991
    -5.06949
    -2.30038
    -3.20503
    0.988328
  -0.0330733
   -0.206026
     3.39114
   -0.136457
     1.49609
    -2.58046
     -2.7803
    0.667375
      1.1658
    0.198562
   -0.755005
   0.0945108
      1.4913
     1.24931
   -0.323464
     5.92495
     5.93278
     3.79456
    0.522073
     1.20682
     5.09344
    0.876778
   -0.628956
   -0.257975
      3.9166
    0.978996
   -0.932394
   -0.899155
     3.11404
     1.24258
      1.6739
     1.56068
    0.246001
  -0.0392444
     1.90235
     0.71893
    0.809808
     0.24713
   -0.473416
   -0.500428
    0.508341
   -0.565554
    0.603122
     1.13404
   -0.596699
   0.0910127
    0.502279
     1.31502
     2.68616
    -1.51333
   -0.713601
    -1.77154
   -0.181576
      2.6295
   -0.276799
     2.95764
   -0.408071
    0.231082
     2.87306
     1.01255
   -0.314331
      0.1005
     2.04514
   -0.498591
    0.448844
    -0.42226
   -0.120388
     1.36947
   -0.319743
    -2.42984
     2.47104
     4.75285
   -0.870895
    -1.91227
     3.79736
    -3.17846
   -0.885925
    0.915945
     2.13195
     3.45551
     5.33668
    0.570092
    0.762017
      0.5447
   -0.937597
     4.98778
    -2.28435
   -0.380876
    -2.69774
     4.32031
    -1.99218
      3.4943
     1.98216
   -0.623589
    0.181603
   -0.452029
    -1.54439
    0.517404
    0.021818
   -0.333512
    0.434311
   -0.289908
     4.00901
     1.78596
   -0.362203
    -1.07432
    -1.70206
    -2.41346
     6.36723
    -2.88509
    -2.00787
     3.07923
    0.011213
   -0.652437
   -0.627074
    -4.72472
     11.0426
     1.23706
     2.04719
     3.13137
   -0.721117
   -0.805048
    0.560411
    -0.67642
     4.63475
    -3.64356
    -1.41517
    -3.90946
     -2.8745
      3.1643
    -1.34698
     4.31355
     2.35002
     1.86401
    -2.47064
      1.2422
     6.10556
     3.67516
    0.281608
     2.53147
 -0.00934084
     1.07388
     1.39105
     1.84712
    0.344654
    0.911888
     0.13096
      1.1191
   -0.768218
     1.26828
     1.01122
  -0.0901314
     0.47251
     2.05956
    0.141229
     1.08705
   -0.076785
   -0.866993
     3.56854
   -0.478974
  0.00824885
    0.709293
   -0.051107
   -0.108478
   -0.666572
     1.75596
   -0.107924
   -0.394674
    -1.35678
    -1.10537
   -0.216329
   -0.512938
   -0.337593
    -1.27183
  -0.0956769
    -2.19896
     1.90866
    -4.49669
    -6.60212
      1.5345
     11.5301
    -1.19467
     1.00636
     2.87847
    0.399605
     2.75753
     2.75898
     2.04384
    -1.02869
  -0.0858822
    0.805518
     -2.0545
      -11.49
     4.27912
   -0.382714
    0.128995
     1.89944
     1.25459
   -0.403594
     6.68961
     5.05662
     1.38026
    -0.47361
   -0.184065
   -0.172895
    -0.13429
   0.0999731
   -0.322594
  -0.0499445
   0.0453631
   0.0556503
    0.115242
   0.0595559
    0.453604
   -0.142496
    -2.76687
    -1.96187
    0.665822
    0.958799
    0.833691
    0.357286
    -1.62167
     3.97619
     4.80076
     4.49101
    -1.24129
     3.26912
    0.281163
     7.92389
     3.90796
     3.60042
     2.59726
    0.989034
     2.16708
      2.3939
      2.0917
     2.03395
     1.94419
   -0.783845
   -0.291608
     2.52692
      1.1114
    0.748541
     3.95564
     2.26618
     3.18379
     4.14068
     3.46206
     2.87149
     3.40453
     3.98759
     2.11641
     1.30557
     1.68735
     0.87391
   -0.393383
    0.668685
     1.61349
     1.65296
     1.39379
      3.4035
     1.83223
    0.948019
    0.807254
   -0.871963
    -1.17784
   0.0313389
  -0.0829078
   -0.526133
  -0.0917323
   -0.444589
    0.554602
   -0.264034
   -0.348045
   -0.248187
   -0.057892
   0.0423007
    0.252868
   -0.106852
     0.22047
    0.912584
    0.796861
    0.741958
      0.5164
   -0.330261
   -0.500317
     2.03913
   0.0306098
   -0.290416
   -0.128697
   -0.604382
 -0.00106731
     1.93126
     1.81057
    -0.61658
   -0.114804
   -0.916088
   -0.171662
   -0.632925
    0.359073
    -1.43511
    -1.26072
     2.46521
     3.30837
     1.35378
     4.58172
     3.83398
    0.305145
     1.82444
     2.33061
     3.55136
     3.85907
    0.829594
     1.79784
     3.81955
     5.22101
     8.92646
     9.64561
     13.5919
     14.0207
     10.9717
   -0.642221
     0.59086
    0.299994
     1.33246
     4.25157
     4.47362
     2.54402
     7.00238
     1.96069
     8.38492
     2.47372
     2.56296
     4.92795
   -0.360584
     1.47615
    -1.86905
     2.99619
     1.62402
   -0.813445
    0.155376
     0.81849
   -0.338577
    0.734349
     0.74573
   -0.845165
    -1.13668
     2.02869
      1.9217
    0.635093
    0.471821
     1.95064
    0.247699
     1.12815
     5.31898
    -3.50633
       3.245
     2.64093
     3.39403
     6.77251
     3.91796
    -4.01234
   -0.366821
     6.10307
   -0.699959
    -4.10527
     4.63898
   -0.988306
     4.49709
     1.38732
    0.708506
     2.27761
    -3.81676
    -1.28024
   -0.362675
   -0.786346
   -0.936077
   -0.614405
     6.42587
    -3.39847
    -3.41623
   -0.816259
    -3.18585
      10.803
  -0.0331523
     1.08793
     10.3168
     1.39582
     1.86931
     2.89758
     3.73991
    -1.83762
     1.24014
    0.537292
     3.24606
      1.2523
     1.47509
     1.22825
     1.40342
   0.0223859
  -0.0411196
    0.901183
   -0.925487
   0.0221485
   -0.390962
   -0.594189
   -0.457714
   -0.322158
   -0.561222
    0.094206
     1.41683
   -0.741552
     1.03372
      3.3907
    -1.56066
    -1.20643
    0.264066
    0.392433
     1.19348
    0.472138
   -0.313814
     3.19052
     1.44336
     2.10891
     10.1038
     2.10993
    -3.01168
   -0.214955
    -3.50602
     12.4166
      5.1323
    -1.15236
   -0.418814
    0.887799
     1.62354
    -6.82606
     10.9058
     8.11498
     8.69377
   -0.593647
     10.2429
     7.12678
     1.93466
      1.4737
    -0.10389
    -1.88986
    -2.26138
   -0.136817
    0.100588
   -0.312233
   -0.413315
   -0.495512
    -1.41029
     2.62304
     2.03922
     1.93194
     1.02245
   0.0830166
   -0.793562
   -0.263225
   -0.184293
  -0.0185219
     2.79621
    -1.17565
     0.21845
     1.71417
     4.33276
     12.6522
     1.39724
    0.504534
     7.14537
     4.14992
   -0.465091
     2.24243
      2.8629
     2.63057
     1.61408
   0.0464097
      2.1923
     8.43169
    -0.38746
     1.00341
     1.29216
    0.462602
    -1.33594
    -1.43988
      2.5535
    0.825057
     1.58243
      2.7872
   -0.150857
     3.98544
     4.33538
     5.44152
     1.43272
    -4.25895
     0.85239
     2.77608
      0.2264
     3.85795
   -0.717176
    0.519184
     1.00781
    -3.48991
     1.26759
    -1.07701
    0.477303
     2.10188
     2.21304
    -1.03591
     1.32238
     1.05583
     3.57303
   -0.445307
    0.510019
    -0.21222
    0.469083
    0.391602
  -0.0596181
   -0.713075
     1.18585
     3.11726
     1.92585
    0.120491
   -0.356634
    -1.40762
    0.336251
      1.4103
    0.877302
     3.86519
     1.08638
   -0.510044
    0.156447
     5.18182
     2.39531
    -1.64313
   -0.684203
   -0.902105
     3.45994
     -2.1766
     2.91962
   -0.515631
    -1.93915
     3.09812
     1.78406
    0.523979
     2.31493
    -1.04775
     1.40703
    -1.27862
     1.13979
   -0.846961
     3.39003
     4.60163
     1.50179
   0.0697724
    0.890854
     2.23159
     2.37972
    -2.18159
   0.0429654
    -2.07108
    0.995361
     4.36177
     0.25093
     4.02327
      7.5866
    -2.22142
     3.40681
    0.412946
     1.70417
    -1.16048
    -1.16915
    -1.24333
     6.65824
   -0.358318
    -1.59456
    -2.04857
    0.170265
    -10.8421
    -2.76565
    0.806815
     -1.4651
   -0.887884
    -1.36172
     4.07479
     1.46925
     6.98144
      2.6481
    -1.30937
     4.69507
  -0.0593119
   -0.168858
   -0.740241
     1.17441
     2.10018
    -1.41031
    -4.88856
     3.26595
   0.0674885
    0.220891
    -1.04001
     3.02109
    0.320327
  -0.0871925
     3.10308
     2.02098
   -0.439165
    0.914774
     1.39619
    0.998954
     3.17117
   -0.730682
   0.0948447
     1.76422
     4.50134
     0.84535
     0.14633
   -0.573722
     2.79783
   0.0685193
      -1.525
   -0.659729
   -0.404587
     1.35469
       -2.02
      3.2881
    -2.23541
     1.93803
   -0.446317
    0.188688
    0.242163
   -0.526124
   -0.838074
    -2.24905
    0.923833
    -2.41561
    -3.14579
    -1.53221
    -1.63972
   -0.426896
    0.969971
     3.58104
    0.649366
     2.64786
     5.80483
  -0.0619994
    -2.22259
      2.2101
     5.04503
      1.2684
     5.50907
     5.49866
    0.245573
    -3.94718
     1.30015
    -1.02868
   -0.599704
     3.69201
      1.2281
     1.22674
     1.75545
   0.0334194
   -0.105141
   -0.190556
     2.40675
   -0.784475
     1.68639
     5.57793
     1.05168
   -0.232686
   -0.193407
    -2.49021
     3.71586
     2.25901
     1.85806
     1.50184
     1.88614
    -1.76926
     1.49774
   -0.231966
    0.458667
     6.22679
    -4.28322
    -9.26638
   -0.842097
   -0.123657
    -1.09248
  -0.0749568
    0.410907
     2.60025
      7.9193
    -1.64548
      2.0353
    0.231846
     2.46723
     0.71023
    0.223303
    -1.56828
    -1.19327
     2.79747
     5.73214
    0.723258
     2.31883
     5.68079
    -3.19135
     3.06575
    -10.6223
    0.227266
   -0.762931
     2.20429
     3.64195
     1.96895
    -1.25457
    -1.45758
     1.78065
   -0.805722
  -0.0983149
    0.659991
     1.10372
   -0.681799
   -0.443034
   -0.481202
    0.488414
     2.48535
     4.16041
   0.0169615
     2.85579
   -0.493152
     0.10898
    0.246428
     4.89295
     17.0276
    -1.59977
     2.19337
      3.1567
     4.72557
     1.53609
     2.35728
    -1.36383
    -2.41827
      -1.513
    -0.29815
     1.24358
    -1.32532
    0.283325
     1.12555
     2.48258
     2.58435
     5.28568
     3.62276
   -0.676477
   0.0367481
     2.23326
     3.92129
   0.0309235
     2.39397
    -2.12423
     1.57142
    0.954511
    -8.32883
     5.86072
     4.85122
      12.377
 -0.00186439
    -2.32741
     2.04992
     10.0066
     4.08629
    -1.82476
    -2.26004
    -1.67066
    0.951757
   -0.333097
     1.65965
     1.50399
    0.343187
    0.378155
    0.222501
   -0.234128
   -0.608986
   -0.115494
     3.28629
    0.990828
     1.21941
     1.34214
     1.38905
   -0.364339
    0.869254
    -1.87254
    0.336339
    0.860172
    0.781195
     13.4683
   -0.393672
   -0.148512
     2.92032
     -2.3095
    -1.67214
    -1.70804
     1.44771
     1.44655
   -0.290514
     1.42428
     0.34724
  -0.0142638
    0.304174
   -0.539862
   -0.170477
   -0.321355
    0.466008
    0.341899
     10.9386
     4.59887
     1.98146
    0.790608
     1.30941
   -0.615095
   -0.321483
   -0.715603
   -0.248912
   -0.260964
   -0.159883
   -0.198575
 -0.00936025
   -0.156941
     4.99158
     3.43907
     1.64754
     3.24202
     2.71787
    -1.27443
   -0.481142
   -0.018762
     1.91771
    -2.83663
   0.0741137
     3.07016
    -1.21565
     7.68393
     6.62348
     7.48228
     2.74345
     1.78074
    0.515627
   -0.198586
   -0.643395
     1.17434
    0.537154
  -0.0177487
    0.349788
   0.0250991
    0.399184
      1.1877
     1.28014
     16.7687
     1.55949
  -0.0877232
      1.9563
    0.259443
   0.0232954
    0.487822
    0.604123
    0.537798
     5.12613
     2.41659
     2.31889
     1.68231
     12.9134
     -2.1721
     2.13794
     0.76104
     4.43645
     13.6309
     9.60742
     -2.9614
     1.40838
     1.08446
    0.117805
    0.504664
   -0.376909
      1.3031
     1.20216
   -0.346297
    -2.53798
     2.57615
  0.00139652
    0.863443
  -0.0136221
     0.33068
    0.236917
  -0.0590071
     8.18614
       4.331
   -0.179816
     0.83737
   -0.101018
   -0.105296
    0.762431
    0.222188
     2.39558
     2.38728
   0.0276525
   -0.224838
     1.35706
   -0.145539
    0.592661
     1.19068
    0.849467
     0.87118
     8.07608
    0.725207
   -0.339813
      16.211
   -0.511264
     2.95722
     1.11408
    -1.03863
   -0.288826
    0.923046
     7.27345
   0.0919776
    0.181245
    -1.50607
    0.441349
   -0.129049
  -0.0212135
    0.636288
    0.876939
     3.95629
    0.098109
   -0.173693
     1.96738
    0.280883
    0.691188
    -1.47234
     1.94552
    0.674068
    0.832733
     3.51196
  -0.0170769
    0.188308
     1.84882
     2.81977
     3.67262
     1.59409
      1.2832
   0.0469841
    0.639464
    0.592559
    -2.49289
     3.56943
    -2.53709
   0.0930104
    0.238008
    -2.13197
    -1.56584
     1.75699
     1.87213
  -0.0740052
     1.78147
     1.44154
     1.48881
     1.41275
     1.08617
      1.3596
     3.49129
      1.4977
     0.19071
     1.75352
   0.0880475
    -0.13364
    0.162678
      2.2052
    -0.42098
   0.0173355
     1.11266
     0.20185
   -0.157005
    0.087937
     4.96217
   0.0290895
     3.82678
  -0.0576993