   -2.76057
   -3.44799
    -2.8025
   -3.37596
   -2.81077
   -2.43772
    -2.2698
   -2.57979
   -2.16507
   -2.28015
   -2.81288
   -3.67599
    -1.6214
   -1.24825
  -0.793997
   -2.30472
   -1.96588
   -3.30791
   -2.82577
   -2.48426
   -2.10759
   -1.20167
  -0.759914
   -3.47222
   -2.02031
   -2.72076
   -2.27042
   -1.63113
   -3.46332
   -3.37528
   -2.03702
   -2.74829
   -3.09053
   -3.28191
  -0.333123
   -7.85983
   -3.94103
   -2.91728
   -4.31539
   -2.84146
   -2.42699
   -1.87324
   -3.16871
   -3.01696
   -2.03229
  -0.870168
   0.254096
   -9.44705
   -9.58175
   -1.68891
   -2.44065
   -3.07868
   -1.48415
   -2.19474
   -1.59812
   -2.71265
   -1.60852
   -1.26206
   -1.39706
   -2.44169
   -2.55156
   -1.36578
   -0.89701
  -0.738937
    -1.9058
   -2.86724
   -1.68445
  -0.704137
  -0.489557
  -0.860653
   -9.41312
   -1.03021
   -1.20634
  -0.785738
   -1.19687
   -2.13759
  -0.204064
   -1.00378
    -3.0142
   -3.02029
   -2.63997
   -2.03998
     -1.728
  -0.265126
   -1.11915
  -0.547909
   -1.47742
   -2.47826
     -3.057
   -3.10467
   -3.41084
   -2.77017
   -1.03341
  -0.980552
   -10.1384
   -6.04878
  -0.775048
   -2.02892
   -2.82552
     -2.463
   -1.86054
   -0.90444
  -0.442735
  -0.904106
  -0.491376
      -3.16
   -3.08451
   -2.08921
   -1.90719
  -0.314694
 0.00594878
   -7.62317
   -2.97752
   -1.76875
   -1.24657
   -3.19425
   -3.31652
   -3.42766
  -0.670767
   -0.45204
   -1.08345
  -0.659416
   -4.84731
   -3.40838
   -3.13876
   -1.65893
    -2.4187
   -0.34226
   -2.51374
   -2.11217
   -1.15234
  -0.307783
   -3.89946
   -13.1654
  -0.186891
   -3.08494
   -3.18244
   -3.41722
   -2.85181
   -2.37515
   -1.49822
  -0.510413
   -1.77261
   -6.65806
   -5.33577
    -0.9994
   -3.21319
   -3.41463
   -3.49036
   -3.15418
   -2.19311
   -2.14985
   -1.72731
  -0.886702
  -0.594872
  -0.509206
   -2.31969
   -3.53309
    -3.3958
   -3.51134
   -2.76958
   -2.07488
   -1.95074
   -1.50154
   -0.67391
   -0.61807
   -2.47458
   -1.50373
   -9.68058
   -4.85604
   -1.17912
   -3.23719
   -3.53528
   -2.68877
   -2.33287
   -10.6894
    -2.9013
   -2.42267
    -3.3602
   -3.46813
   -3.33966
    -1.5547
   -1.10579
   -1.04903
  -0.499309
   -1.66715
   -3.74772
   -1.45575
   -1.83156
   -2.14894
   -3.09671
   -3.60323
   -3.42696
   -2.45989
   -2.15026
   -2.02794
   -1.66609
  -0.686355
   -2.90915
   -3.62531
    -6.2068
   -11.4845
   -4.60217
     -2.839
   -2.97593
   -1.90543
   -1.70145
   -1.17807
  -0.650833
   -2.72073
   -8.00201
   -8.53639
   -2.38916
   -2.50662
   -3.65724
   -3.33959
   -1.80155
   -1.83276
   -2.13154
   -2.16412
   -2.23424
   -2.00275
   -3.56849
   -3.88154
   -4.55929
   -3.29708
   -2.94946
   -3.36421
    -3.3933
   -3.53881
   -2.09736
  -0.391202
   -3.97312
   -6.30723
   -3.58212
   -2.31729
   -3.25478
   -3.81496
   -2.96562
   -1.37195
   -1.90717
   -2.18063
   -5.66194
   -10.2869
   -5.44287
    -2.8139
   -5.12346
   -3.37972
   -3.27352
   -2.96985
   -3.18151
   -3.56583
   -3.65124
   -3.71491
  -0.523919
  -0.417979
   -2.45539
   -1.81883
   -3.18986
   -3.35056
   -2.82504
   -3.23673
   -3.16469
   -2.32303
   -3.83094
   -2.91807
   -2.36337
   -2.17933
    0.18969
   -3.56321
   -6.26755
   -3.38275
   -3.15709
    -3.2017
   -5.09155
   -1.56853
   -8.93139
   -10.3533
   -10.1094
   -3.30142
   -3.21778
   -3.79464
   -3.32045
   -2.88716
   -2.15917
   -4.75678
   -5.13611
   -4.52234
  -0.811905
   -1.63381
   -1.45356
   -1.29913
   -7.15297
   -3.73283
   -5.40856
   -7.36004
   -2.75911
   -3.35369
   -3.54601
   -2.66224
    -4.5982
   -4.60744
   -3.79537
   -2.81767
   -2.24773
  -0.509368
   -4.95085
   -4.12298
   -3.05955
   -2.12286
   -3.15854
   -2.44526
   -1.57552
   -1.75173
   -7.37313
   -3.54713
   -2.20217
   -3.29019
    -3.2595
   -2.51052
   -2.39801
   -6.26973
 -0.0320883
   -1.30368
   -7.93975
   -3.22024
   -2.79926
   -3.42861
   -6.44233
     -5.836
   -3.41468
   -2.22013
  -0.544894
    -5.2009
   -2.70811
   -1.82912
   -2.40258
   -2.52841
    -2.9943
   -5.71815
   -5.79926
   -4.96297
   -4.06522
    -3.3916
   -1.36997
   -2.59262
    -9.2113
   -6.34668
   -1.82246
     -2.528
   -3.15169
   -2.16948
   -2.11103
   -6.77305
   -5.49393
    -2.4247
   -1.01698
   -5.26303
   -1.92642
   -3.32678
    -1.9466
   -1.82395
    -3.0687
   -3.16513
   -6.90814
   -3.73533
   -3.46303
   -3.09879
   -3.01625
  0.0467361
   -8.76088
   -3.29248
   -3.98862
   -1.92792
  -0.466082
   -1.40465
   -1.52281
   -4.55611
   -7.45236
    -6.6033
    -6.1492
   -5.27377
   -4.03683
   -3.11521
   -1.17377
   -2.28889
  -0.950462
   -1.49488
   -2.31032
   -2.40046
   -4.13252
   -7.50437
   -4.65696
   -3.20798
   -3.13624
  -0.132551
   -1.01877
    -8.9295
   -2.32465
  -0.877468
   -1.54045
   -5.37084
   -3.89701
   -8.51861
  -0.456151
   -1.63749
   -6.88915
   -2.86797
   -2.90252
    -3.3087
    -9.1503
   -4.97301
    -4.0752
   -1.42302
   -1.67658
   -5.14783
   -3.45966
  -0.647649
   -1.14395
   -1.35782
   -4.48044
   -6.96882
   -2.29307
  -0.030613
   -4.53437
   -5.40635
   -3.61885
   -2.48137
   -2.93551
   -3.23647
   -2.70128
    -1.6693
   -6.17295
   -0.63263
  -0.808698
   -5.01997
   -4.06144
   -3.09222
    -2.4961
   -2.37834
   -3.55415
   -3.33539
  -0.343561
   -1.37936
   -3.37394
   -1.22073
   -1.97856
   -3.15021
   -4.02971
   -2.69541
   -2.43637
  -0.318034
  -0.715624
   -3.56289
   -5.25607
   -1.91957
   0.757461
   -2.17313
    -3.2081
   -3.88883
   -7.88546
  -0.444448
  -0.735857
   -1.70742
   -8.22164
    -1.3357
   -2.71199
   -1.91524
   -1.88613
   -9.35597
   -5.18685
   -1.90781
  -0.776503
   -1.93667
   -1.84638
   -3.41759
  -0.988873
   -7.43414
   -9.31765
   -9.10017
   -2.91572
     -5.766
  -0.103941
  -0.335663
   0.164366
   0.710373
    -1.9128
   -2.61551
  -0.803139
   -1.93236
   -2.38166
   -1.90944
   -1.41777
   -3.98774
  -0.784924
   -5.41997
   -1.43492
  -0.507663
   -1.36142
   -3.03571
   -3.63382
   -1.45507
   -3.09977
   -2.28693
   -1.84779
    -1.5103
  -0.911269
   -6.54645
    -9.1649
    3.49094
    -1.2286
   -1.59694
   -1.78911
   -1.37042
   -1.26595
   -1.73841
   -1.24535
   -8.78477
     -3.129
  -0.501929
  -0.194406
    0.34183
   -2.05016
    -2.2801
    2.06145
    -3.1108
   -3.63696
   -9.15629
    -1.5342
  -0.185057
  -0.535612
  -0.816434
   0.702422
   0.710051
   0.703126
   -1.64611
  -0.897078
   -2.22544
  -0.999963
   -1.62799
   -9.12478
   -6.81983
   -4.05044
      -2.77
    1.09375
    2.13767
  -0.948484
  -0.765333
  -0.675463
    -1.1336
   -1.28775
   -1.80532
   -6.81833
   -9.57126
   -7.55906
   -1.06101
   -2.64344
    -1.8408
    1.80113
   -3.29513
    3.25141
   -3.93403
   -3.91277
   -4.28427
   -1.27425
    -1.5832
   -1.02523
  -0.431413
   -0.79638
  -0.520269
   -7.23938
   -5.48877
   0.685646
  -0.444854
   -1.23581
   -2.21737
   -3.28792
   -1.46624
   -1.94503
  -0.583902
    1.60514
   -0.74909
    3.92832
    2.13757
  -0.661396
   -5.02611
   -1.67325
   -4.86727
   -2.66264
   -0.92745
  -0.908198
  -0.818379
   0.187208
    1.33251
   -2.09362
   0.978411
    2.74857
  -0.340103
   -1.08542
   -3.56845
   -8.72129
  -0.135458
   -10.3293
  -0.905918
  -0.787607
  -0.552541
   -3.12796
   -5.25023
   -4.94173
    -1.6539
   -1.85663
    -1.9337
   -6.06163
   -5.99459
  -0.862644
  -0.945507
  -0.431657
    0.20545
    1.66741
    -6.1295
   -4.93701
  -0.410234
   -2.21073
   -4.24319
   -5.46375
   -1.68924
   -4.14871
   -3.45794
   -1.30496
  -0.766398
  -0.944442
   -1.41219
   -1.68554
   -1.49889
   -1.49708
   -1.51358
   -10.6185
   -1.75947
   -4.07039
   -5.73068
   -5.68644
   -1.55945
   -1.60878
   -1.00045
 -0.0823123
    1.23074
  -0.166103
   -1.41635
  -0.895994
   -1.38644
   0.227399
   0.794988
   -1.13023
   -5.98791
   -7.89739
   0.974058
   0.807236
  -0.360393
   -1.60575
  -0.593429
   0.776625
   -9.16912
   0.301872
   -7.65026
    2.77088
   0.272823
  -0.937013
   -6.64585
   -5.84743
    -1.5376
   -3.20135
   -8.65522
  -0.520134
   -1.53095
   0.381776
  0.0462372
    -8.1844
   -13.7617
   -13.6399
   -6.18831
   -1.20688
   -0.15335
    1.12949
   -2.73553
   -2.80973
   -1.73656
   -1.41341
   -2.38485
   -4.75581
  -0.637223
  -0.596123
    -5.1088
   -9.64384
   -5.80957
   -1.97128
   0.809756
   0.918167
   -4.32596
     -2.205
    -4.5439
   -3.87353
   -7.44533
     -7.112
   -6.73713
   -6.44059
   -1.77819
   -1.85104
   -1.73855
   -2.11988
    2.53812
   -1.31944
   -1.12921
   -6.78582
   -6.02425
    -4.4801
   -12.2351
   0.905875
   -4.65434
   -1.30608
   -6.43358
   -9.23664
   -5.82853
   -2.04764
  -0.544859
   0.111181
   0.850507
   -2.37913
   -1.80272
   -10.9765
  -0.111025
   -4.31434
    -2.8099
   -2.03585
   -1.80986
   -3.86721
   -8.79872
    1.49571
   -1.15009
    1.24235
    1.47724
   -11.3436
   -12.4396
   -1.56752
   -2.69424
   -8.79084
   -2.23309
   -1.57059
   -1.41679
   -2.06339
   -1.89711
    -2.3984
   -7.81762
   -5.85296
   -3.66755
   -1.72544
   0.982544
   -6.59735
   -6.37852
   -1.09477
   -2.25772
   -5.89121
   -2.20085
   0.373497
    1.00201
   -2.96622
  -0.407959
   0.459346
    -6.7053
   -11.0017
   -8.18599
   -4.92275
   -1.46165
     -3.073
   -5.70572
   -4.23714
   -2.50616
   -3.95628
   -7.41079
   -2.02253
   -1.07447
    -2.1883
   -2.20284
   -2.93093
   -4.37886
   -6.69094
   -6.28087
    -3.1314
   -7.97891
   -2.33417
   -7.89592
   -9.22333
   -9.21143
   -5.02384
   -2.64518
   -1.56137
   -1.10768
   -2.87145
  -0.931666
   -6.26804
   -7.94545
   -2.37859
   -2.33607
   -2.37553
   -3.56846
   -14.0543
  -0.647601
   0.204779
   -1.44092
   -5.27425
   -10.2524
   -7.31703
   -4.91442
   -5.35583
   -8.78865
   -8.75392
   -1.67722
   -2.29514
    -5.4308
   -3.10188
    1.20033
    2.91436
   -1.93498
   -9.61057
   -1.68245
   -0.81341
 -0.0635522
   -5.93851
   -2.32822
   -6.90234
    -6.7499
   -8.59473
   -2.24366
   -2.33909
   -2.52223
   -2.30346
   -4.05057
   -6.62288
    -4.3797
   -2.83102
   -6.75039
   -3.00158
   -4.13426
   -8.49619
   -2.21137
   -3.14085
   -7.40035
   -1.54182
     2.8925
   -7.49341
   -10.4537
   -11.3244
   -3.36443
   -9.06186
    -9.3406
   -4.35105
   -4.48244
   -7.84638
   -1.44956
   -2.10241
    4.54813
   -1.82213
   -2.79555
   -7.34589
    -10.069
   -13.9869
   -8.33162
   -4.82683
   -5.94982
    -6.1135
   -3.64394
    -7.8536
   -8.91745
   -6.62434
   -2.12404
   -6.32234
    3.44796
   -4.22504
   -4.80385
   -8.52231
    -1.0393
   -2.20404
   -6.60707
   -2.83019
   -5.82779
   -1.91753
   -3.06307
   -6.48733
   -11.3201
   -11.3483
   -2.36908
   -5.85177
   -8.55766
   -2.73419
   -4.79487
   -8.44119
   -4.69078
     4.6688
    4.14105
   -1.47511
   -9.17575
   -10.7195
   -8.67647
   -7.92451
   -3.00373
   -3.81628
   -6.92922
   -2.28246
   -5.86742
   -11.0061
   -15.5483
   -11.1836
    -7.3918
   -8.80572
   -4.21494
   -2.69653
   -4.96923
    5.83844
    5.76025
    5.33161
   -8.10632
   -6.91049
   -9.41066
   -10.2699
   -5.13846
   -4.48873
   -10.1075
   -5.78788
   -3.11678
   -3.21536
   -8.87328
   -8.56524
   -7.18161
   -1.77418
   -6.83386
     4.1576
    5.12294
   -7.16638
   -8.71451
   -11.1414
   -12.0952
   -7.56624
   -2.93285
   -1.22654
   -1.73282
   -5.84333
   -4.41264
    -4.1279
   -2.43646
    4.83625
   -11.3938
   -6.76815
   -6.31695
   -7.22717
   -2.35548
   -9.04108
   -3.05475
  -0.856536
    3.08962
   -9.80667
   -11.5753
   -4.42586
   -9.57697
   -11.0787
   -8.52436
   -6.98392
   -3.96951
   -7.17596
   -6.04425
   -1.38955
   -1.47126
   -6.49962
   -9.36968
   -11.5743
   -12.5314
    -11.555
   -11.1815
   -14.4733
   -7.80963
   -3.15929
    -8.9135
   -4.67489
   -4.98136
   -5.20378
   -5.37802
   -6.21706
   -11.6222
   -12.2574
    -10.276
   -5.95148
    -7.6022
   -2.68689
   -9.46807
   -1.59467
   -1.32675
   -1.34062
   -5.86954
   -11.9061
   -3.85502
   -6.89262
   -7.87973
   -1.16176
   -7.27348
   -6.56309
   -10.4966
    -12.745
   -11.6729
   -7.96884
   -6.22314
    -2.2738
   -6.85775
    -1.1715
   -13.7176
    -13.897
   -12.8012
   -8.79973
   -2.37738
   -1.19313
   -4.35959
   -5.77728
   -5.64838
   -3.69882
   -5.16148
   -14.7666
   -15.1057
    -13.286
   -12.2054
   -8.84591
   -4.81788
   -3.66832
   -1.21859
    -1.6834
   -10.0776
   -2.48363
   -1.62504
   -6.11842
    -7.5939
   -9.13702
    -9.6775
   -1.19605
   -8.35137
   -2.82397
   -4.21739
   -2.44494
   -4.79309
  -0.999828
  -0.995872
  -0.694552
   -4.61289
   -9.33703
   -14.4266
   -8.80009
   -11.3091
   -2.85407
   -4.52874
   -8.40267
   -12.7226
   -2.93585
   -2.50106
   -5.39315
   -2.10027
   -9.48661
   -3.65431
   -1.16546
   -16.5267
   -11.5209
   -5.94701
   -1.13655
   -4.40237
   -8.38743
   -1.27232
   -2.60345
   -3.70748
   -3.80487
   -6.19226
   -8.14189
   -9.49074
   -13.2824
   -7.80706
   -7.03201
   -7.30639
   -7.22793
  -0.683325
   -3.22629
   -14.0513
   -16.5338
   -15.0471
   -12.5862
   -12.0882
   -9.62708
   -7.95827
   -2.66459
   -2.89961
   -1.33623
   -4.31054
   -7.89982
    -1.2653
   -0.66307
    -5.0094
   -12.2357
   -12.0436
   -10.8919
   -8.14305
   -3.48133
   -3.87622
   -4.25296
   -10.7461
   -12.2393
   -8.01327
   -9.23837
   -2.28909
   -1.86462
   -4.38332
   -1.59445
   -1.20465
   -8.31227
   -14.1225
   -11.2883
   -12.3519
   -5.08298
   -4.14915
   -2.75977
   -5.73445
   -1.62024
   -9.96885
   -11.8857
   -4.68903
    -6.7989
   -9.20462
   -1.45861
   -1.37622
   -1.29139
   -3.05169
   -14.6559
   -7.27425
   -5.32293
   -3.92902
   -1.71242
   -2.50905
   -1.47057
   -3.24411
   -3.91134
   -9.17345
   -3.38753
    -6.1054
    -5.4254
   -1.74673
    -1.7031
   -1.74062
   -8.34157
   -12.2466
   -7.90718
   -6.44071
   -6.81111
   -6.45417
   -3.18419
   -2.83648
   -4.23395
   -1.89696
   -2.43342
   -3.13257
   -8.27778
   -11.4643
   -9.23221
    -11.642
    -10.494
   -4.40856
   -1.60068
   -2.39303
   -1.92582
   -4.91965
   -7.10014
   -9.26427
   -9.45782
   -9.26503
    -10.992
   -8.43178
   -5.82062
   -4.94625
   -4.37304
   -2.12352
     -3.621
   -4.07984
   -3.71891
   -8.54368
   -3.02519
   -7.07836
   -10.6376
   -11.7562
   -2.81074
   -3.10422
   -4.38048
   -5.29082
   -3.29945
   -3.89257
   -1.88199
   -6.00335
   -1.90213
   -1.36801
   -5.78243
   -5.45007
    -3.4854
   -5.12639
   -4.11623
   -1.21895
     -6.863
   -4.74935
   -4.83191
   -9.20635
   -5.39099
   -7.34434
    -3.2551
   -1.66724
   -1.99146
   -1.89888
    -1.6979
   -1.16987
   -3.81709
   -7.03702
   -5.64999
   -5.06563
   -5.92864
    -8.0173
   -6.46675
   -4.77105
   -8.63303
    -3.5096
   -3.32227
    0.44335
   -1.96091
   -5.54726
   -5.12646
   -6.11105
   -3.48944
   -3.93476
   -1.95297
   -2.53163
   -9.00379
   -6.40391
   -5.11712
   -4.00775
    -2.7848
   -3.16146
   -4.01372
   -3.84128
   -1.71749
   -1.82964
   -5.74354
   -4.69496
   -11.1825
   -4.83002
   -7.56113
   -8.80951
   -8.95605
   -6.75985
   -5.85162
   -1.29623
   -5.15338
   -4.89643
   -4.11004
   -11.8817
   -4.84751
   -1.70022
   -1.77665
   -3.50309
   -8.23464
   -5.95415
   -3.72925
   -1.15274
   -1.11848
   -3.45311
   -4.47551
     -4.935
   -4.03768
   -3.14987
   -2.21229
   -8.25464
 -0.0625399
   -2.30927
   -4.28021
   -5.19287
     -1.501
   -1.69247
   -6.06576
   -2.94882
   -2.25796
   -2.32634
   0.681602
    -8.4703
    -1.2836
   -2.61158
   -6.47352
   -1.65995
   -1.53997
   -6.12066
   -2.12866
   -1.66127
   -6.03859
   -6.26962
   -4.06766
   -5.27886
   -3.85884
   -9.47778
   -5.65937
   -3.50668
   -3.11425
   -1.42818
   -9.76387
   -5.99428
   -1.10839
   -5.32689
  -0.993818
   -8.15105
   -6.58323
   -3.83023
   -2.39748
   -1.25214
    -12.435
   -6.92955
   -4.44006
   -7.80838
   -1.04308
  -0.972315
  -0.960942
   -3.14746
   -4.71166
   -4.62025
   -2.94711
   -1.19936
   -1.90498
   -4.29695
   -2.39403
   -5.49552
   -1.51788
   -1.65676
     -1.054
   -7.76234
   -1.33489
   -1.89338
    -1.4359
   -1.14117
  -0.745114
   -3.69715
   -7.18037
  -0.944097
   -1.28858
   -4.88819
     -6.213
   -6.19009
   -7.17728
   -1.19597
   -7.36853
   -4.15847
   -2.52498
   -7.75229
   0.127655
   -7.72886
   -5.60679
   -8.66107
   -1.22414
    -1.9665
   -8.31128
   -5.27432
   -1.65976
   -1.60365
  -0.611068
   -0.99277
   -1.09109
   -6.48484
   -4.30224
   -3.15572
   -3.22678
   -5.99556
  -0.739002
    -3.2427
   -2.26606
   -1.59766
   -1.45821
   -12.6732
  -0.495285
   -7.30946
 -0.0145718
   -2.04359
  -0.373305
   -8.20821
     -3.421
   -4.10042
   -1.72622
    -3.8564
   -4.70797
  -0.901892
   -8.74138
   -4.41951
   0.710532
  -0.561222
   -2.29583
  -0.868728
  -0.482532
   -0.85213
   -4.03891
   -2.97215
     -2.084
   -8.09123
   -9.01716
   -1.04406
  -0.926585
   -1.07616
   -1.29042
   -3.94693
   -5.75948
     1.4725
-0.00467401
   -2.24628
   -1.44742
  -0.190402
    -6.0016
   -7.03075
   -1.35684
   -6.40746
   -2.17222
   -0.37325
 -0.0654338
    -1.6532
   -10.1346
   -5.63137
   -2.37399
  0.0518668
   -8.74878
   -1.12356
  -0.812411
    -1.0966
   -6.78601
   -5.44785
   -3.16397
   -3.19625
   -1.84256
  -0.399484
   -6.00882
   -10.0878
   -2.41448
   -2.85853
   -1.39339
   -2.31852
  -0.431488
    1.22318
    1.96369
    3.20897
   -1.44148
   -2.48198
    -2.2104
  -0.347218
  -0.234759
  -0.144706
   -1.54859
    -9.5514
  -0.959597
   -1.49182
   -5.07199
   -8.86667
  -0.968298
  0.0266921
   -2.94452
   -1.07429
    -0.1822
   -2.48222
   0.350326
   0.119021
   -2.93394
   -4.85321
    -8.5888
  -0.861559
   -8.30929
   -4.53317
    3.40419
    4.15747
   0.058299
   -11.5544
   -2.45828
  -0.958999
   -2.22383
   -1.02459
    -2.7276
   -6.89246
   -8.57705
-0.00777508
   -2.64163
   -3.83927
   -8.28031
   -3.16067
  -0.655391
   -3.01563
   -7.78901
  -0.519693
   -1.01011
    1.08097
  -0.575682
   -5.05881
   -8.85915
    -4.9073
   -3.60112
   0.714372
   0.289297
   -2.73249
   -1.63306
   -1.83929
   -3.46844
   -5.78615
   -7.93273
  -0.992486
   -1.30544
   -7.72205
   -6.08581
   -2.11107
     3.2422
    3.99907
  0.0721131
   -3.24868
    -2.1082
   -9.26051
   0.423306
   -4.97556
   -1.09954
   -1.19486
   -2.50561
   -4.59145
   -1.87862
   -8.85687
   0.485838
    3.36546
     4.8468
    3.95865
   -3.26301
  -0.103099
   -1.51557
   0.672994
    1.51564
   -1.65973
   -4.92951
    1.63503
   -3.39593
 -0.0495902
    1.11418
   -1.92266
    -1.1347
   -1.13009
   -1.68833
   -2.96364
   -8.53516
    2.36279
    -8.8297
    1.67917
    2.93914
   -1.17994
   -1.83264
   -5.78743
   -1.11117
   -1.63983
     1.5705
   -1.09085
   -3.33873
   -2.64123
   0.475882
   -6.51787
    1.72137
  0.0267263
    2.13091
   0.872991
   -1.41643
   -2.19111
   -3.04453
   -2.15802
   -5.91808
   -4.38886
 -0.0957837
    5.32621
    2.65184
 -0.0636886
   -1.19265
   -6.46894
   -3.68599
    -4.1608
    -8.7958
  -0.315449
   -7.05667
   -7.15364
   -1.60225
   -4.72383
    6.11751
  -0.455708
   -2.74543
  -0.183447
   -7.08672
   -4.00652
   -6.72762
   -1.79361
   -1.63288
    4.59046
  -0.600485
   -2.74547
   0.146921
   -2.92873
   0.116419
   0.965948
  -0.668209
   -1.94756
       5.48
    5.58229
    1.14953
   -2.07937
   -3.53347
   0.115448
  -0.839325
  -0.733612
   -4.31262
   -3.02517
   0.400793
    3.65847
    2.82101
    1.61762
   -2.87959
   -1.66532
   -9.23186
    0.54488
    2.93655
  -0.243762
  -0.575469
    2.15993
   -3.24314
   -9.16695
    -7.5631
   -5.49726
   -1.25657
   -1.87138
   -8.08371
    4.27133
   -2.10144
  -0.943698
   0.203071
    0.19585
   -1.09977
  -0.481631
   -1.20704
   -6.08695
   -1.42806
   -1.87518
   -2.39492
   -7.19986
   -6.55944
  -0.103924
   -1.44807
   -1.66183
    1.07261
    1.72879
    3.95133
   0.502821
  -0.677577
   -1.94706
   -6.18929
   -6.06622
   -1.85907
   -2.97174
    3.72405
     4.0615
    1.92065
   -2.26991
   0.575021
    2.03962
    1.60643
   -1.35767
   -1.36645
   -2.00556
   -2.65553
  0.0230448
 -0.0300155
   -3.43679
   -7.22897
   -2.99201
    2.06916
  -0.862387
  -0.578501
   -4.91911
   -4.91151
   -2.16441
   -8.47417
   -1.66324
  -0.962929
 -0.0861594
    1.73139
    4.97797
  -0.530644
   -2.85481
   -1.88202
   -6.84374
   -2.47447
   0.581732
    4.36999
    5.28093
   0.534041
   -2.54171
   0.750689
    1.12396
   -1.47887
   -3.74432
   -3.74297
   -5.48875
   -1.85752
   -7.65604
    4.58378
    1.46023
  -0.324347
   -1.13498
    1.39829
   0.575206
   -5.97031
   -9.63094
    3.07701
    -1.8947
   -2.80048
   -5.56169
   -1.88812
    1.77479
    4.26603
    1.77995
   -1.67963
   -2.03147
  -0.858483
   -1.38892
   -1.92313
   -2.10343
   -2.53802
   -7.16839
   -5.36179
  -0.688056
     1.2887
   -1.44207
   -4.87845
   -4.35913
   -6.36187
   -3.04093
  -0.178205
    2.66316
    3.74821
   0.971019
  -0.634877
  -0.401443
  -0.949536
   -2.01774
   -5.58427
    3.39917
   -3.17988
   -1.82921
   -4.46405
    2.10711
    2.96379
    4.62692
  -0.631437
  -0.384128
   -1.38425
    -1.7497
  -0.936552
   0.359161
    1.46309
  -0.878167
    1.89481
    2.53207
 -0.0721266
    -3.5573
   -1.35962
   -2.46555
   -3.02821
   -8.30089
   -1.80643
   -3.13209
    -1.4999
   -1.53025
   -1.61236
   -4.15717
  -0.802487
  -0.638648
   -2.35005
     3.9966
     -1.903
   -6.26403
   -5.30625
   -5.39595
    3.59876
   0.118292
   -4.91089
    2.05775
    0.68566
   -1.70603
   -2.28516
   -1.34918
   -6.68414
   -4.03095
    1.69198
   -1.40612
   -1.45648
  -0.553802
     1.3156
   -2.26643
    -1.2712
   -6.49557
   0.939102
  -0.447731
     -2.227
   -1.90406
   -1.15864
   -4.45618
   -4.67886
   -2.40707
    2.19624
   0.059526
   0.110749
   0.700269
   0.585297
   -4.16547
    -5.6791
   -1.85273
   -3.87365
   -1.28731
   -1.37388
   -6.26054
   -1.87958
   -1.80968
  -0.894308
   -1.20954
   -1.72561
   0.102902
   -1.99086
   -1.35699
 -0.0736505
   0.493084
   -1.60396
   -1.13133
   -5.49987
  -0.503099
   -1.28306
   -6.05889
   0.653438
   -2.25809
  -0.879223
  -0.477597
    -1.2753
   -2.01098
  -0.926997
   -2.77172
   -1.30699
   -2.52261
   -3.30423
   -2.59014
   -5.97195
   -0.46841
   -1.51815
   -1.10428
   -3.52753
   -1.95662
   -1.01392
   -4.16427
   0.272968
  0.0399284
   -1.23777
  -0.586817
   0.234568
   -5.77565
   -3.45421
   -2.56152
   -1.01312
   -3.63193
   -1.53971
   -4.04241
   -2.33799
   -3.03185
   -1.52962
   -2.40672
   -1.19427
  -0.368535
   -3.02734
   -1.05658
  -0.828786
   -1.18019
   -3.21908
   -3.02209
    -1.0224
   -1.06031
   -5.81032
   -5.30654
   0.203395
   -1.56298
   -4.89522
   -3.77518
   -3.02956
   -1.04595
   -1.61534
    -3.5216
   -2.76765
   -1.19369
   -2.55734
   -2.79095
   -1.64842
  -0.406876
    -1.5263
   -3.03901
   -3.68418
   -1.95497
   -1.52185
   -2.16095
   -1.05284
    -0.9862
   -2.16487
   -6.17748
   -1.58195
   -0.51384
    0.13207
   -1.17425
   -3.49207
    -4.0692
   -3.39827
   -1.12281
   -1.01204
   -1.05338
   -1.09219
   -1.80772
   -5.53831
   -5.79248
   -1.09975
   -4.66239
    -1.3703
    -1.0415
   0.241297
   -0.32855
  -0.988449
   -1.79515
   -1.70645
   -1.97594
   -2.51748
   -2.58081
    -2.6688
    -4.5394
  -0.963554
   -1.86323
   -1.67324
   -5.11077
   -3.89241
   -2.66311
   -5.76582
   -2.13526
   -1.81835
   -4.35545
   -1.04402
   -3.71306
  0.0169979
  -0.995118
   -1.70559
    -4.9435
   -1.13915
    -1.2973
   -3.98868
   -3.03657
   -2.11952
  -0.804399
   -2.03619
    -1.7914
   -4.95603
   -3.21936
   -2.74486
   -2.55419
   -1.11902
   -1.46531
     -7.165
   -3.16788
   -1.87335
   -3.62528
   -1.80547
   -1.83425
   -3.70111
   -4.79725
   -3.51239
   -2.18181
   -2.36974
   -1.25725
   -6.58232
   -5.99088
  -0.617615
  -0.533683
   -0.75743
  -0.511206
   -1.62479
   -1.59447
    -4.8428
   -4.77764
   -2.60895
   -2.33239
   -1.18901
   -2.37629
   -1.37885
   -4.43675
    -2.2739
   -3.93223
   -3.90402
   -1.39364
   -1.95396
   -2.26115
    -2.6562
   -2.44962
   -1.88661
    -1.5769
   -2.89419
   -4.11367
    -2.4223
   -1.73774
  -0.731941
   -2.22004
   -1.74978
   -1.11966
   -1.23503
   -5.50387
   -7.04192
   -3.20517
   -2.80528
   -2.20407
   -1.03528
   -1.47548
    -7.2839
    -2.3925
   -5.56599
   -5.58218
   -1.84563
   -1.34533
   -4.07938
   -3.58313
   -2.18265
   -2.18201
    -2.0772
  -0.967684
   -1.08534
    -1.3469
   -2.46834
  -0.920175
   -3.22327
   -1.87731
   -1.81035
   -2.24433
   -2.78721
   -2.91922
   -1.55416
   -1.18957
   -1.06685
   -5.72406
   -4.32459
    -1.8399
   -3.07659
  -0.994194
   -1.60564
   -7.31945
   -4.09622
    -2.8789
   -2.50558
   -2.30584
   -0.88436
   -5.80351
   -2.14263
   -2.15461
   -2.75389
     -2.785
   -2.40303
   -2.20844
  -0.942529
    -1.0495
   -3.50682
   -2.96914
   -6.55258
   -5.87692
   -1.39319
   -1.96138
   -2.85316
  -0.753884
   -2.39344
     -2.308
   -2.37516
   -2.65562
   -1.89782
   -1.98929
   -1.21114
   -2.04513
   -2.53103
   -1.87183
   -2.00418
   -1.71381
  -0.880836
   -6.73002
   -5.23086
   -2.00234
   -2.38184
   -2.61264
  -0.715263
  -0.891744
   -1.87879
   -4.90601
   -3.40455
   -3.06653
   -2.89821
   -2.22323
   -2.00028
   -1.60758
   -1.10504
   -1.20835
   -1.18597
   -5.50876
   -3.49369
    -4.9116
   -1.87595
    -2.6066
   -2.86098
    -1.6627
   -1.44396
   -1.08411
   -7.25481
   -3.58544
   -3.74866
   -2.47601
   -2.61689
   -2.71649
    -2.3798
   -1.17496
  -0.860991
  -0.803435
   -1.05363
   -2.76984
   -2.31829
   -2.66465
   -2.71232
   -2.72615
   -2.78975
   -2.05046
   -2.56211
  -0.551984
  -0.712442
   -4.41579
   -5.26686
    -2.7259
   -2.57995
   -1.90705
   -2.28905
   -2.39669
   -1.82297
  -0.776316
  -0.817267
   -4.50196
   -4.71689
   -2.56276
    -2.5776
   -2.31418
   -1.87808
  -0.517144
   -7.33981
   -3.53262
   -4.62973
   -2.52538
   -1.98416
    -2.2314
   -1.40437
  -0.422027
   -2.29172
   -2.68501
   -2.12529
   -2.67285
   -2.03254
  -0.714283
   -6.19289
   -1.94642
   -2.73232
   -2.53851
   -1.12703
    -1.2562
   -4.63881
   -3.58102
   -2.32028
   -2.63286
   -2.64884
   -2.38206
   -1.71922
   -1.97035
   -1.50511
  -0.433265
    -1.3254
   -2.12707
   -2.39407
   -1.84144
  -0.402664
  -0.709576
   -1.33506
     -0.989
  -0.843554
   -2.25926
   -3.23161
   -1.69944
   -2.05655
   -2.29361
   -2.56259
  -0.359832
   -1.45865
   -2.83198
   -2.04517
   -2.28266
   -2.66752
   -1.52195
   -1.58631
   -1.67034
   -1.21555
   -1.23177
   -1.63427
   -2.16204
   -1.64177
   -2.33632
   -2.31519
  -0.985393
  -0.989426
  -0.856162
  -0.864034
   -4.21978
   -2.32842
    -1.6634
   -1.16643
  -0.826656
   -4.24038
   -2.39769
   -2.43402
   -2.27335
   -2.00965
   -1.24974
   -1.33859
   -1.50397
   0.418598
-0.00752805
   -2.49902
   -2.52548
   -2.11119
   -1.37493
   -1.05315
  -0.608858
  -0.257481
   -1.46558
  0.0404103
  -0.693813
   -2.29395
   -1.35831
   -1.12553
   -1.25291
   -1.33124
   -1.11975
     -1.009
  -0.891976
   -7.45308
   -1.26766
    -2.2008
   -1.68593
   -2.06086
   -1.49499
   -1.33507
  -0.423533
   -1.37591
   -1.16147
   -1.57883
   -2.30534
   -1.88189
  -0.980426
   -0.44961
   -1.20368
   -1.15936
   -4.82336
   -4.37874
   0.992472
  -0.972758
    -1.6228
   -2.22782
  -0.976955
  -0.936805
  -0.661614
   -1.07768
   -6.65025
    1.12649
  0.0881964
   -1.12346
   -1.75765
    -1.6975
   -1.44834
  -0.857361
   -0.84844
  -0.460381
   -1.68566
   0.350774
  -0.972198
   -1.75272
   -1.17616
   -1.72904
   -1.47205
   -1.42467
  -0.867053
  -0.838094
   -1.76377
   -1.43211
   -1.78064
   -7.49436
   0.976287
  -0.418988
   -1.46214
   -1.52411
   -1.36898
   -1.17169
  -0.767075
  -0.609404
   -1.17914
   -4.42007
  -0.483062
  -0.657165
   -1.10845
   -2.31997
   -2.13393
   -1.94788
   -1.46926
   -1.02689
  -0.699308
  -0.437647
   -1.76686
   -1.65016
   -7.25312
   0.510926
  0.0189936
   -2.25954
   -2.21356
   -1.25685
   -0.66887
  -0.747959
   -1.38435
   -1.17775
   0.624688
   0.117576
   -2.20878
   -1.65404
   -1.25713
   -1.27555
  -0.965991
  -0.809727
   -1.03178
  -0.408476
   -1.72334
   -2.59718
   -2.04998
   -1.89018
  -0.388974
  -0.375122
   -1.56017
   -7.04759
   -5.60087
  -0.548899
 -0.0226846
 -0.0450093
    -1.2246
  -0.595803
   -3.20155
   -5.69644
   -3.02838
   -2.10597
  -0.613051
  -0.555047
     -0.175
   -0.97769
   -0.61638
   -2.76828
   -2.37592
   -1.01903
  -0.886199
  -0.722009
  -0.643127
   -0.59385
   -1.03978
   -2.27754
   -1.65132
   -1.17839
   -1.32984
   -1.09437
  -0.410374
  -0.430383
   -1.67921
   -2.53052
   -1.39302
   -1.08996
  -0.936336
  -0.739639
  -0.557815
  -0.157538
  -0.324173
   -1.31332
   -1.17741
  -0.877934
   -3.38041
   -1.30727
   -0.25202
  -0.603488
   -1.90202
   -0.61165
   -1.73318
   -5.61786
    -2.1521
   -2.52928
   -2.41095
   -2.85242
    -2.7344
   -1.94019
   -1.43151
  -0.556832
  -0.865541
   -1.04028
  -0.230477
   -2.14396
  -0.621322
  -0.501191
  -0.978635
   -0.99439
   -5.27844
     -6.291
   -2.85438
   -2.36786
    -2.0681
   -1.13525
  -0.675849
  -0.589971
  -0.638185
  -0.406433
 -0.0931706
   -0.64822
  -0.955436
   -6.07185
  -0.908037
  -0.823978
  -0.795418
  -0.704167
  -0.793373
   -2.01598
   -4.74377
     -1.965
   -1.19074
   -0.98934
  -0.692279
  -0.285064
  -0.318843
   -2.06462
    -1.6491
   -1.58987
   -2.20208
    -2.8731
   -2.62149
   -2.37579
   -1.79469
    -1.5961
   -1.04059
  -0.514966
  -0.563225
   -0.33373
  -0.800985
   -3.90366
   -1.44105
    -1.5896
   -2.92216
   -2.47726
   -1.20155
  -0.959558
  -0.787421
  -0.144067
   -1.02874
   -1.86071
  -0.851354
  -0.467053
   -0.45933
  -0.493698
  -0.267794
   -6.37761
    -6.7006
    -4.6494
   -4.29766
    -2.7978
   -2.68588
  -0.998237
  -0.747899
  -0.984962
   -6.10179
   -3.01801
      -2.35
   -2.87072
   -1.87384
  -0.482547
  -0.262404
  -0.776043
    -0.8612
   -1.76064
   -1.82289
   -2.75512
   -2.89392
   -2.81304
   -1.51401
   -1.36391
   -1.16276
  -0.730266
  -0.418693
  -0.834646
   -5.44811
   -2.37086
   -1.97748
  -0.929667
  -0.925321
  -0.199159
   -5.77245
   -4.93891
   -1.78285
  -0.648168
  -0.207244
   -1.30166
   -3.69535
   -2.30451
   -2.40883
   -1.38302
   -1.02564
  -0.932281
  -0.489517
   -0.23328
   -1.20579
   -2.30436
   -4.00119
   -2.10643
   -1.97945
   -2.21522
  -0.551118
  -0.147567
   -0.24082
   -1.00176
   -4.35701
  -0.598003
   -0.21267
  -0.147177
   -2.67905
   -1.73422
   -1.17466
  -0.984545
  -0.387948
  0.0632818
   -3.87252
    -3.2167
   -2.31461
   -1.47244
  -0.622963
   0.185023
   -1.25724
   -3.34941
   -2.84064
   -2.49139
   -2.49309
   -1.20357
  -0.880665
  0.0820593
  0.0864076
   -1.14236
   -2.21718
   -2.41992
   -2.69476
   -1.72315
    -1.2933
  -0.350108
   0.164846
   -1.53034
   -3.40769
   -2.29373
   -1.08332
   -1.01203
  -0.764099
  -0.712227
   0.212344
   -2.76356
   -2.68172
    -2.4935
   -2.68755
   -2.22954
  -0.392327
  -0.123367
   -1.41822
   -2.32144
   -2.27012
   -1.71763
  -0.492809
    -0.4953
  -0.323898
  -0.168346
    0.10133
   -1.65154
   -2.55803
   -2.55402
   -1.76375
  -0.853208
  -0.620461
   -1.69181
    -2.2928
   -2.31487
   -1.35251
   -1.38946
   -1.24758
  -0.995747
   -1.85004
   -1.98282
   -2.39489
   -2.15808
   -1.26275
   -1.64716
   -1.80407
   -2.31645
   -1.66934
   -1.22608
   -1.01771
  -0.932706
   -1.33074
  -0.989252
   -1.06495
  -0.440075
  -0.825907
   -1.97695
   -1.58479
   -1.24352
   -1.31079
   -1.81338
    -1.9823
   -1.75525
   -1.17483
    -1.2398
  -0.767532
   -1.52549
   -1.53343
  -0.442941
  -0.632555
   -1.04334
   -1.19024
   -1.30411
  -0.871789
    0.72204
   0.425314
  0.0701138
   -1.29008
  -0.181579
   0.335415
  -0.754505
   -1.11419
       0.19
   0.129156
   0.191609
  0.0721737
   0.151738
  -0.333101
   -3.96086
   -3.98101
    -2.5587
   -3.06171
   -2.34978
   -2.63058
  -0.473738
   -1.39708
   -2.74145
    -1.6583
   -2.05506
   -1.87505
   -1.63425
   -1.64476
   -1.07787
   -3.05853
    -1.2268
   -2.76831
   -4.10871
   -4.74413
   -1.90415
   -1.67728
   -1.43442
  -0.955515
   -1.72827
   -7.72129
   -1.61606
   -1.28999
  -0.364192
   -2.71133
   -1.30829
   -1.86697
   -2.22247
   -1.68657
   -1.43778
   -1.38876
   -1.66252
  -0.009268
   -9.65107
   -1.08942
   -2.19448
   -1.91053
    -1.2689
  -0.929791
   -1.32338
    -1.7578
   -1.36898
  -0.102164
   -12.6432
   -1.71768
  -0.756517
   -2.02593
   -1.97424
   -1.30102
  -0.948122
   -6.70045
   -1.95118
   -1.84533
   -1.19698
  -0.948603
   -1.75488
   -1.65872
   -1.21857
   -12.5282
   -2.68974
     -3.482
    -1.7327
   -2.17551
  -0.844368
   -4.38687
    -1.7754
   -1.72552
   -2.53094
   -3.58079
   -3.74941
   -3.06068
   -2.74946
  -0.657813
   -1.49601
   -3.12644
   -1.55864
   -7.04548
   -1.62498
  -0.211284
   -2.35599
   -2.24057
   -2.09189
  -0.870633
   -3.05694
   -1.25368
   -3.30859
  -0.339497
   -7.55651
  -0.743886
   -2.70193
  -0.890385
  -0.945745
  -0.747038
    2.27634
    2.73266
   -1.20877
   -1.78205
     4.0911
    2.56001
   -1.59685
   -1.64573
    3.01719
   -1.60835
   0.906481
   -2.49988
   -1.19258
  0.0448314
  -0.517609
  0.0743628
   -1.07672
   -1.11017
   -3.22026
   -6.47577
   -5.86647
   -8.86966
   -12.0041
   -6.55531
   -1.64074
   -2.98584
   -4.26289
  -0.442014
   -2.48103
    1.57582
   0.176284
   -9.95558
   -3.95975
   0.819101
   -4.34566
   -8.00477
   -5.90412
   -3.00402
   -9.57948
   0.303224
 -0.0587483
  -0.513138
   -3.99139
   -5.46877
   -5.03044
   -5.47393
   -3.35775
   0.833308
    2.96671
   -8.81815
  -0.814559
   -1.21957
   -12.4081
   -5.80919
   -9.75798
   -5.14907
   0.890392
   -1.00981
   -1.81176
  -0.618558
    0.52354
    1.01417
   -2.15276
   -3.99775
   -6.28382
   -5.37328
    2.91177
   0.868391
   -2.54298
  -0.382015
   -2.44949
   -1.92563
   -1.36219
   -2.98799
   -4.81595
   -2.59277
    1.51485
   -1.97335
    -14.172
   -5.85018
  -0.361745
   0.449088
   0.925279
   -2.70992
    -5.2985
   -2.17251
     2.4178
    2.61862
   -6.35722
   -8.46944
   -4.47284
   -9.07756
    2.35915
    1.90015
   -2.72952
   -4.75006
   0.573148
   -5.90931
   -2.80438
   -6.20721
   -4.24019
    -8.1266
   -4.51137
   -7.79453
   -10.7603
   -8.63338
    -5.1039
   -11.0453
   -13.4149
   -12.9566
   -4.42122
   -3.21818
   -1.31625
   -9.40443
   -9.38712
   -0.96591
   -1.32107
   -4.55439
   -4.51536
   -2.32528
   -9.52501
   -6.03427
   -12.0203
   -4.07795
   -1.65727
  -0.942139
   -4.92653
   -1.69716
    -4.9045
   -1.71302
   -2.32602
   -7.13315
   -4.49353
   -8.53902
   -7.83466
   -5.02382
   -8.52315
   -6.43833
   -8.00085
   -7.34253
    -4.1329
   -3.64852
   -6.91301
   -3.10906
   -1.98217
   -6.46279
   -8.11815
   -5.35156
   -9.31913
   -1.15026
   -3.05723
   -3.71294
   -2.28151
  -0.475739
   -4.40058
   -8.06183
   -12.2003
   -7.96519
  -0.140206
   -2.19275
     1.7354
    4.58476
   -1.64638
  -0.417587
   -5.23732
   -4.63275
   -1.29048
    3.42246
  -0.603954
    1.84636
   -4.64963
   -8.61999
    4.12029
  -0.740047
   -1.50198
    4.21763
   -2.37834
     1.1365
    -1.1547
   -1.45613
   -3.50043
   -2.49158
  -0.539895
   -3.01027
  -0.996571
   -4.67472
   -2.38444
   -1.06774
   -1.05521
   -1.92217
   -2.52999
   -2.34272
   -1.06289
   -1.62174
    -1.8991
   -2.88582
   -2.33278
   -2.51693
   -1.09973
   -6.16996
   -2.10311
   -2.56199
   -2.69859
   -2.80878
   -2.56985
   -2.54269
  -0.669819
   -1.14172
  -0.711764
   -1.45627
   -2.59258
   -1.36441
  -0.327789
   -2.44647
   -1.44591
    -1.7139
  -0.483689
  -0.404462
  -0.750557
  -0.772233
    -1.1441
   -3.07085
  -0.728607
  -0.704969
  -0.737348
    -0.1446
  -0.151015
   -1.01205
   -0.88202
   -5.82034
  -0.578794
   -0.76662
  -0.283934
   -1.63235
  -0.747265
   -2.16675
  -0.971903
  -0.386075
   -1.22577
  -0.823581
   -1.93345
    -3.4566
   -3.92251
   -1.31281
   -2.22777
  -0.210897
   0.305655
   -2.87924
 -0.0149814
   -1.82043
   -1.86949
   -1.97287
   -1.53741
   -1.96115
    -1.3891
   0.300218
   -1.35361
   0.218975
   -1.04066
   0.713096
  -0.967169
   -1.05434
  -0.688217
   -1.10223
   0.488986
   0.286404
  -0.120616
  -0.694749
   -1.52008
   -2.24061
   -3.12785
    -1.7408
   -10.9597
   -1.66502
    -2.6165
   0.191118
   -1.43968
   -1.18185
   -3.52862
   -2.24898
    -2.0816
   -2.62623
   -2.20125
   -2.48082
   -2.88551
   -2.43533
   -1.49407
  -0.681706
   0.130036
   -3.45982
    1.29447
   -8.33817
   -1.07358
   -1.49397
   -9.44042
   -2.76555
   -2.25157
   -1.99422
   -8.19599
    3.68438
    1.49789
   -5.20086
   -1.47219
   -6.06496
   -9.19302
   -3.31809
   -6.11557
   -7.70489
   -1.01175
     -6.467
   -2.50224
   -9.47555
   -1.96561
   -7.44295
    1.39361
   -3.16628
   -6.87405
   -9.95267
 -0.0199375
  -0.548367
   -1.81809
   -2.71073
   -2.34296
   -1.14438
   -7.36121
   -2.78069
   -2.48585
   -7.90116
    -1.8152
   -2.08836
   -1.85269
   -8.51771
   -4.66648
   -1.23677
   -3.73144
  -0.253785
   -12.3873
   -7.96662
   -1.84846
   -2.76885
   -7.23023
   -3.29198
   -12.9848
   -2.15358
   -3.35417
   -1.09125
   -10.7864
   -9.75451
   -1.42778
   -1.59303
   -7.15066
   -5.84936
   -8.86248
   -8.29611
   -9.70079
   -2.29686
   -12.6181
   -3.09684
   -8.06198
   -1.98772
   -3.76255
   -2.65466
   -1.26115
   -3.64055
   -1.85003
   -8.60898
    -6.9749
    -1.0334
    -1.5603
   -7.83091
   -9.79068
   -2.44412
   -2.34365
   -0.51165
   -2.35902
  -0.595534
    1.53378
   0.767232
   -1.14738
   -1.63762
   0.255231
   -1.03543
   -7.05178
   -1.65284
   0.925772
   -1.81837
   -5.04906
   -2.04188
 -0.0531225
   -1.08459
  -0.735007
  -0.992847
   -6.19069
   -1.85597
   -0.89562
   -1.14822
   -2.71415
   -4.35889
  -0.844009
   -3.85542
   -1.36619
   -3.70882
   -2.10831
  -0.893846
   -2.57112
   -2.39701
   -1.93336
   -2.85578
  -0.922565
   -3.27749
   -2.47858
   -5.84001
   -1.11713
   -1.13199
   -2.39869
  -0.675139
  -0.906724
   -1.09475
   0.249931
   -1.68772
  -0.999259
  -0.511917
   -2.77648
   -1.04677
   0.179952
   -2.28736
  -0.393334
 -0.0256684
  -0.706853
   -11.0535
   -2.34763
   -2.57139
   -10.6616
   -12.4269
  0.0974077
   -4.86285
   -1.69321
   -2.91785
    -3.8904
    2.57191
    4.27266
   -2.06527
   -4.29831
   -2.18341
   -2.76369
   -1.42795
   -9.25368
   -2.01975
     -10.48
 -0.0360352
   -7.46597
  -0.879902
   -2.71658
   -2.35787
   -3.46033
    -1.5788
   -4.34522
  -0.732406
    -3.6757
    -3.2108
    -4.1994
   -4.17862
    -1.1615
   -1.56446
   -4.19684
     -8.833
   -6.37256
   -5.88418
   0.894126
   -11.7354
   -6.44612
   -1.25022
   -6.18272
   -7.29729
   -5.46007
   -5.89368
   -6.99141
   -5.34576
   -8.01087
   -2.88112
    -1.0805
   -2.44843
   -9.14514
   -9.59132
   -3.46518
   -5.68361
   -2.75979
    -6.8099
   -3.87736
   -4.13913
   -3.71171
   -1.47026
   -2.43411
   -1.03581
    -6.9039
   -1.08594
    2.61574
  -0.412663
   -1.96382
 -0.0984612
   -6.83532
   -1.04801
   -1.18745
  -0.882724
  -0.319559
   -1.62507
   -6.17382
   -1.64014
   -1.42786
   -1.72847
   -1.10128
   -3.96036
  -0.438887
   -1.73662
    -1.8319
    -1.2512
   -2.24773
   -2.78425
  -0.782212
   -2.48394
   -2.08714
   -3.35487
    -2.2226
   -2.00595
  -0.988602
   0.325017
  -0.284867
   -2.15879
   -8.16225
   -7.70035
  -0.958373
   -2.75213
   -1.04701
   -2.98198
    -1.5073
   -6.48427
   0.346217
   -11.1416
     -13.42
   -4.33376
    4.61625
   -7.29243
   -1.77666
    1.09131
   -1.67115
   -3.08993
   -1.95003
  -0.715205
   -4.37376
  -0.679719
   -2.95882
   -3.61526
    -14.793
  -0.716838
  -0.780211
   -5.32136
   -9.42904
  -0.693184
   -4.28596
    1.04271
    1.05189
  -0.146601
  -0.716078
  -0.729306
  -0.696472
  -0.707282
   -1.45184
  -0.980232
     -0.785
   -0.14541
  -0.207718
  -0.292171
   -1.51815
  -0.656934
   -1.56501
   -6.90864
   -5.34132
   -3.32369
   -2.82434
  -0.332189
  -0.265429
   -3.30752
   -3.09801
   -1.98566
   -1.67398
   -6.68381
  -0.680071
   -1.73392
  -0.958176
   -0.76011
   -1.59519
   -1.37224
   -2.06627
  -0.482877
   -1.10292
  -0.653533
   -1.52456
   -1.14301
   -1.27562
    -1.4864
  -0.925577
    -1.3706
   -1.30173
  -0.832677
   -4.23847
   -2.63671
    1.35924
   0.157333
  -0.469456
   -0.32743
  -0.767881
   -2.09287
   -4.98942
    -5.1109
   -1.75373
   -3.38093
    -5.5758
   -4.96445
   -4.19566
   -3.05332
    1.16666
  -0.722561
  -0.411957
   -2.28582
   -2.40231
   -2.03906
   -1.97854
   -1.12492
   -2.36048
  -0.989386
   -2.12736
   -0.56624
   -1.68977
    -1.5821
   -2.54085
   -1.77063
   -1.08452
   -1.47124
   -1.34854
  -0.630641
 -0.0887397
   -1.91768
   -2.07594
   -2.16587
   -1.75653
    -2.0066
   -1.59917
   -1.82768
   -2.11627
   -1.98659
   -2.70863
   -0.74461
   -1.29392
    -2.5311
   -1.89382
    -3.6291
   -2.35318
   -2.02778
   -1.89406
   -2.52317
   -2.26923
   -2.52433
   -3.97554
   -3.44324
   -3.08315
   0.150633
   -1.26115
   -5.02573
   -3.96857
   -4.54575
     -2.528
  -0.496906
   -4.67544
   -4.99257
  -0.658454
    1.79316
    3.82042
     4.4177
    6.06196
    6.33764
    5.10758
   -6.40702
   -4.81985
   -5.99766
   -4.91844
   0.722698
    1.70663
   -3.48356
    3.73991
   -4.12519
    3.21173
   -2.85473
    -4.3614
    3.45047
   -2.39572
  -0.797876
    -2.9331
  -0.568279
    -2.5268
   -3.43887
    -3.1413
   -2.64742
   -2.49902
   -2.71261
   -2.31659
   -6.25373
   -6.13714
   -1.53423
   -2.48731
   -2.42799
   -1.99549
   0.108062
   -4.56131
  -0.539874
  -0.263471
   -5.30116
   -1.63813
   -1.73427
   -1.55303
  -0.790974
   -3.38135
   -4.87919
   -8.42337
   -1.69638
   -5.69062
   -4.74789
   -4.61103
    -12.703
   -2.13735
   -11.4192
   -11.9045
   -2.49473
   -9.68273
    -5.4836
   -1.13739
   -1.72615
   -1.76436
   -7.12089
   -4.23754
   -6.91017
   -9.70457
   -6.80494
    -9.4605
   -1.34589
   -7.93257
   -1.07545
  -0.210302
   -0.88817
   -0.23866
   -1.64932
   0.972807
    -6.8681
   -1.42512
   -4.35997
   -3.09224
   -1.76996
  -0.919886
   -1.80657
   -1.48252
   -1.25003
   -1.12837
   -2.13443
   -3.41357
   -1.97555
   -2.03993
    -2.6403
   -2.32086
   -1.88701
   -1.05636
   -0.36232
  -0.470145
    -2.7703
  -0.903967
  -0.999649
   -4.14011
   -2.76177
  -0.708602
   -1.07648
    -1.8911
   -1.65045
  -0.567697
  -0.366505
   -4.71018
   -2.58305
   -0.10806
   -4.16703
   -9.33333
   -2.59603
     -7.581
    3.18887
   -6.02685
   -4.38364
   -6.50305
   -1.03826
   -1.46572
   -10.5229
  -0.494659
    1.24497
   0.516348
   -3.93441
  0.0324982
    4.47449
   -1.02274
   -2.42613
   -4.07263
   -7.21042
   -6.04015
   -1.40654
  -0.509488
  -0.792527
  -0.747007
   -2.71719
    -6.6158
   -7.89966
   -1.48957
   -1.72449
    -1.3697
   -1.08767
   -4.61689
   -2.52602
   -1.26459
   -2.42801
   -1.39346
   -5.91346
   -2.29034
   -2.65736
   -0.17414
    1.00353
   -1.13017
   -2.63208
     1.7557
  -0.829619
   -5.34381
  -0.995007
    -1.7704
   -4.50322
   -1.34112
    -3.8249
   -2.36483
   -2.24491
   -2.64557
   -2.89741
   -2.60264
   -1.22613
   -3.73603
   -1.90487
   -1.69203
   -1.85445
   -2.44623
    2.32523
   -2.94986
   -3.06279
   -3.39062
    1.81814
   -2.28602
   -10.0333
   -5.25873
   -10.6591
   -8.31446
   -12.0342
   -6.98124
   -7.76443
   -4.40693
   -11.8512
   -7.88905
   -1.84712
   -2.53154
   -6.12627
   -1.48647
   -4.26588
   -1.59632
   -3.64865
   -1.85742
   -3.42925
   -3.22603
   -2.32548
   -1.31801
   -1.27006
   -2.60504
   -2.30338
   -3.19697
   0.676216
   -1.47096
  -0.627999
   -2.43987
   -5.50848
  -0.630394
   -1.80952
   -1.12845
  -0.290964
  -0.701163
   -1.55635
   -3.31899
  -0.966676
    1.07226
   -4.58164
   -1.58442
    -2.8628
   -5.32472
   -9.72657
   -10.0959
   -1.69654
   -3.71839
  -0.843454
   -4.92115
   -1.51283
   -1.02414
   -5.78175
  -0.289019
   -2.15907
    -2.7956
    -4.4956
   -8.54576
   -1.10165
   -1.27065
   -1.24361
  -0.854948
  -0.658262
   -4.98007
   -5.89047
  -0.570937
   -6.38727
   -1.97536
   -3.71588
  -0.790405
  -0.336806
    1.59462
   -7.00922
  -0.713158
   -3.08684
    -2.8741
   -7.00514
   -7.77227
    -6.1357
  -0.701367
   -2.75226
   -6.88222
   -6.06339
   -3.80427
   -11.2857
   -7.42804
   -1.40344
   -2.33118
   -1.91049
   -4.44567
    3.01535
    -1.0672
    1.16786
   -3.08989
    -4.4543
   -1.10572
   -1.62637
   -1.90276
   -2.78853
   -3.03972
    0.77205
   -10.0496
   -9.18949
  -0.439786
   -1.68354
   -0.37781
   -2.90711
   -3.61635
   -2.64943
   -2.98736
   -1.11131
   -1.34811
   -2.25597
   -4.66101
   -2.41562
   -2.08005
  -0.780779
   -5.90749
   -3.36171
   -3.43248
   -13.2539
   -2.35621
   -1.37083
   -6.04173
    0.62291
   -3.11596
   -2.65683
   -2.40242
   -2.18819
   -0.48718
   -4.47475
   -1.60588
   -6.74298
   -6.98701
  -0.851651
    -1.0608
  -0.785034
   -3.07295
   -6.02401
   -6.59781
   -1.56154
    -3.6701
   -9.67587
   -10.5729
   -10.7433
   -2.41075
   -1.00545
   -3.62679
   -1.17726
   -2.31227
    3.59034
   -3.09404
   -11.4622
   -3.27077
   -1.08338
   -1.27374
   -1.23124
   -0.42254
   -3.04458
   -6.82868
   -1.97604
   -10.1139
   -1.47668
  -0.752834
   -3.10239
   -3.09062
  -0.594916
    -6.3281
   -2.31021
   -2.29681
   -2.72075
   -3.38969
  -0.652261
    1.34486
   -3.68785
   -1.86539
   -1.75451
    -7.5235
  -0.345049
   0.453275
   -4.51142
   -1.22966
   -1.62496
   -3.84322
   -1.59851
   -7.93767
   -1.55637
   -2.57569
   -8.35233
   -13.7635
    -6.0625
    -3.2069
   -2.90584
   -2.23234
   -2.42581
   -1.73918
  -0.833171
   -4.90786
   -5.43079
   -1.89511
  -0.577444
   -4.20047
  -0.943934
   -4.46864
    -2.0158
    1.09159
    2.62062
    -1.6318
  -0.967527
  -0.946012
    -6.9413
   -1.59291
   -14.0978
   -12.8575
   -3.62689
  -0.874342
   0.166823
  -0.935584
   -2.36975
   -2.97845
   -1.01541
    -2.8653
   -1.43658
  -0.454686
   -2.31183
   -10.2096
   -3.93016
   -1.57901
   -3.28033
  -0.684463
   0.136402
   -1.23654
  -0.943183
   -2.46391
   -2.95833
   -1.54579
  -0.177267
    -2.0851
   -5.93103
    0.27061
   -4.16915
   0.675447
  0.0784432
   -1.62592
    -2.7524
   -6.90678
   -5.16089
   -0.94961
   -2.37901
   -1.49564
  -0.482036
   -1.38391
   -4.31388
  -0.708171
  -0.158856
   -1.54677
   -5.86364
  -0.707557
   0.228739
   -1.02619
   -1.13608
   -2.42073
   -4.19019
  -0.483714
   -2.47307
   -13.9638
   -2.75149
  0.0443003
    7.66024
   -2.64085
    -6.2807
   -1.78111
  0.0818326
   -1.56188
   -6.64643
   -7.37242
    -6.6268
   -1.55273
   -4.22548
  -0.911711
  -0.971397
   -2.17071
   -0.98482
  -0.546433
  -0.746765
   -1.78725
  -0.404901
   -1.03286
   -1.41157
   -1.30028
  0.0463788
  -0.589804
   -1.30182
   -2.59992
   -3.17011
  -0.747644
   -2.83931
  -0.658408
   -2.16276
  -0.656384
  -0.544799
   -1.78525
   -7.93745
   -5.24938
   -7.49314
  -0.821729
   -1.00471
   -4.22018
  -0.978707
    -1.3684
  -0.275771
  -0.104377
   -1.24739
   -1.15012
  -0.612735
    -0.4977
  -0.728929
   -1.27167
   -1.38828
   -1.99327
   -1.87939
   -1.01199
    -1.7679
  -0.537347
  -0.960088
   -1.49306
  -0.962251
  -0.685919
  -0.859754
  -0.125042
  -0.372053
   -2.04906
   -2.82519
   -1.33547
  -0.694113
     -1.026
   -6.60736
   -0.78669
   -0.57062
   -1.04426
   -8.12112
   -1.03275
  -0.821597
   -2.62495
  0.0155037
  -0.747958
  -0.388373
   -1.74682
  -0.751513
  -0.769848
   -1.52925
   -1.58816
   0.272298
  -0.710623
   -0.64119
  -0.345652
  -0.228268
 0.00614695
   -0.95502
  0.0404714
   -2.41736
   -0.86592
   -3.16039
   -1.43985
  -0.776928
    -1.0063
   -1.06018
  -0.806709
    -1.1291
   -2.49537
  -0.516052
    -1.4143
   -1.74587
   -2.47843
   -6.58669
   -1.14703
   -1.74968
   -2.69659
   -2.60943
   -1.95799
   -7.66378
   -1.06085
   -1.50961
   -3.12078
   -1.08543
   -1.52801
  -0.451169
   0.116985
   -0.89072
   -6.19994
    -1.8694
   -2.58963
  -0.401816
   -0.69746
 -0.0573009
  -0.404998
  -0.663624
   0.106824
   -2.27755
  -0.873654
  -0.342002
   -2.64247
  -0.515587
   -0.37938
  -0.504373
   -1.68514
   -1.08073
   -0.42542
  -0.692921
  -0.582253
   -3.44453
   -1.09062
 -0.0181586
  -0.622102
  -0.529275
  -0.450649
    -0.1451
    -2.0082
   -1.29437
   -4.59001
   -1.74425
  -0.498373
   -1.18755
  -0.377597
   -1.28055
  -0.740828
   -1.69256
   -3.50895
   -2.43077
   -1.23398
  -0.833356
    -3.6643
   -2.26341
   -0.38813
  -0.943424
   -2.25972
     -3.166
   -2.65329
    -2.3761
  -0.844889
   -1.97803
   -2.45919
   -1.01064
   -1.39614
  -0.864447
   -2.86524
  -0.272964
   -1.83822
   -2.76396
   -2.46681
   -1.79426
   0.285223
  -0.160443
  -0.193008
  -0.990734
   -7.91972
   -2.79529
   -8.11908
    -1.1109
  -0.322365
   -7.97717
   -7.14787
   -1.31277
  -0.826593
      -1.64
   -1.75711
    -1.7589
  -0.958902
   -1.25885
  -0.574013
  -0.954736
   -1.64872
   -1.39812
  -0.253686
   -1.51394
  -0.837022
  -0.221417
  -0.589287
    -1.7982
   -4.46458
  -0.193874
  -0.902254
  -0.459199
  -0.483333
 -0.0517946
   -2.63675
  -0.365525
   -2.69196
  -0.149143