 -0.289654
  -0.32999
 -0.326733
 -0.341056
 -0.365753
 -0.384235
 -0.391835
 -0.410417
 -0.391547
 -0.451246
 -0.489006
 -0.575686
 -0.580969
 -0.594428
 -0.601834
 -0.610124
 -0.590595
 -0.593075
 -0.607596
 -0.671208
 -0.672193
 -0.769846
 -0.898103
  -1.00572
  -1.08768
  -1.27841
  -1.47048
  -1.92939
  -2.24628
  -2.56012
   -2.6232
  -2.76328
  -2.78235
  -2.59962
  -2.43992
  -2.64432
  -2.65273
  -2.84241
  -2.94443
  -2.97855
   -2.8603
  -2.86968
  -3.15727
  -3.18724
  -3.20455
   -3.2345
  -3.37852
  -3.36492
  -2.98551
  -2.92718
  -2.89263
  -2.57168
  -1.90096
  -2.13287
  -2.37435
  -2.54902
  -2.77398
  -2.96191
  -3.17622
  -3.46631
  -3.42444
  -3.49594
  -3.66841
  -3.79156
  -3.53561
  -3.66379
  -3.66149
  -3.72273
  -3.78668
  -3.61272
  -3.97585
  -4.24318
  -4.29269
  -4.33073
  -4.35927
  -4.20939
   -3.9644
  -3.78773
  -3.01277
  -2.74624
  -2.49258
  -2.32107
  -2.15041
   -2.1437
  -2.06128
  -1.88865
  -2.47844
  -2.50956
  -2.76004
  -2.79989
  -2.80698
  -2.74783
  -2.24889
  -2.13776
  -2.32176
  -2.30674
  -2.17306
  -2.25867
  -2.28818
  -2.43091
  -2.43655
  -2.50125
  -2.59141
  -2.51558
  -2.32585
  -2.12414
  -1.90607
  -1.67632
  -1.55732
  -1.35748
  -1.16866
  -1.00777
 -0.910682
 -0.791013
  -0.75451
 -0.598913
 -0.544604
 -0.578566
 -0.591616
 -0.564749
 -0.587228
 -0.642136
  -0.64579
 -0.669532
 -0.668053
 -0.652981
 -0.486676
 -0.451368
   -0.3854
 -0.379258
 -0.350089
 -0.333203
  -0.31499
 -0.294741
  -0.27035
 -0.258786
 -0.252954
 -0.246456
 -0.190265
 -0.182324
 -0.177435
 -0.230082
 -0.254667
 -0.244925
 -0.352351
 -0.541594
 -0.631584
 -0.754678
 -0.802983
 -0.830682
 -0.861501
 -0.891895
 -0.977354
   -1.0825
  -1.11007
  -1.14992
  -1.11528
  -1.04582
 -0.987435
 -0.905087
 -0.866088
 -0.901399
 -0.883883
 -0.998848
  -1.11098
  -1.23027
  -1.45915
  -1.61312
  -1.74316
  -1.80973
  -1.80696
  -1.75236
  -1.75959
  -1.83925
   -1.9588
  -2.05308
   -2.0352
  -1.92457
   -1.7974
  -1.74676
  -1.72188
   -1.7456
  -1.78385
   -1.7858
  -1.71322
  -1.64428
  -1.57673
  -1.54117
  -1.53913
  -1.55915
  -1.59303
  -1.61082
  -1.65448
  -1.68727
  -1.71152
  -1.74446
  -1.74127
  -1.77508
  -1.80858
  -1.86871
  -1.94772
  -1.98055
  -1.97153
  -1.85063
  -1.65218
  -1.49149
  -1.45425
  -1.49439
  -1.55331
  -1.63738
  -1.67844
  -1.68807
  -1.66423
  -1.63523
  -1.63196
   -1.6827
  -1.76089
  -1.74495
  -1.74261
  -1.79659
  -1.88767
  -1.95082
  -2.01928
  -2.07066
  -1.99991
  -1.81339
  -1.65531
  -1.57308
   -1.6704
  -1.67338
  -1.59969
  -1.48143
  -1.36151
  -1.26452
  -1.14701
  -1.02682
 -0.971986
 -0.899052
 -0.862851
 -0.830925
 -0.772453
 -0.752923
 -0.706079
 -0.706753
 -0.686039
 -0.671231
 -0.691131
 -0.693065
  -0.67361
 -0.662328
 -0.647924
 -0.603144
 -0.552939
 -0.509174
 -0.451018
 -0.391141
 -0.316992
 -0.241332
 -0.161262
 -0.171495
  -0.16044
   -0.1705
 -0.218775
 -0.232837
 -0.240647
 -0.220784
 -0.229616
 -0.258647
 -0.321088
 -0.279826
  -1.99947
  -3.70852
  -2.09554
  -3.52119
 -0.217419
 -0.245936
 -0.389654
  -1.89875
  -3.62667
 -0.239184
 -0.352389
  -1.84277
  -3.71481
  -0.22789
 -0.324977
 -0.374041
  -1.94384
  -1.80471
  -3.69814
  -3.76424
 -0.227667
 -0.226294
 -0.214658
   -1.1528
  -3.39857
 -0.668777
  -1.80352
  -1.91196
  -1.77298
  -3.64577
  -3.25216
  -4.41221
 -0.284167
 -0.801217
  -1.51765
 -0.259264
 -0.454578
 -0.372067
 -0.412123
   -0.4279
 -0.360153
  -1.76161
  -1.80343
  -1.81187
  -1.83494
   -1.7665
  -3.60985
  -3.62174
  -3.41678
  -3.62773
  -3.67385
 -0.247307
 -0.259588
 -0.246791
 -0.260243
 -0.223831
 -0.252556
 -0.221429
 -0.219996
 -0.236148
 -0.199833
 -0.517003
 -0.802526
  -0.85211
  -1.14894
  -1.11787
  -2.53222
  -2.17364
  -3.96639
  -3.51772
  -3.35037
  -0.60787
 -0.655812
 -0.907713
 -0.764459
  -1.61241
  -1.80778
  -2.04608
  -1.99565
  -2.00434
  -1.97371
  -1.59561
  -2.04019
  -1.73796
  -1.57404
  -1.59983
   -1.6626
  -1.75233
  -2.25899
  -3.68151
  -3.84347
  -3.74459
  -3.72134
  -3.96449
  -2.60004
  -3.39603
 -0.684239
  -1.36818
  -2.43281
  -2.85478
  -3.46201
  -3.76737
  -4.54907
  -0.23967
 -0.288678
 -0.379284
 -0.257365
  -0.31283
  -0.75953
 -0.761337
 -0.987492
  -0.95905
  -1.58497
  -1.41181
 -0.217252
 -0.519053
 -0.599891
  -0.65411
  -1.64499
  -1.68682
  -3.69098
  -4.73475
 -0.244278
  -0.33054
  -0.23503
 -0.420045
  -0.28615
 -0.255483
 -0.264264
 -0.255172
  -0.20658
 -0.342067
 -0.462678
 -0.791225
   -0.8408
  -1.05297
  -1.20963
   -1.0967
  -1.04247
  -1.35789
  -2.57023
  -2.52591
  -2.45971
  -2.42077
  -1.59707
  -2.98058
  -3.85833
  -3.73514
  -3.10822
  -3.25688
  -3.62433
  -2.97183
 -0.606172
 -0.633862
 -0.612595
 -0.642999
 -0.838286
 -0.661863
  -1.75621
  -1.70391
  -1.82405
   -1.8222
  -1.78105
  -1.67223
  -1.81749
  -1.47562
  -1.40945
  -1.49315
  -1.52477
  -1.44754
  -1.64698
  -1.43837
    -1.562
  -1.68232
  -1.63605
  -1.76863
  -1.81409
  -1.84208
  -2.00609
  -1.77746
   -1.9602
  -4.18284
  -3.97063
  -3.71014
  -4.00964
   -4.5573
  -3.64833
  -4.27738
  -2.63981
  -2.69277
  -2.62058
   -3.1368
  -3.45221
  -0.64237
 -0.690877
 -0.551281
 -0.670755
  -1.24498
 -0.980235
   -2.4594
  -2.14038
  -2.85731
  -2.69527
  -2.62489
  -3.80977
  -4.09093
 -0.400276
 -0.456282
 -0.418113
 -0.420124
 -0.434616
 -0.363836
  -0.41026
 -0.736051
 -0.761232
 -0.753413
 -0.715217
 -0.878132
  -1.48961
 -0.794974
   -1.5703
  -1.69973
  -1.62178
  -1.47483
 -0.201742
  -0.16552
 -0.288268
 -0.493582
 -0.527971
  -0.70017
 -0.484883
  -1.66221
  -1.73208
  -3.63253
  -2.89187
  -3.74837
 -0.249267
 -0.263377
 -0.273842
 -0.298111
 -0.280082
 -0.270147
 -0.350201
 -0.290396
 -0.438702
 -0.623644
 -0.778283
 -0.807201
 -0.762643
 -0.968773
  -1.17139
  -1.13687
  -1.03986
 -0.972043
 -0.918127
 -0.960885
  -1.19356
  -2.62539
  -2.65296
  -2.63072
  -3.21954
  -2.73155
  -3.23698
  -2.88542
    -2.703
  -2.65789
  -2.49716
  -2.45554
  -2.30314
  -1.74688
  -2.51698
  -2.39031
  -2.54964
   -3.0395
  -4.00179
  -3.32214
  -2.79634
  -2.89227
  -2.78485
  -3.11161
  -3.10107
  -2.71433
  -2.68697
 -0.618151
 -0.632568
 -0.670752
 -0.677148
 -0.643345
 -0.619791
 -0.663252
 -0.637243
 -0.682354
  -0.60814
 -0.649509
 -0.685601
 -0.935621
 -0.786927
  -1.06395
  -0.69567
 -0.717874
  -1.74213
  -1.74938
  -1.96616
  -2.25879
  -1.86579
   -1.9215
  -1.81602
  -1.86679
  -1.80216
  -1.80129
  -1.77322
  -1.49919
  -1.89482
   -1.9786
  -1.77674
  -2.10238
  -1.45498
  -1.52141
  -1.49046
  -1.51091
  -1.44821
  -1.56961
  -1.77397
  -1.54361
  -1.64597
  -1.70177
   -1.6593
  -1.80908
  -1.83005
  -1.90045
  -2.01409
  -1.85703
  -1.64449
  -1.51189
  -1.78338
  -4.01978
  -3.76712
  -3.95598
  -3.98665
  -3.76924
   -2.6814
  -2.90446
  -2.93837
  -2.92766
  -2.65195
  -2.91688
  -2.60988
    -2.623
   -2.8784
  -2.72821
  -2.91026
  -3.09329
  -3.10911
 -0.645653
 -0.595205
 -0.632921
 -0.705948
 -0.434491
  -0.48565
 -0.645287
  -1.29561
  -1.57789
  -1.08146
 -0.914327
  -2.58785
   -2.1744
  -2.33035
  -2.50206
  -3.22215
  -4.34165
   -3.5834
   -3.8012
  -3.83135
  -3.40065
  -3.60485
  -2.47104
  -2.58121
  -2.77045
  -3.74258
  -3.72248
   -3.5563
  -3.77439
  -3.79496
 -0.394635
 -0.429909
  -0.42201
 -0.396859
 -0.438713
 -0.720944
 -0.747101
 -0.738143
 -0.877216
 -0.756229
  -0.71418
  -0.70335
 -0.683026
 -0.909975
  -0.83067
 -0.983283
  -1.30527
  -0.77996
 -0.765741
 -0.816571
 -0.764956
  -1.69565
  -1.67005
  -1.63601
  -1.56523
  -1.49104
  -1.61713
  -1.52582
  -1.49801
  -1.59387
  -1.52242
  -1.58314
  -1.52314
  -1.53541
  -0.14149
 -0.222708
 -0.240091
 -0.365278
 -0.362674
 -0.345742
 -0.271748
 -0.424976
 -0.285269
 -0.445579
 -0.279893
 -0.487669
 -0.562595
 -0.445894
 -0.609353
 -0.457366
 -0.427243
  -1.68791
  -1.76421
  -1.86541
  -3.54347
  -3.16486
  -3.60653
  -3.68513
 -0.257038
 -0.271118
 -0.262978
 -0.304497
 -0.390689
 -0.242608
 -0.293026
 -0.356544
 -0.345787
 -0.504871
 -0.532792
  -0.41697
 -0.443764
 -0.494921
 -0.409598
 -0.935703
 -0.758352
 -0.589001
 -0.835882
  -0.65341
 -0.649946
 -0.346152
 -0.377323
 -0.364265
 -0.557243
 -0.299554
 -0.432355
 -0.657056
 -0.502081
 -0.422573
 -0.556818
 -0.765181
 -0.736995
  -1.10277
 -0.929173
  -1.09397
  -1.11756
  -1.02307
 -0.958492
 -0.960442
 -0.967762
  -1.16353
  -3.32042
  -2.21756
  -1.75882
  -1.61757
  -2.04072
  -2.10487
  -2.61976
  -2.31456
  -2.61482
  -2.56654
  -3.03882
   -3.7813
  -3.68494
  -2.76211
  -2.77548
  -2.45965
  -2.72632
  -3.32865
  -2.84147
  -3.30791
  -2.50625
  -2.83519
 -0.686875
 -0.672904
 -0.827448
  -1.18793
  -1.14414
  -1.41572
  -1.12735
  -1.03931
 -0.713007
 -0.759086
   -1.7299
  -1.84955
  -1.77343
  -1.71562
  -1.68145
  -1.69148
  -1.73258
  -1.64035
  -1.39704
  -1.26927
  -1.99714
  -1.85851
   -1.9306
  -1.54366
  -1.53231
   -1.5064
  -1.47879
   -1.4721
  -1.54415
  -1.57005
  -1.47238
  -1.53548
  -1.41411
  -1.54897
  -1.48048
  -1.77335
  -1.70965
  -1.62715
  -1.69987
  -1.72102
  -1.51976
  -1.47349
  -1.52158
  -1.45247
  -1.41637
  -1.57842
  -1.41703
  -1.65285
  -1.44792
   -1.7603
  -1.66765
  -1.61457
  -1.67887
  -1.65185
  -1.77964
  -1.85448
   -1.9321
  -2.03844
  -1.80244
  -1.60187
  -1.57642
  -1.66844
  -4.13732
  -3.67845
    -4.139
  -3.96495
  -3.46222
  -3.46612
  -3.63973
  -3.91195
  -3.41558
  -3.86295
  -3.44434
  -3.37325
  -5.57367
  -4.49347
  -3.77428
  -5.65035
  -4.48893
  -4.74007
  -3.72036
  -4.17985
  -3.70083
  -4.88378
  -3.84246
  -4.22618
  -6.03815
  -4.93887
  -2.68397
  -3.31247
  -3.07309
  -3.10402
   -3.2415
 -0.580904
 -0.652816
 -0.603046
  -0.63685
 -0.701648
 -0.807386
 -0.388126
 -0.440877
 -0.613423
  -0.62307
  -1.55549
  -1.12825
  -1.00812
 -0.941801
 -0.876252
  -2.33924
  -2.01357
   -4.2453
  -2.83149
  -3.50288
   -3.5334
  -3.56671
  -3.13517
  -3.45506
   -3.4483
  -3.51735
  -3.93399
 -0.429896
 -0.489904
 -0.387235
 -0.429952
 -0.463497
 -0.459823
 -0.629389
 -0.557838
   -0.5192
  -0.49183
 -0.557784
  -0.50682
 -0.812664
 -0.839143
 -0.665579
 -0.905455
 -0.739487
 -0.725804
 -0.414869
 -0.393037
 -0.409534
 -0.506645
 -0.374048
 -0.445145
 -0.507055
 -0.446105
 -0.699404
 -0.877024
 -0.861484
 -0.898939
 -0.852862
 -0.841563
  -1.05737
  -1.13736
  -1.35764
  -1.48235
 -0.747617
 -0.807431
 -0.749403
  -1.54629
  -1.43217
  -1.65029
  -1.56951
  -1.73594
   -1.5238
  -1.47749
  -1.61432
  -1.48825
  -1.58893
 -0.345432
  -0.43416
 -0.599818
 -0.600685
 -0.639502
 -0.576014
 -0.569119
 -0.629912
 -0.561588
 -0.561633
 -0.654907
 -0.584261
 -0.410933
  -1.83721
  -2.94544
  -3.09937
  -3.60006
 -0.245752
 -0.441487
 -0.517603
 -0.628624
  -1.04221
  -0.77896
 -0.787267
  -0.32814
 -0.318468
 -0.340443
 -0.466293
 -0.663984
 -0.743575
 -0.996603
 -0.761597
 -0.625793
  -1.12175
  -1.09048
  -1.02594
 -0.949764
 -0.912952
  -1.06454
  -1.49077
  -1.78433
  -3.58357
  -3.47301
  -2.84643
  -3.38067
  -3.59562
  -2.87097
   -0.7067
 -0.644638
 -0.631955
 -0.643867
  -1.19152
  -1.31455
  -1.28376
  -1.32734
  -1.23426
  -1.13544
  -1.42691
  -1.17722
  -2.07308
  -1.40044
  -1.00606
  -1.61263
  -1.68914
  -1.36734
  -1.51523
  -1.64215
  -1.72953
  -1.45239
  -1.58639
  -1.49602
  -1.47282
  -1.63968
  -1.66354
  -1.58885
   -1.8455
  -1.67063
  -1.69716
  -1.66473
  -1.73175
  -1.68916
  -1.69086
  -1.60177
  -1.62924
  -1.98651
  -1.98478
  -2.07106
  -1.70531
  -1.56775
  -1.64523
  -4.25057
  -3.81199
  -4.59645
  -7.23277
  -5.67979
   -5.7469
  -4.04212
  -3.77623
  -3.42773
  -3.39939
 -0.684224
 -0.443062
 -0.642218
 -0.512435
 -0.864895
 -0.829344
  -2.88514
  -2.80252
  -2.95272
  -2.53568
  -3.32129
  -3.32396
  -3.61139
  -3.45214
  -3.57648
  -3.57826
  -3.49328
  -3.49793
  -3.31407
  -3.51592
  -3.70054
  -3.14157
  -3.45005
   -3.3483
  -3.45461
 -0.479414
 -0.614345
 -0.611297
 -0.978398
 -0.694094
  -0.82519
 -0.258443
 -0.323653
 -0.821572
 -0.866739
  -1.56861
  -1.60793
  -1.43415
 -0.265091
 -0.503661
 -0.406854
 -0.641011
  -0.47836
 -0.267593
 -0.856749
  -1.00127
  -1.12216
 -0.922441
  -1.11766
  -1.00435
  -1.58989
  -2.05768
  -3.69335
  -3.30093
  -2.81601
  -3.03222
  -1.00803
  -1.79634
  -1.44435
  -1.83729
  -1.58706
  -1.67423
  -1.60315
  -1.70088
  -1.64594
  -1.79112
  -1.51025
  -1.26599
  -1.71416
  -1.58332
   -1.6153
  -1.83634
  -1.64235
  -1.69324
  -2.18166
  -1.57061
  -1.80362
  -1.68866
  -3.60967
  -5.93082
  -4.85067
  -3.68885
  -3.44938
   -3.1804
 -0.401364
 -0.564113
  -0.58525
  -0.58259
  -3.56243
  -3.39052
  -3.32354
   -3.1774
  -3.43143
 -0.488824
  -0.54768
 -0.395308
 -0.259008
 -0.815822
  -0.84527
 -0.825773
  -1.32736
  -1.09476
  -1.79698
  -1.69818
  -1.21481
  -0.38176
  -1.37025
  -1.16755
   -1.1151
  -3.08383
  -1.97301
  -1.21651
  -1.67311
  -1.82945
  -2.07758
  -1.98211
  -1.28905
  -1.45859
  -1.53927
   -1.5283
  -1.87184
  -2.15935
  -1.62273
   -7.9387
  -4.20261
 -0.536336
  -3.31222
  -2.22741
  -3.24125
  -1.00857
 -0.389331
 -0.833355
 -0.913832
 -0.951128
  -1.85684
  -1.75275
 -0.874117
  -1.20223
  -1.10422
  -1.45278
 -0.965132
  -1.45436
  -1.88588
  -1.93834
  -1.68226
  -2.23124
  -2.02945
   -2.1649
  -1.50255
  -7.22645
  -2.70731
 -0.747762
  -0.91986
  -1.18555
  -0.85099
  -1.15361
  -1.17086
  -1.24682
  -1.37567
 -0.950331
  -1.60057
  -1.67657
  -2.30413
  -2.19188
  -2.08274
  -1.75227
  -1.49025
  -6.65772
  -2.99179
 -0.777877
   -1.3388
  -1.11734
  -1.28102
  -1.78888
  -1.46351
  -1.69995
  -0.33756
 -0.342013
  -1.95224
  -2.00497
  -3.70685
  -3.74284
 -0.229578
 -0.230402
 -0.222481
  -2.63739
  -1.67768
  -1.75398
  -3.59652
   -3.2791
 -0.342093
 -0.747072
  -2.92099
  -3.50645
   -3.4993
  -3.32991
  -3.38982
   -3.2385
  -3.26159
  -0.64112
 -0.619311
  -0.67186
 -0.807141
 -0.694419
 -0.688985
   -1.7595
  -1.69039
  -1.70917
  -1.91688
  -1.83127
  -1.74863
  -1.95002
  -2.01528
  -2.14457
  -1.93421
  -1.82474
  -1.64719
  -1.67605
  -1.89391
  -1.89035
  -1.83465
  -2.98459
 -0.636168
 -0.656965
  -1.52347
  -1.09796
  -2.10533
   -2.3247
  -3.32914
  -3.10724
  -3.87771
  -4.02378
  -4.45313
  -4.53999
 -0.742709
 -0.745247
 -0.738216
 -0.801787
 -0.805968
  -1.06951
  -1.05099
 -0.901916
 -0.978978
  -1.02579
  -1.05971
  -1.11095
  -1.07738
   -1.1949
  -1.01935
  -1.01698
  -1.55298
  -1.59377
  -1.63774
 -0.231068
 -0.218922
 -0.187923
  -0.54616
 -0.528758
  -1.70648
  -1.67718
  -3.76989
  -4.25963
 -0.250788
 -0.265137
  -2.22128
  -2.36514
  -2.46657
 -0.946027
 -0.911386
 -0.901545
 -0.984329
 -0.893901
 -0.953127
  -1.74015
  -1.69154
  -1.70071
  -3.33663
  -3.37966
  -3.17766
  -3.76182
  -3.84844
  -3.77475
  -3.79607
  -3.76206
  -3.69604
 -0.737413
 -0.734626
 -0.731753
  -1.76675
  -1.70053
 -0.721202
 -0.670089
  -1.28918
  -3.32475
  -3.44696
   -2.9705
  -4.14763
  -2.83181
  -3.09787
  -3.34156
  -3.00834
   -4.0243
  -4.19773
  -5.06971
  -4.77805
  -3.36128
  -3.30658
  -3.52247
  -3.16019
  -3.52576
  -2.75811
  -3.32127
  -3.46045
  -1.61849
 -0.651274
 -0.640779
 -0.652441
 -0.898002
 -0.685126
 -0.636833
 -0.650948
 -0.638345
 -0.691115
  -1.07069
 -0.841349
 -0.732378
  -0.92114
   -1.0146
  -1.03759
   -1.0848
  -1.21245
  -1.67565
    -1.641
  -1.40905
 -0.835601
 -0.355214
  -0.26715
 -0.305014
 -0.313907
  -3.26325
  -3.70721
  -3.78863
  -3.27744
    -4.382
   -3.2274
  -4.56485
  -4.72248
  -3.71597
  -3.90543
  -4.44606
  -4.03837
  -3.26353
  -3.65542
  -1.02869
  -1.85605
  -2.13983
  -1.68604
  -1.72839
  -1.78761
  -2.07279
  -7.17782
  -4.17979
  -3.56341
   -3.7441
  -3.73502
 -0.534808
   -0.6632
 -0.670672
 -0.596024
 -0.743388
  -0.62892
 -0.731951
 -0.767205
 -0.657189
 -0.682505
  -0.73656
 -0.678887
 -0.658038
 -0.644453
  -3.57267
   -3.3369
 -0.465329
 -0.317816
  -0.30398
 -0.264444
 -0.252865
  -1.91047
  -1.95428
  -2.13509
 -0.794956
 -0.776322
 -0.827128
  -1.86942
  -2.02614
  -1.89786
  -1.88403
  -1.91122
  -1.78833
  -1.30452
  -1.06132
  -1.53787
   -1.3683
  -1.28094
   -1.5125
  -1.26901
  -1.40279
  -1.31576
  -1.29982
  -1.20907
  -1.21621
  -1.19199
  -1.21732
  -1.24411
  -1.20874
  -1.23037
  -1.26333
  -1.29618
  -1.24738
  -1.19542
  -1.30332
  -1.17315
  -1.17543
   -1.1625
  -1.07598
  -1.08256
  -2.07706
  -1.96942
  -1.98468
  -2.04907
  -1.79056
  -1.88503
  -1.75071
  -1.81226
  -1.79677
  -1.67467
  -1.76809
  -1.97616
  -1.92872
  -1.90308
  -1.92838
   -1.9615
   -1.7428
  -1.70204
  -1.79572
  -1.90014
  -1.97362
  -1.43134
  -1.79691
  -1.60779
  -1.53535
  -1.03884
 -0.972893
 -0.934328
  -1.14586
  -1.09216
  -1.07363
  -1.17643
  -1.33739
  -1.27396
  -1.24272
  -1.20525
  -1.23838
  -1.32379
   -1.2398
  -1.31418
  -1.18941
  -1.30963
  -1.92918
  -1.96767
   -2.0958
  -2.12415
  -1.49556
  -1.64104
  -1.53663
  -1.92665
  -1.84691
  -1.64647
  -1.69813
  -2.13268
  -2.25387
  -2.09032
  -2.29088
  -2.17271
  -2.05448
  -2.22069
  -2.09888
  -2.24618
  -2.03629
 -0.381115
 -0.443917
  -1.91868
  -1.91985
  -3.71132
  -4.48268
 -0.245201
 -0.299107
  -2.51729
  -2.67815
  -2.56856
  -2.36239
  -3.10135
  -2.11651
   -2.3804
  -2.64387
  -2.65893
  -3.00643
  -3.12925
   -1.9217
  -1.63974
  -2.85113
  -3.27347
  -3.44134
  -3.37327
  -3.28714
  -3.38373
  -3.13891
  -2.28456
  -3.35003
  -2.95395
  -3.10004
  -3.37863
 -0.745798
  -3.36423
  -2.85198
  -4.68569
  -4.70532
  -4.17674
  -4.65901
  -4.12396
  -4.25522
  -4.16541
  -4.44926
  -4.81501
  -4.52769
  -4.67589
  -4.32052
  -2.80244
  -3.33347
  -3.86807
  -4.66524
  -5.54301
  -5.39158
  -4.93708
  -3.77917
  -3.67717
  -4.51023
  -4.30545
  -5.10954
  -5.65211
  -5.41824
  -6.33456
  -5.87957
  -6.07694
  -3.45712
  -3.25863
  -2.87166
  -2.85438
 -0.663835
 -0.663772
 -0.802931
 -0.770318
 -0.737034
 -0.803966
 -0.763159
  -0.64968
 -0.701444
  -2.17251
  -2.01632
   -2.1315
  -2.23847
  -2.24033
  -2.04757
  -2.24023
  -2.13494
  -1.99147
  -1.89332
   -1.7643
  -2.00395
   -1.9037
  -1.72109
  -1.78529
  -1.84704
  -1.72797
   -1.8228
  -1.78857
   -1.7156
  -1.83179
  -1.75055
  -1.83272
  -1.95792
  -1.86806
  -1.95395
  -2.10364
  -1.66574
  -2.04961
  -1.76253
  -1.67245
  -1.69002
    -1.796
  -1.86134
  -1.99956
  -1.74119
  -1.69066
   -1.6998
  -1.71548
  -1.71034
   -1.8393
  -1.90481
   -1.8606
  -1.98593
  -1.70224
  -1.68788
   -1.6158
  -1.77973
  -1.74505
  -1.79217
  -1.73242
  -1.87977
  -1.84672
  -1.65095
  -1.80791
  -1.94505
   -1.6534
  -1.64574
  -1.90654
  -1.65483
  -1.62874
  -1.66317
  -1.57305
  -1.66426
   -1.5971
  -1.64538
  -1.84522
   -1.9756
  -1.93206
  -1.97216
  -1.87642
  -1.91822
   -1.9905
  -1.94084
  -2.07764
  -1.97983
  -1.89656
  -2.02399
  -1.97727
  -1.83598
  -1.86752
  -1.87546
  -1.83932
  -1.94114
   -1.9948
  -1.99524
  -1.86406
  -1.93656
  -2.09281
  -1.95006
  -1.93709
  -1.87155
  -1.97072
  -1.83233
  -1.89108
  -1.88601
  -1.92716
  -1.91586
  -2.03489
  -1.93692
  -1.91718
  -1.81474
  -1.94301
  -2.00486
  -1.93356
  -1.90479
  -1.93241
  -1.85578
  -1.87413
  -1.89799
  -1.83917
   -1.8475
  -1.87178
  -1.87022
  -1.76584
  -1.52844
    -1.842
  -1.94957
  -1.90075
   -1.8072
  -2.02419
  -1.86769
  -1.97661
  -1.71466
  -1.77293
  -1.86407
  -1.73305
  -1.77294
   -1.6383
  -1.77146
 -0.661368
  -0.62549
  -0.75776
  -0.74712
 -0.689572
 -0.698623
 -0.681747
 -0.775313
 -0.997335
  -0.92247
 -0.793143
 -0.869734
 -0.880378
   -1.0118
   -1.1402
  -1.12811
  -1.10955
 -0.967438
  -1.01581
  -0.89049
  -1.03881
  -1.05384
  -1.12958
   -1.1564
  -1.13137
  -1.15203
  -0.86701
 -0.787845
  -1.05174
 -0.899219
 -0.904842
  -1.29346
  -1.53261
  -2.18652
  -1.83882
  -3.70449
  -3.70777
  -6.76489
  -5.64283
  -4.63123
  -5.50527
  -3.80028
  -4.10622
   -3.9399
 -0.964193
 -0.999876
 -0.990595
 -0.962044
 -0.976329
  -1.01463
  -0.96436
 -0.977345
  -0.99444
 -0.986435
 -0.827034
 -0.969426
  -1.06102
  -1.30777
  -1.29908
  -1.18306
  -1.12636
  -1.40621
  -1.18542
  -1.23548
  -1.08862
  -1.07413
  -1.27065
  -1.05451
  -1.32348
  -1.08931
 -0.936604
 -0.809628
 -0.889293
 -0.845237
  -1.18556
   -1.2142
  -1.37041
  -1.31886
 -0.871446
 -0.824263
  -1.11323
  -1.11375
  -1.52468
   -1.3743
  -1.39586
  -1.58885
  -1.46325
  -1.15204
 -0.843061
  -1.08985
  -1.23981
  -1.71469
  -1.43561
  -1.54478
  -1.32493
  -1.55509
 -0.965675
  -1.16814
  -1.50423
  -1.82471
  -1.12578
   -1.3786
  -1.66712
  -1.29977
  -1.29876
  -1.34883
  -1.40694
   -1.6913
  -1.42374
  -1.50103
  -1.60581
    -1.783
  -1.71093
  -1.84763
  -1.65992
  -1.78023
  -2.10952
  -1.70676
  -1.61276
  -1.40949
  -1.53604
  -1.58207
  -1.46737
  -1.77265
  -1.67349
  -1.77302
  -1.70545
  -1.68161
  -1.56227
   -2.0201
  -2.03356
  -1.49339
  -1.67128
  -1.94529
  -1.95438
  -1.92164
  -1.86637
  -1.90611
  -1.94447
  -1.88065
  -1.97707
  -1.80147
  -1.98585
  -1.99759
  -2.04228
  -1.02275
  -1.09062
 -0.809256
 -0.858674
 -0.958066
 -0.787136
  -1.10587
 -0.717654
  -1.04128
  -1.14407
 -0.888908
 -0.649725
  -1.10436
  -1.55488
  -1.55095
  -1.50956
  -1.58488
  -1.53466
  -1.60584
 -0.291011
 -0.366688
   -0.3012
 -0.426579
 -0.286483
 -0.246359
 -0.710574
  -1.56404
  -1.59702
  -1.66336
  -4.29533
 -0.290066
 -0.300721
 -0.269622
  -1.75521
 -0.674087
  -4.16653
  -3.43102
  -3.47173
    -3.452
  -3.02208
  -3.54999
  -3.32174
  -3.31159
  -3.35037
  -3.26888
  -3.37444
  -2.71402
  -3.01089
  -2.64016
  -2.99641
  -3.41432
  -1.23697
  -3.47372
  -3.30645
  -3.43309
  -2.03471
  -3.38937
   -3.1765
  -3.31819
  -2.38357
  -3.36537
   -3.2797
  -3.34108
   -3.2926
  -3.41306
  -2.52095
  -3.29648
  -3.13406
   -3.3857
  -2.72511
  -3.04357
   -2.7812
  -3.12452
  -2.95479
  -0.85381
  -1.98272
  -1.69568
  -1.57921
  -1.86011
  -1.42771
  -1.70997
  -1.84741
  -1.93766
  -1.99165
  -1.93746
  -1.74495
  -1.85985
  -1.64036
   -1.7576
   -1.9182
 -0.974532
  -1.76267
  -2.13923
  -2.03962
  -1.25673
  -2.17443
  -2.43434
  -2.50149
  -1.48932
  -2.90985
  -2.24995
  -3.04318
  -3.18662
  -2.24271
  -1.89465
  -2.73933
  -2.57367
  -3.25946
  -1.85799
  -2.19751
  -2.19304
  -2.10596
  -1.87205
 -0.543424
 -0.972341
 -0.308188
  -3.49717
 -0.923969
 -0.781671
  -1.92971
  -1.82681
  -2.00343
  -5.61778
  -7.78282
  -3.88059
  -0.59986
  -3.73552
  -4.14194
 -0.328762
 -0.571784
 -0.224447
  -1.83599
  -1.65156
  -1.74795
  -1.77695
  -1.37869
  -1.62258
  -1.71209
  -1.23022
  -1.10638
 -0.955209
  -2.00251
  -1.78502
  -1.78853
  -1.14537
   -1.5105
 -0.406087
 -0.355395
 -0.469904
 -0.460249
 -0.454067
 -0.363262
 -0.617912
 -0.529875
 -0.568413
 -0.390094
  -1.91145
  -2.05131
   -1.8034
  -2.00195
  -1.97239
  -2.08542
   -1.9648
  -1.80681
  -1.68157
  -1.87271
  -3.90135
  -3.89274
  -3.88657
  -4.75533
  -4.41758
  -3.91095
   -5.4614
  -4.52227
  -3.93466
  -4.56224
 -0.267437
 -0.264029
 -0.262697
 -0.301643
 -0.301802
 -0.269461
 -0.366918
 -0.315945
 -0.282723
 -0.292783
  -2.06197
  -2.28345
  -3.37083
  -3.29357
  -4.04284
  -4.06148
  -4.23666
   -3.5146
  -4.02458
  -4.13195
  -4.50323
   -3.0075
  -3.57169
  -3.92039
  -3.10009
  -3.94214
  -5.30085
  -0.71798
  -1.11531
 -0.835927
 -0.717352
 -0.720133
   -1.8957
  -1.90288
  -1.74003
   -1.7214
  -1.74386
  -1.61736
  -1.59619
  -1.63313
  -1.61448
  -1.61648
  -1.61798
  -1.61187
  -1.61357
  -1.59575
   -1.5854
  -1.58268
  -1.59102
  -1.59355
  -1.63725
  -1.62035
  -1.64893
  -1.64411
  -1.59551
  -1.57198
  -1.60449
  -1.64902
  -1.63004
  -1.64442
  -1.61357
  -1.62477
    -1.586
   -1.5819
  -1.68503
  -1.61342
  -1.71287
  -1.64665
  -1.63843
  -1.57399
  -1.61305
  -1.67975
  -1.65228
  -1.69946
  -1.64212
   -1.6194
  -1.62573
  -1.62389
  -1.74732
  -1.66358
  -1.73312
  -1.76942
  -1.72708
   -1.7096
  -2.54677
  -1.64693
  -1.99632
  -1.77146
  -1.68196
  -1.66903
  -1.73132
  -1.68964
  -1.77833
  -1.81542
  -1.81064
  -1.87968
  -1.87574
  -1.72476
  -1.81818
  -1.94663
  -1.88992
  -1.82108
  -1.83117
  -1.94738
  -1.94879
  -2.00309
  -2.03035
  -2.02609
  -2.05085
  -2.91135
  -2.07297
  -1.85275
  -2.03671
  -2.08637
  -2.03415
  -2.05074
  -2.14313
   -2.0631
  -2.96384
  -2.04962
  -2.09717
  -1.96448
  -1.96796
  -2.05753
  -1.67857
  -1.96868
  -2.03655
  -2.03664
  -2.05701
  -1.82615
  -1.84449
  -1.95187
    -1.978
  -1.80131
  -1.48271
  -1.66236
  -1.63382
  -1.66316
   -1.5381
  -1.80481
  -1.84149
 -0.689115
  -0.71634
 -0.792157
 -0.756679
 -0.811021
 -0.902419
 -0.816112
  -1.46624
  -1.24176
  -1.02845
  -1.07638
  -1.12258
  -1.11952
  -4.70639
  -5.04937
  -5.03201
  -4.76111
  -4.69044
  -1.15605
  -1.30325
  -1.24532
   -1.4066
  -1.36038
  -1.17769
  -1.09826
 -0.911204
  -1.20104
  -1.18146
  -1.46152
  -1.71246
  -1.59552
  -1.15247
   -1.1041
  -1.53394
  -1.62856
  -1.64077
  -2.06702
  -1.83511
  -1.53221
  -1.51014
  -1.64372
  -1.75837
  -1.84853
  -1.97142
  -1.93497
  -1.83842
  -2.02559
   -1.8994
   -2.0382
  -2.20564
  -1.89532
  -2.11427
  -2.10333
  -2.03522
  -2.07576
  -2.08426
  -2.00146
  -1.89117
  -2.11996
  -2.23688
  -2.62187
  -2.13529
  -2.18241
  -2.17406
  -1.92204
  -1.95692
  -1.90228
  -1.81465
  -1.96974
  -1.99027
  -2.04925
  -2.06245
  -2.08213
  -2.06678
  -2.09501
  -2.05402
    -1.086
 -0.920515
 -0.565987
   -1.2627
 -0.717077
 -0.706628
 -0.676984
 -0.709912
 -0.652348
 -0.730625
  -0.70179
 -0.665678
 -0.769903
 -0.679469
  -1.61158
  -1.50505
  -1.57535
  -3.91763
  -7.41421
  -3.84205
  -4.05202
  -3.27583
  -3.49633
  -3.25085
    -4.753
  -4.39749
  -3.07784
  -5.55222
  -3.96477
 -0.286129
  -0.40615
 -0.304904
  -1.80344
  -1.62726
  -1.48718
  -1.66263
  -1.45385
  -1.70019
  -1.58175
  -1.52897
  -1.63872
  -1.70127
   -1.6689
  -1.60294
   -1.5757
  -1.57971
  -1.56559
  -1.56208
  -1.60171
  -1.58164
  -1.57076
 -0.766382
 -0.652114
 -0.594688
 -0.905575
 -0.567802
 -0.629795
 -0.610267
 -0.623764
 -0.977982
 -0.730706
 -0.915942
  -1.05831
  -0.77106
  -1.03701
  -1.03149
  -1.02847
 -0.941062
 -0.881573
  -1.15153
 -0.884346
 -0.782337
 -0.681592
 -0.830799
 -0.741173
 -0.811555
 -0.810305
 -0.741164
  -1.18184
 -0.711715
 -0.950243
 -0.436894
 -0.349213
 -0.598433
 -0.862135
 -0.564871
 -0.332008
 -0.747683
 -0.489149
 -0.906518
  -1.05784
 -0.511911
  -0.29234
 -0.331978
 -0.422438
 -0.757116
 -0.927372
 -0.439895
 -0.362623
 -0.453568
 -0.510944
 -0.766052
 -0.673953
 -0.829681
 -0.545158
  -1.23464
  -1.12846
 -0.970043
  -1.08282
  -1.98971
  -1.39543
  -1.12511
  -1.16703
 -0.930791
 -0.985208
 -0.875269
  -0.99058
  -1.15611
  -1.90482
    -2.343
  -1.90746
  -2.16967
  -2.00538
  -2.41065
  -3.25127
  -2.89575
  -2.19844
  -2.55243
  -2.49051
  -2.77131
  -1.24577
     -2.61
    -1.716
  -2.07852
  -1.57685
   -1.7749
  -2.14643
  -1.36952
  -2.14173
   -1.9018
  -1.76362
  -1.67259
   -1.9526
  -1.15238
  -1.96942
  -1.32856
  -2.07098
  -1.62325
  -1.79176
  -1.01781
  -1.76094
  -1.42773
  -1.61344
    -1.278
  -1.26595
   -1.4602
  -1.36076
  -1.31065
  -1.32829
  -1.20858
 -0.867672
  -1.35242
 -0.987062
  -1.00119
  -1.38453
  -1.13485
  -1.01952
  -1.45202
   -1.0706
  -1.04944
  -1.10292
  -1.19226
  -1.57861
   -1.0148
  -1.45434
  -1.23622
  -1.37728
  -1.18583
 -0.862035
 -0.948849
  -1.32216
  -1.25083
  -1.24684
 -0.970725
  -1.11278
 -0.939199
 -0.938996
 -0.859023
   -1.0317
 -0.878834
 -0.831166
  -1.21811
  -1.24461
  -1.13789
  -1.15574
  -1.18089
  -1.15961
   -1.1085
   -1.1165
   -1.1735
   -1.1709
  -1.18464
  -1.02639
 -0.959741
 -0.841701
 -0.863837
  -1.03778
 -0.883696
 -0.895504
 -0.878122
  -1.03594
 -0.849529
 -0.860359
  -1.06786
 -0.968299
  -1.47476
  -1.20819
 -0.939198
  -1.22818
  -1.04737
  -1.00079
  -1.27196
  -1.50488
  -1.34817
  -1.39492
   -1.3508
  -1.59662
  -2.90614
  -2.69025
  -2.79628
   -2.5981
  -3.12367
  -3.14037
  -1.46099
  -2.93859
  -1.91012
  -2.41267
   -2.2823
   -2.3869
  -2.84863
  -1.82449
  -3.03352
  -2.66952
   -2.6376
  -2.45222
  -2.80998
  -1.84399
  -2.96647
  -2.03088
   -3.1336
  -2.59756
  -2.91964
  -1.39808
  -2.70971
  -2.27132
  -2.78509
  -1.83077
  -2.07813
  -2.40063
    -2.404
    -2.184
  -2.38788
  -2.10089
  -1.35716
  -3.02966
  -1.58003
  -2.05002
  -2.69276
  -1.85569
  -1.86465
  -3.03905
  -1.82559
  -1.65681
  -1.96465
  -1.99608
    -1.945
  -1.33577
  -2.30034
  -2.54072
  -3.00937
  -3.36567
  -1.21324
 -0.811808
  -2.71949
  -2.43058
  -3.33567
  -3.66702
  -3.42385
   -1.3447
  -1.28879
  -0.87813
  -3.54027
    -3.876
  -4.00048
   -3.1324
  -2.80095
  -3.08023
  -2.78091
  -2.63417
   -3.1326
  -2.30246
  -2.18606
  -2.92595
  -2.41774
  -2.30674
  -1.61545
  -1.09456
 -0.938722
 -0.957456
  -2.16568
  -1.02668
  -1.14046
 -0.844711
  -2.03657
 -0.857291
 -0.848459
 -0.968668
 -0.947842
  -1.09617
   -1.2082
 -0.856028
 -0.815898
 -0.873492
  -1.01913
 -0.593007
 -0.447518
 -0.813858
 -0.715342
  -1.04136
  -1.58529
  -1.17105
  -1.11774
  -1.28434
  -1.00587
  -1.20275
   -1.2814
 -0.923416
  -1.18038
  -1.03484
  -1.17414
  -1.28256
 -0.989179
  -1.26082
  -1.05596
  -1.37924
  -1.10762
  -1.33405
  -1.16678
 -0.981413
  -1.35821
   -1.4842
  -1.38605
  -1.37154
  -1.43512
  -1.60427
  -1.47324
  -1.07393
  -1.25173
 -0.826648
  -1.30225
  -1.13774
 -0.868414
 -0.834173
 -0.990025
  -1.01135
  -0.97147
 -0.843916
 -0.917114
  -1.31568
  -1.36442
  -1.29282
  -1.31212
  -1.38103
  -1.32972
  -1.21892
 -0.756658
  -1.82479
  -1.82967
  -1.86567
  -2.01797
  -1.63543
  -1.93541
  -1.85595
  -1.77975
  -1.74154
  -1.98515
  -1.63323
  -1.97288
  -2.01077
  -2.05749
    -2.068
  -5.40947
  -4.67152
  -6.71663
  -6.67027
   -8.2461
  -4.45979
  -7.80182
   -8.5104
  -7.06144
  -8.71699
  -8.05419
  -7.12082
  -8.09951
  -7.79413
  -8.01778
  -8.09529
  -7.91676
  -6.78169
  -7.76647
  -7.95576
  -4.20991
  -7.54716
  -6.31926
  -7.90465
  -6.65755
  -6.28137
  -3.14091
  -5.18365
   -5.5074
  -4.19693
  -2.07288
  -2.68331
  -7.50551
  -8.22038
  -6.47241
  -6.01189
  -6.95871
   -5.8502
  -5.45845
  -6.46367
  -7.60925
  -7.65037
   -6.7527
  -6.60594
   -7.1698
  -6.71584
  -6.32773
  -7.46551
  -5.51308
  -7.12278
  -7.49482
  -4.32345
 -0.370144
 -0.323454
 -0.518071
 -0.378393
 -0.757759
  -1.09352
 -0.870343
 -0.828055
  -1.05719
 -0.655179
   -1.0401
 -0.919078
 -0.562808
 -0.713925
 -0.620416
  -1.57755
  -1.89624
  -1.08301
  -1.18074
  -1.04518
 -0.937589
 -0.962458
 -0.984873
  -1.11476
 -0.915768
  -1.04262
  -1.19175
 -0.755407
  -1.15231
  -1.50319
 -0.675206
  -1.33536
  -1.68268
  -1.24946
  -1.57563
   -1.1634
  -1.53208
  -1.16313
  -1.51783
  -2.14654
  -1.07708
  -1.46283
  -1.02419
   -1.2433
   -1.4009
 -0.943449
  -1.37067
  -1.24323
  -1.23454
  -1.53582
  -1.42189
  -1.78806
  -1.25346
  -1.10073
  -1.32858
  -1.68693
  -1.86024
   -1.8131
  -1.47591
  -1.14446
  -1.23229
  -1.47635
  -1.32857
  -1.21586
  -1.58595
  -1.47753
  -2.25891
  -1.89367
  -1.30116
  -1.00564
  -1.02096
 -0.845111
  -1.01459
  -1.60606
  -1.75517
  -1.86283
  -1.77951
  -1.71575
  -2.03082
  -1.64086
  -1.45448
  -2.00061
  -1.92783
  -2.85069
  -2.36736
  -2.45256
  -2.29625
    -2.937
   -2.5942
  -2.83681
  -2.53925
  -2.24707
  -2.06349
  -1.86307
  -2.30942
  -1.68485
  -1.15987
  -1.41598
  -1.06896
  -2.21371
  -1.67988
  -1.57082
  -1.81523
  -2.20635
  -1.61465
    -2.234
  -2.41514
  -1.88868
  -2.05887
  -1.73546
  -1.24612
   -3.7281
  -1.96708
  -3.34408
  -2.83167
  -2.98783
  -2.45588
   -2.9202
  -2.42837
  -3.39112
  -2.69769
  -2.60209
  -3.13441
  -2.83236
  -3.09369
  -2.87475
 -0.864946
  -1.02365
  -1.77368
  -1.66321
  -1.83009
  -1.61902
  -1.74777
  -1.78354
  -1.58514
  -1.71906
  -1.68228
  -1.63504
  -1.48422
  -1.70238
  -1.55816
  -1.58285
  -1.56588
  -1.59559
  -1.55122
  -1.58234
  -1.58298
  -1.62744
  -1.62761
   -1.5892
  -1.58362
    -1.585
  -1.57803
  -1.63378
  -1.61954
  -1.61971
  -1.66915
  -1.60305
  -1.63428
  -1.65792
  -1.64945
  -1.65307
   -1.5756
  -1.54987
  -1.64447
  -1.67893
  -1.63353
  -1.57123
  -1.57746
   -1.5551
  -1.62574
  -1.60673
  -1.58139
  -1.60602
  -1.61518
  -1.60787
  -1.63739
  -1.63546
  -1.57863
  -1.48937
  -1.67085
  -1.69832
  -1.74612
  -1.67699
  -1.63115
  -1.76176
  -1.72683
   -1.6854
  -1.74121
  -1.66124
   -1.6841
   -1.5662
  -1.59071
  -1.62245
  -1.55867
  -1.55474
  -1.56067
  -1.57029
  -1.64831
  -1.63327
  -1.59435
  -1.59187
  -1.57958
    -1.627
  -1.57507
  -1.59792
  -1.59499
  -1.56056
  -1.53642
  -1.55481
  -1.60361
   -1.5398
  -1.53533
  -1.60675
  -1.63132
  -1.59206
  -1.62405
  -1.64537
  -1.59021
   -1.5949
  -1.55613
  -1.48165
  -1.75306
  -1.56308
  -1.71996
  -1.69649
   -1.6479
  -1.63837
  -1.67213
  -1.65012
  -1.63678
  -1.62982
   -1.6186
  -1.64183
  -1.62308
  -1.63945
  -1.65027
  -1.62549
  -1.86308
  -2.20291
 -0.470712
  -3.31204
  -2.59671
  -3.86771
  -3.73321
  -3.56194
  -3.66406
  -3.55467
  -3.59289
  -3.30282
  -3.27766
  -2.90075
  -3.03335
  -2.95294
  -2.43416
  -2.68921
   -2.6995
  -2.49928
  -2.09312
  -2.32754
  -2.53283
  -2.62951
  -2.29703
  -3.63277
  -3.80042
  -3.36272
  -3.13643
  -3.09966
  -2.72812
  -2.72601
  -2.64579
  -2.93015
  -2.75419
  -2.74192
  -3.06302
   -3.0616
  -2.50166
  -4.14267
  -4.03693
  -3.49306
  -3.63982
  -3.43107
  -2.39099
  -2.24889
  -2.28872
  -2.39533
   -2.1231
  -2.52358
  -2.21404
  -1.71296
  -2.78749
   -2.5838
  -1.86425
  -1.97337
  -1.72305
  -2.08066
  -1.79433
  -1.75264
  -1.50325
  -1.48911
  -1.49755
   -1.9813
  -1.82939
  -1.78528
  -1.97164
  -2.14254
  -2.58712
  -2.47121
  -2.35129
  -2.24349
  -1.65532
  -2.64427
  -2.67241
  -3.51897
    -3.296
  -2.94966
   -3.4994
  -2.87787
  -3.56604
  -3.23918
   -3.7022
  -3.45503
  -3.89191
  -3.74727
  -3.54702
  -3.20395
  -3.46724
  -3.26881
  -3.53425
  -3.64557
  -3.27734
  -2.48717
  -3.41398
  -3.13495
  -3.50638
  -3.05704
  -2.82727
   -2.5089
  -5.83604
  -4.12571
  -6.04556
 -0.941791
 -0.878903
  -1.11606
  -1.04128
 -0.952188
  -0.92313
   -1.1673
  -1.10196
  -1.16236
  -1.19034
   -1.1081
  -1.16778
  -1.14152
  -1.11418
  -1.09872
  -1.11191
  -1.02737
  -1.08765
  -1.04685
  -1.09033
  -1.06886
  -1.11031
     -1.09
  -1.12882
 -0.990408
  -1.06021
  -1.12326
  -1.01625
  -1.06252
  -1.13868
  -1.11034
  -1.11799
  -1.09949
  -1.12647
  -1.14489
  -1.09345
  -1.14775
  -1.18124
   -1.1436
  -1.06378
  -1.09585
  -1.08281
 -0.720771
 -0.888726
  -1.58415
  -1.61478
  -1.60879
  -1.64264
  -1.61534
   -1.6062
   -1.6323
  -1.66901
  -1.66067
  -1.72065
  -1.62524
   -1.7769
   -1.9765
  -1.79222
  -1.69161
  -1.74104
  -2.50474
  -2.47279
  -2.07684
  -2.20313
  -2.10966
  -2.12704
  -2.15768
  -2.10817
  -2.04783
  -2.06716
  -1.95291
  -2.04616
  -5.42897
  -3.81032
  -2.56714
  -3.63222
  -1.67677
  -1.66589
  -1.68887
   -1.7179
  -1.70974
  -1.99618
  -1.96228
  -1.81197
  -1.88134
  -1.93953
  -1.91688
  -1.94268
  -1.71236
  -1.59239
  -1.48632
  -1.45719
  -1.57768
  -1.51165
  -1.57447
  -1.72955
  -1.67968
  -1.61275
 -0.793478
  -1.50484
  -1.04672
  -1.09213
  -1.26359
  -1.07008
   -1.2224
  -1.30555
  -1.47596
  -1.48746
  -1.25677
  -1.34783
  -1.53465
  -1.30406
   -1.3462
  -1.38561
   -1.4195
  -1.19908
  -1.28484
  -1.15026
  -1.24432
  -1.16507
   -1.1292
  -1.07749
  -1.24588
  -1.62683
  -1.69476
  -1.62852
  -1.53301
  -1.15472
  -1.05033
  -1.10696
  -1.20438
  -1.13844
  -1.21082
  -1.23683
 -0.988436
 -0.993115
  -1.14454
  -1.14756
   -1.4683
  -1.50569
   -1.3498
  -1.06352
  -1.08289
  -1.10035
  -1.06919
  -1.16898
  -1.00025
  -1.07904
  -1.09456
  -1.05856
  -1.15572
  -1.08465
 -0.993456
  -1.07375
  -1.17083
  -1.09362
  -1.05538
 -0.943732
  -1.03483
 -0.984546
 -0.900905
 -0.958029
  -1.03735
  -1.09427
  -1.04737
  -1.05431
 -0.987863
  -1.01487
  -1.06294
  -1.06538
  -1.06534
  -1.11308
  -1.11026
 -0.985509
  -1.10847
  -1.01852
  -1.02697
  -1.01267
   -1.0179
  -1.00276
  -1.02501
  -0.99466
  -1.03082
 -0.996735
  -1.08603
  -1.01835
 -0.994257
  -1.03062
  -1.14599
 -0.997278
   -1.0538
   -1.0311
  -1.06493
  -1.42244
   -1.1159
  -1.12963
  -1.08103
  -1.09693
  -1.14659
  -1.47952
  -1.24147
  -1.09432
  -1.35459
  -1.20624
  -1.35921
  -1.31392
  -1.16603
  -1.23953
  -1.17502
  -1.04914
   -1.0765
  -1.23496
  -5.65683
  -6.30006
  -6.17395
  -6.05397
  -6.67232
  -7.07195
  -5.34824
   -4.0542
  -4.63574
  -5.32352
  -4.14924
  -4.60056
  -4.30993
  -3.60702
  -4.17946
  -3.99153
  -3.59652
  -3.68063
  -3.84746
  -2.98868
  -4.02694
  -3.46151
  -3.30813
  -4.37792
  -3.71348
  -3.16331
  -3.04391
  -3.78289
  -3.46202
  -2.88097
  -2.82631
   -3.1727
  -3.66036
  -3.63898
  -3.28508
  -2.88963
  -2.86263
  -2.92913
  -2.60813
  -2.73762
  -2.69542
  -3.01726
  -5.26125
   -4.1453
  -1.07615
  -1.25357
  -1.73655
  -1.71224
  -1.77964
  -1.83366
  -1.55665
  -1.45138
  -1.41504
  -1.70317
  -5.63779
  -1.90759
   -1.8782
  -1.89688
  -1.78326
  -1.93386
  -2.06551
   -2.0746
  -2.04231
  -2.06008
  -1.85414
   -2.0444
  -1.97015
  -2.02168
  -2.02878
  -1.87399
  -1.92657
 -0.618682
 -0.745374
 -0.653328
 -0.806957
 -0.660206
 -0.761804
 -0.731022
 -0.722113
 -0.744031
 -0.800402
 -0.736449
 -0.696139
 -0.782045
  -1.50655
  -1.48439
   -1.4643
  -1.52688
  -1.58327
  -1.64877
  -1.54211
  -1.68958
  -1.82625
  -1.74645
   -1.6069
  -3.83669
   -4.2467
  -3.54468
  -5.27273
  -3.36134
  -5.61185
  -4.14124
  -5.11501
  -4.83901
  -6.21888
  -5.20186
  -3.86779
   -4.7376
 -0.356868
 -0.351368
 -0.350777
 -0.414842
 -0.617774
 -0.665687
 -0.506738
 -0.640889
 -0.597551
 -0.650243
 -0.494734
 -0.845964
  -0.75655
 -0.846436
 -0.433933
 -0.381947
   -1.5365
  -1.49382
  -1.47087
  -1.08831
  -1.16343
  -1.25364
  -1.34616
  -1.19318
  -1.31418
 -0.381262
 -0.468912
 -0.377186
 -0.609625
 -0.851068
  -1.02599
  -1.34618
  -1.01134
  -1.07375
 -0.980729
  -2.16211
   -1.7896
  -2.06908
  -2.19968
   -1.2418
  -2.14252
  -1.67819
  -1.42345
  -1.65298
  -1.43594
 -0.936572
 -0.906904
 -0.955018
  -1.03054
 -0.782926
 -0.698334
  -1.10152
 -0.956575
 -0.931187
 -0.830843
  -1.05835
  -1.11272
 -0.993699
 -0.787625
 -0.772273
 -0.822257
  -1.05127
  -1.37199
  -1.29213
  -1.23514
  -1.11201
  -1.45009
  -1.32367
  -1.27425
  -1.08824
  -1.13193
  -1.55583
  -1.46327
  -1.59992
  -1.82669
  -1.12256
  -2.02995
  -1.60044
  -1.12765
  -1.29114
  -1.31185
  -1.70719
  -1.35923
  -1.58131
  -1.49562
  -4.08993
  -4.32799
  -3.31145
  -3.82428
  -3.97016
    -4.177
  -3.66514
   -3.3392
   -3.9351
  -4.55901
  -4.77728
  -1.03887
  -0.80487
  -1.08904
 -0.921762
  -0.84056
 -0.866808
 -0.852566
 -0.919861
 -0.840026
 -0.976042
 -0.953861
  -1.37972
  -1.33535
  -2.03187
  -2.36807
  -2.09213
  -1.56977
  -1.49029
  -1.47512
  -1.75496
  -1.90725
  -1.47577
  -2.07726
  -1.76681
  -1.81229
 -0.687491
 -0.649635
  -1.26178
  -1.70598
  -1.69044
  -1.26672
  -1.83157
  -1.66569
  -1.58766
   -1.5406
  -1.71724
  -1.53171
  -1.49354
  -1.53329
  -1.81403
  -1.61951
   -1.5803
  -1.61972
  -1.72669
  -6.28921
  -6.52445
  -2.17214
   -3.3976
  -4.54954
  -5.07251
    -7.122
  -7.51023
  -4.11781
  -7.59915
  -4.97417
  -7.95469
  -6.10861
  -2.90471
  -4.84964
  -4.27005
  -5.84588
  -5.83002
  -7.06119
    -2.074
   -2.1417
  -2.13924
  -1.94496
  -3.39917
   -1.0252
  -1.37583
  -1.30351
  -1.16957
  -1.19314
  -1.15673
  -1.22943
  -1.33027
  -1.21182
  -1.25345
  -1.03134
  -1.29566
  -1.33005
   -1.2634
  -1.32452
  -1.75104
  -1.96277
  -2.00095
  -2.05086
  -1.94377
  -2.01669
  -1.84184
  -1.90264
  -0.81181
 -0.696059
 -0.977278
 -0.849555
 -0.680584
 -0.599355
 -0.758093
 -0.579485
 -0.645766
 -0.527436
  -0.51294
 -0.486043
   -1.4136
  -1.49688
  -1.31209
  -1.52864
  -1.79403
   -2.1821
  -1.91703
  -2.36685
  -2.26426
   -2.0714
  -2.35687
  -2.44356
  -2.76067
  -2.36929
   -1.8318
  -2.06262
  -4.83765
  -1.92297
  -1.99656
  -3.37314
  -1.94537
  -2.14532
  -2.84132
  -2.47244
  -2.08902
  -2.36263
   -3.8549
  -3.27979
  -1.68981
  -1.02712
 -0.986487
  -3.30301
  -3.65325
  -3.44895
  -1.60425
  -1.50747
  -1.64019
  -1.74373
  -1.54265
  -1.54017
  -1.59085
  -1.61891
  -1.49348
  -1.55903
  -1.56225
  -1.57746
  -1.71065
   -1.7837
  -1.76396
  -1.68657
  -1.74914
  -1.70371
  -1.72509
   -1.7574
  -1.73317
  -1.74157
  -1.69417
  -1.63478
  -1.73107
  -1.76041
   -1.7715
  -1.77338
  -1.69289
  -1.77597
  -1.79175
  -1.74026
  -1.76538
   -1.7496
  -1.77487
  -1.81468
   -1.8164
  -1.78346
  -1.77878
  -1.80521
  -1.88313
  -1.76991
  -1.85203
  -1.77033
  -1.95902
  -2.03199
  -1.64133
  -1.58897
   -1.5672
    -1.589
  -1.57574
  -1.59975
  -1.66101
  -1.67169
  -1.66577
  -2.04772
  -2.12817
 -0.376865
 -0.401456
  -4.06611
  -3.96075
  -3.40669
  -1.68243
  -1.52143
  -2.10956
  -1.91357
  -1.69392
  -2.25368
  -2.02796
    -2.357
  -2.04298
  -2.20122
  -2.59443
  -2.12605
  -2.54294
  -2.53428
   -2.6301
  -2.39858
  -2.52821
  -2.43719
  -2.47946
   -2.1858
  -2.71865
  -2.62801
  -2.87572
  -2.76856
  -2.74044
  -2.53673
  -2.63495
  -3.09072
  -3.33134
  -2.82305
   -3.1579
  -3.23545
  -2.98085
   -2.9201
   -2.7381
   -2.9437
  -2.74512
  -3.00787
  -2.67573
  -2.25975
  -2.41483
  -3.38549
  -3.02022
  -2.87841
  -3.13779
  -3.08882
  -2.46922
  -2.63296
   -3.0119
  -2.97738
  -2.63481
  -3.32257
  -2.98802
  -2.07573
  -2.43874
  -1.02198
  -2.81581
  -1.60325
  -2.67291
  -3.50876
  -4.50198
  -3.81245
  -4.00279
  -3.60434
  -3.55672
  -1.79696
  -1.28677
  -2.63659
  -1.58329
   -1.3193
  -1.26929
  -1.20501
 -0.754332
  -1.41898
   -1.6457
  -1.85782
  -2.07626
  -1.81653
  -1.50072
   -1.3569
  -1.34174
  -1.09867
  -1.64267
  -1.20232
  -3.62539
  -2.25886
  -1.43763
  -1.60834
  -1.74888
   -1.8911
  -1.51751
  -1.90424
  -2.11433
   -1.8361
  -2.03186
  -4.53025
  -3.93762
  -3.86245
  -4.70666
  -4.31003
  -4.83314
  -0.82741
  -1.01448
  -1.02664
  -1.09129
  -1.05342
 -0.917959
 -0.997533
 -0.841779
 -0.734887
 -0.934604
 -0.830009
 -0.927729
  -1.11129
  -1.21813
  -1.22798
  -1.15064
  -1.22257
  -1.01726
  -1.04931
  -1.17625
  -1.02196
  -1.07641
  -1.04498
   -1.0742
  -1.09966
  -1.03726
  -1.04396
 -0.662183
 -0.746821
 -0.675226
  -1.58042
  -1.62485
  -1.64025
  -1.69651
  -1.68082
  -1.75723
  -1.80915
  -1.78883
  -1.73068
  -1.87945
  -1.81907
  -1.75405
  -1.78642
  -1.78881
  -1.71724
  -1.84112
  -1.94423
  -1.79277
  -1.90918
  -1.86647
  -2.11132
  -1.78279
  -1.98587
  -1.86115
  -2.07266
   -1.9704
  -1.80584
  -2.01363
  -1.95657
  -1.76613
  -2.03297
  -1.91016
  -1.60994
  -2.59261
  -1.72055
  -1.71293
   -2.2501
  -1.80499
  -1.78429
  -1.72913
  -2.29461
  -2.99848
  -2.13424
  -2.01142
   -2.5849
  -2.36973
  -2.49344
  -2.47366
  -3.28655
   -2.2775
  -2.20404
  -2.47759
  -2.68721
  -2.05037
  -2.24107
  -1.99756
   -2.4804
  -6.09563
  -2.91015
  -4.12651
  -2.42882
   -3.2551
   -2.2673
  -3.91584
  -2.15159
  -2.11451
  -2.11132
  -3.07271
  -2.03797
  -5.42907
  -2.38876
  -8.04035
  -3.39429
  -5.12253
  -4.12243
  -5.14428
  -5.05779
  -8.12074
  -6.60786
  -6.57523
  -6.63929
  -2.05813
  -2.07791
   -2.0135
  -2.00858
 -0.928678
 -0.973995
   -1.5679
 -0.942097
 -0.865681
 -0.969691
 -0.909945
 -0.860918
  -1.04334
 -0.956929
  -1.53867
  -1.87037
  -1.19532
  -1.34902
  -1.05008
  -1.15594
  -1.20624
  -1.42184
  -1.05595
  -1.28809
  -1.03086
  -1.17181
  -1.47331
  -1.23923
  -1.11017
  -1.26032
  -1.02889
  -1.06542
  -1.08589
  -1.04872
  -1.03575
  -1.09223
  -1.10815
   -1.0462
  -1.03902
  -1.07909
  -1.12949
  -1.04787
  -1.07982
  -1.14747
  -1.08441
  -1.27899
  -1.21192
  -1.42301
  -1.20738
  -1.26413
  -1.30064
  -1.21252
  -1.18216
  -1.18796
  -1.06694
  -1.05765
  -1.08161
  -1.27165
  -1.11143
  -1.18059
  -1.14139
  -1.07586
  -1.29403
  -1.49316
  -1.34578
  -1.32976
   -2.1115
  -2.11937
  -1.78728
  -1.64493
  -1.59157
  -1.75135
  -1.56676
  -1.40399
  -1.26663
  -1.76279
  -1.56421
  -1.13604
   -1.0467
   -1.0669
  -1.14831
  -1.10381
  -1.15545
   -6.1056
   -4.7045
  -5.35046
  -4.65342
  -4.24269
  -5.36407
  -4.27507
  -5.62652
  -5.51756
  -4.87498
  -5.30349
  -4.52859
  -4.17401
  -4.67048
  -5.87958
  -6.95867
  -7.00104
  -3.87129
  -2.51052
  -3.25599
  -3.31732
  -3.13205
  -3.33578
  -2.79288
  -2.65862
  -2.45977
  -2.41347
  -4.58723
  -5.25554
  -4.67172
  -1.62638
  -1.53323
   -1.3572
  -1.72727
  -2.02983
  -1.99387
  -1.58844
   -1.6772
  -1.66568
  -2.07714
  -1.81465
  -1.97585
  -1.84702
  -1.86749
  -2.07702
  -2.63156
  -2.26435
  -2.83387
  -2.35523
  -2.70776
  -2.47153
  -2.73127
  -2.76121
  -4.47563
  -3.91844
   -3.0868
  -2.20102
   -3.8949
  -2.11403
  -2.09699
  -2.12318
  -2.09834
  -1.93675
  -1.95532
  -1.96406
  -1.95152
  -1.94479
  -1.85609
  -1.92347
  -1.91354
  -1.85428
  -1.85445
  -1.81785
  -1.89702
  -1.83224
  -1.82508
 -0.591186
  -1.51731
  -1.56766
  -1.63725
   -1.8834
  -2.11359
  -2.05608
  -1.96314
  -1.73728
  -1.89102
  -1.96358
  -1.91067
   -1.7631
  -1.79938
  -1.87257
  -1.67072
  -1.69447
  -1.61272
   -1.8337
  -1.63914
  -1.93208
  -1.65343
  -1.69167
  -1.96083
  -1.58366
  -1.69281
  -1.90433
  -1.99947
  -1.89092
  -1.59511
  -1.99598
  -1.86782
  -1.95428
  -1.77882
  -1.79585
   -1.7507
  -1.68183
  -1.72274
  -1.62488
  -1.53239
  -1.64443
  -1.52475
  -1.64618
  -1.69569
    -1.696
   -1.6412
  -1.61754
  -1.61749
  -1.61542
  -1.65313
   -1.6011
  -1.66835
  -1.59008
  -1.64711
  -1.55956
  -1.63713
   -1.5608
  -1.56592
  -1.55809
   -1.6238
   -1.5669
  -1.60515
  -1.65731
  -1.55746
  -1.57569
  -1.61863
  -1.59972
  -1.65422
  -1.62338
  -1.56677
  -1.55368
  -1.62994
  -1.56709
  -1.57911
  -1.62638
  -1.65213
  -1.66128
  -1.63092
  -1.56926
  -1.58852
  -1.60932
  -1.61974
  -1.60277
  -1.62905
  -1.75319
  -1.68021
  -1.57844
  -1.61501
  -1.67374
  -1.68576
  -1.66944
  -1.67097
  -1.67488
  -1.67525
  -1.71747
  -1.71797
  -1.73229
  -1.68611
  -1.66094
  -1.71648
  -1.64438
   -1.5878
  -1.64883
  -1.68936
  -1.67285
  -1.63475
  -1.70918
  -1.59736
   -1.4048
  -1.46637
  -1.56815
  -1.52194
  -1.64418
  -1.72321
  -1.76041
  -1.55085
  -1.41822
  -1.44231
  -1.61891
  -1.62263
   -3.3445
  -2.02018
  -1.45169
  -1.52564
   -1.6078
  -2.38285
  -2.14793
  -1.48338
  -1.42177
  -1.62516
   -1.5907
  -1.96996
  -3.07748
  -1.54282
  -1.57515
  -1.41436
  -1.58307
  -1.41753
  -1.45009
  -1.49102
  -1.54226
  -1.47451
  -1.44689
  -1.40903
  -1.72293
  -1.32455
  -1.34725
  -1.38243
  -1.43348
  -1.96817
  -2.09147
   -1.5603
  -1.66105
   -1.7892
  -3.02193
  -2.86868
  -1.44763
  -2.49411
  -2.49159
  -2.21637
  -2.81541
  -2.29151
  -2.59322
  -2.48878
  -2.10852
  -3.07063
  -1.85703
   -2.9486
  -1.45134
  -1.33541
  -1.34603
  -2.64389
  -2.96674
  -2.81769
  -3.01505
  -3.05409
  -3.82365
 -0.335702
  -0.64263
 -0.726661
  -1.12163
 -0.807957
 -0.872351
  -1.04036
  -1.10077
  -1.59556
   -1.3506
  -1.31636
  -1.84379
  -1.44983
  -2.19856
  -1.84781
  -2.02905
  -1.63438
  -1.64473
  -2.33071
  -1.70234
  -1.98282
  -1.40352
  -1.96924
  -2.22494
  -1.89556
  -2.19686
  -2.53413
  -2.79938
  -2.44626
  -1.36185
  -2.42274
  -2.77037
  -3.62299
  -3.56787
  -3.03414
 -0.943285
  -1.60132
  -1.20463
  -3.18636
  -1.46533
  -2.85462
   -2.6098
  -2.66742
  -2.67569
  -2.19467
  -2.97293
  -3.29578
  -3.08336
  -3.47992
  -3.26943
  -2.87646
  -3.57921
  -3.20117
  -3.01515
  -3.48746
  -3.55944
   -3.3975
  -3.64049
  -3.34186
  -3.49694
  -3.31715
  -3.04728
 -0.532853
 -0.431534
 -0.377064
 -0.588084
 -0.537099
 -0.740142
 -0.660064
 -0.733433
  -1.01028
 -0.886774
 -0.848722
   -1.0142
  -1.93114
  -1.41735
   -1.2074
  -1.43669
   -1.4816
  -1.47874
  -1.46194
  -1.60461
  -1.61227
  -1.06963
  -1.24185
 -0.997802
  -0.98716
  -1.04416
  -1.13353
 -0.985033
 -0.863233
  -0.83292
 -0.832584
 -0.838325
  -1.11039
 -0.920397
  -0.89254
 -0.896867
 -0.985602
  -1.02022
 -0.889514
  -1.04449
  -1.47366
  -1.22752
  -1.29787
  -1.37012
  -2.02628
  -1.18113
  -1.73343
 -0.983421
  -1.54021
  -1.40848
 -0.862702
  -1.20596
  -0.96797
 -0.889266
  -1.47922
  -1.83414
  -1.60705
  -1.85239
  -2.07565
  -1.69867
  -1.49225
  -2.10388
  -1.98759
  -2.05271
   -1.7958
  -2.14656
  -1.66957
  -2.34196
  -2.32487
  -1.75631
  -1.83953
  -1.92349
  -3.21996
  -3.80788
  -4.42095
 -0.948698
  -1.08505
  -1.17065
  -1.50258
  -1.38166
  -1.58798
  -1.53685
  -1.16938
  -1.71018
  -1.16158
  -1.37307
  -1.64925
  -1.44772
  -1.67659
  -1.27644
  -2.57195
  -1.23937
  -2.17191
 -0.964789
  -1.90349
  -2.05666
  -0.99659
  -1.84176
  -1.03617
 -0.917216
 -0.894093
  -1.00851
 -0.871347
  -1.17159
  -1.20246
 -0.989348
 -0.998952
   -1.4159
  -1.63468
  -1.62181
  -1.39569
  -2.18245
  -1.15524
   -1.9839
  -1.77055
  -2.47296
  -1.61361
  -1.56731
  -1.90046
  -1.48089
  -1.64985
  -2.28306
  -1.88932
  -2.30305
  -1.95896
  -1.94066
  -2.31005
  -1.66007
   -1.8515
  -1.81695
  -2.21166
  -2.29617
  -1.38867
   -3.7572
  -2.23125
  -2.99679
  -2.59499
  -2.70331
  -2.64708
  -2.76425
  -3.29953
  -2.36517
  -1.34318
  -1.42974
  -1.49107
  -1.53003
  -1.29406
  -1.21857
    -1.345
  -1.28011
  -1.36008
  -1.68907
  -1.85355
  -7.14372
  -8.23338
  -7.92702
  -8.20152
  -7.01896
  -7.27957
  -7.02983
  -6.19224
  -5.61665
  -6.27449
  -3.23511
  -3.14923
  -2.05147
   -1.7043
  -5.19177
  -1.99406
  -1.79932
   -1.4034
  -1.47177
 -0.986672
  -1.06174
  -2.50909
  -1.10038
  -1.37722
 -0.846292
  -2.29806
  -1.52737
  -3.06643
  -2.00943
  -1.34719
  -4.15784
  -2.80223
  -3.64296
  -4.65631
  -3.29682
  -4.49537
  -2.11201
  -1.48622
  -3.95232
   -3.3269
  -3.54391
   -1.1051
  -1.45409
  -1.51565
  -3.26393
  -2.30603
  -2.31916
  -1.65051
  -1.71957
  -4.09206
  -2.82897
  -4.23179
  -3.87103
  -2.95187
  -2.43846
   -2.3377
  -3.38048
  -3.00716
  -2.90014
    -2.337
  -1.29706
  -2.06042
  -2.53359
  -2.91421
   -3.0371
  -2.67974
  -2.59915
  -2.99365
  -3.16463
  -2.86025
  -2.88276
  -2.96968
  -2.18744
  -3.57913
  -3.05942
  -4.34048
  -3.64077
  -3.11828
  -2.28788
  -2.52087
  -2.87156
  -2.93861
 -0.671436
  -2.10992
  -2.97307
  -2.83396
  -1.99701
  -1.88861
   -2.6663
  -2.27249
  -3.44511
  -3.08573
  -3.10812
   -3.3924
  -3.94992
  -4.33891
  -3.83762
  -3.21811
   -3.3914
  -1.35951
  -3.15701
  -2.53976
  -1.69898
  -1.27234
  -1.81276
  -2.24366
  -1.83264
  -2.16766
   -3.0359
  -2.75433
  -4.52237
  -2.66452
   -2.9131
  -2.90429
  -3.38611
  -3.23627
  -3.49833
  -3.55044
  -4.36659
  -4.19825
  -4.14211
  -4.35552
  -4.72535
  -2.96864
  -3.03643
  -2.95598
   -4.1891
  -4.15612
  -2.88604
  -3.08629
  -3.22129
  -3.43571
  -3.61019
  -3.45209
  -3.25102
  -2.74813
  -2.45667
  -2.77641
  -3.57742
  -3.14336
  -5.07409
  -5.44437
  -3.64648
   -2.2594
  -3.75555
  -2.57844
  -2.85695
  -3.24267
  -3.30014
  -2.71314
  -3.81801
  -3.09664
   -2.9337
   -1.6723
  -2.91345
  -1.97656
   -2.6488
  -2.46191
  -2.32228
  -3.65506
  -2.38778
  -2.00773
  -2.51362
  -3.28881
  -2.48606
  -3.07394
  -3.18365
  -3.94057
  -3.38778
  -3.39603
  -3.72579
  -3.54634
  -4.22194
  -4.00399
  -4.03538
    -3.899
  -4.11913
  -3.51825
  -3.13966
  -3.75642
  -3.62537
  -3.41122
  -3.56041
  -3.39912
  -3.67624
  -3.66628
  -3.77107
  -5.11877
  -3.51294
  -5.44252
  -5.35702
  -5.56337
  -4.27969
  -2.25312
  -2.56942
  -1.03077
  -1.18123
  -1.28711
  -1.20228
  -1.03052
  -1.25377
  -1.27317
  -1.28677
  -1.24147
  -1.29307
  -1.98796
   -1.9597
  -0.80466
  -1.64865
  -1.46687
   -1.5634
  -1.48606
  -1.55754
  -2.10541
  -2.10295
  -1.82971
  -1.73001
  -1.65587
  -1.76312
  -1.87673
  -1.79644
  -3.09956
  -2.02496
  -2.10231
   -2.1085
  -2.42154
  -2.55753
  -3.20512
  -3.42068
  -3.17675
  -3.59731
    -3.362
  -2.82274
  -3.32609
  -3.97011
  -3.39986
  -3.29672
  -3.94047
  -3.33537
  -5.91531
  -4.30019
  -5.02525
  -4.19904
  -4.19066
   -2.8066
  -3.16057
  -3.48985
  -4.03378
  -3.96882
  -3.65643
  -3.85675
  -3.62775
  -3.82324
  -3.62515
  -3.81433
  -4.58878
  -3.73135
   -4.2342
  -3.90908
  -4.70506
  -3.83173
  -5.56263
  -3.97334
  -5.38921
  -5.36532
  -4.97925
  -4.91468
  -4.24924
  -4.21027
   -3.5202
  -1.48511
  -1.80099
  -1.88595
  -1.79977
  -1.70225
  -1.77968
  -1.74218
  -1.79399
  -1.83038
  -1.87577
  -1.82419
  -1.86325
  -1.79959
   -1.9121
   -2.0738
  -2.09501
  -1.95254
  -1.76953
   -1.8618
  -1.77816
  -1.74429
  -1.69982
   -1.6469
  -1.68836
  -1.71509
  -1.69389
  -1.63003
  -1.63311
  -1.78308
  -1.68836
  -1.73081
   -1.6922
  -1.85181
  -1.93614
  -2.08095
  -1.94377
  -2.01181
  -2.05969
  -2.07517
  -2.11833
  -1.93321
  -1.92981
  -2.00369
  -1.62947
  -1.59323
  -1.69645
   -1.7009
  -1.55761
  -1.59235
  -1.59576
  -1.68901
  -1.71717
  -1.72883
  -1.76811
  -1.71408
  -1.80941
  -1.66412
    -1.801
   -1.6645
  -1.77471
  -1.65271
  -1.78441
  -1.61774
  -1.70599
  -1.72665
  -1.61209
  -1.59018
  -1.64027
  -1.62527
  -1.64824
  -1.61461
  -1.76737
  -1.62601
  -1.68547
  -1.72626
  -1.86585
  -1.77524
  -1.80133
  -1.67056
  -1.77938
  -1.84203
  -1.89635
  -1.85811
  -1.81856
  -1.80129
   -1.6621
  -2.38682
   -2.7095
  -2.69387
  -2.54311
  -2.78146
   -2.2075
  -2.53553
  -2.67268
  -2.38837
  -1.46783
   -2.4238
  -1.89585
  -2.05305
   -1.9419
  -2.31655
  -1.97489
  -1.99835
  -1.39491
   -2.0069
  -1.50017
   -1.7408
  -2.34145
  -2.92882
  -2.73606
  -3.50331
  -3.91178
  -2.03653
  -2.12717
  -2.20952
  -2.23247
    -2.256
  -2.66733
  -1.58411
  -3.15472
  -2.80252
   -2.9829
  -2.82502
  -1.59606
  -1.23881
  -2.98256
  -1.71538
  -2.21509
  -2.36799
  -1.44949
  -3.16643
  -2.54297
  -2.52512
  -3.13442
   -2.9323
  -4.54487
  -6.53703
  -5.81169
  -5.32234
  -5.82118
  -1.20302
  -1.22733
  -1.02863
  -1.09028
  -1.04493
   -1.0468
  -1.44536
  -1.08121
  -1.22327
   -1.4766
  -1.29637
  -1.41568
  -1.16531
  -2.19161
  -1.47808
  -1.25999
  -1.08519
  -1.08894
  -1.03455
  -1.05888
  -2.04876
   -1.3574
  -1.67272
  -1.72037
  -1.98178
  -1.75832
   -2.0782
  -1.68561
  -1.66219
  -1.59686
   -1.2714
  -1.14099
  -1.44776
  -1.20901
  -1.08912
  -2.69291
    -4.266
    -3.635
  -3.32593
  -2.95901
   -3.6119
  -2.46066
  -2.92589
  -3.98481
  -2.35489
  -1.80335
  -1.84284
  -1.96459
  -4.41057
   -5.8381
  -3.58013
  -3.93215
  -6.79446
  -1.38261
  -1.45084
  -1.95425
  -1.58708
  -1.68921
  -1.69063
  -1.84671
  -1.87416
  -1.60454
  -2.29438
  -2.09981
  -2.34723
  -2.27158
  -2.37203
  -2.17241
  -2.35697
  -2.28977
  -2.42812
  -2.08798
  -2.41353
  -2.40836
  -2.09593
  -1.36828
  -1.47678
  -1.58075
  -1.92952
  -1.74754
  -2.23027
  -2.20021
    -2.021
  -2.04089
  -1.04013
  -1.51116
  -1.41654
  -1.38631
  -1.32482
  -1.31216
  -1.83283
  -1.33947
  -1.27773
  -1.18567
  -1.81671
  -1.88069
  -1.58709
  -1.61306
   -1.8199
  -1.76051
  -1.14141
  -1.21781
  -1.14662
  -1.17043
  -4.78783
  -5.75799
  -2.27228
  -1.80461
  -2.28158
    -2.258
  -2.94641
  -2.93048
  -2.26719
   -1.6059
  -1.56018
  -1.63544
  -1.58804
  -1.54666
  -1.74567
  -1.88095
  -1.67356
  -1.54744
  -1.55073
  -1.70298
  -1.71688
  -1.67377
  -1.65863
  -1.62346
  -2.25049
  -2.79134
  -1.59006
  -1.52567
  -1.59754
  -1.70053
  -3.16078
  -3.08833
  -3.09851
  -3.78921
 -0.952428
  -1.23516
  -1.53681
  -1.37808
  -2.02434
  -1.63341
  -1.30665
  -2.07306
  -2.30448
  -2.57835
  -1.20127
  -3.13245
  -3.34869
  -3.42676
  -3.20072
  -3.92006
   -3.0565
  -2.10812
   -1.2172
  -1.70453
  -1.49451
  -1.93422
  -1.06463
  -2.55035
  -1.38775
  -1.41044
  -2.14854
  -2.39572
  -3.09765
  -3.11237
  -3.36562
   -1.3399
  -1.28316
  -1.47445
   -1.2108
  -1.49693
  -1.21415
  -1.11617
  -1.05848
  -1.12799
  -1.14613
  -1.38369
  -1.65544
  -1.97025
   -1.3399
  -1.72231
  -1.64507
  -1.61798
  -1.48213
  -1.23072
  -1.65822
  -3.14467
  -2.79966
  -2.65716
  -2.35892
  -2.28238
  -2.48413
  -2.63663
  -2.48681
  -2.61367
  -2.50264
  -2.07514
  -1.77761
  -2.64213
  -2.49626
  -2.31305
  -2.24437
  -1.72613
  -2.63537
  -2.51728
 -0.733933
  -2.44221
   -2.0165
  -1.89652
   -2.1552
  -2.23437
  -2.49211
  -2.12494
  -2.65697
  -2.11748
  -1.18273
  -1.88539
  -3.41529
  -4.15503
  -3.65898
  -3.93705
  -3.47946
  -3.29744
  -2.97474
  -2.57336
  -3.45229
  -3.17554
  -2.81631
  -3.77806
  -2.83591
  -3.90217
  -1.54033
  -3.86641
  -3.15209
  -3.53884
  -3.89327
  -3.56056
  -4.11959
  -1.60268
  -1.64676
  -1.76779
  -1.71595
  -1.84032
  -1.83569
   -1.8334
  -1.98905
  -1.94989
  -3.70228
  -2.87209
  -3.98908
  -3.37806
  -3.00621
  -3.19748
  -2.67996
   -4.0879
  -6.51975
  -5.66292
  -5.31246
  -6.18954
  -6.12114
  -3.69113
    -4.082
  -3.74027
  -4.18423
  -4.64519
  -1.77202
  -1.83414
  -1.60016
    -1.652
  -1.61781
    -1.855
  -1.77747
  -1.89705
  -1.71162
  -1.82387
  -1.89471
  -2.07794
  -1.60106
   -1.6573
  -1.56697
  -1.69744
  -1.59117
    -1.664
   -1.5571
  -1.61139
  -1.63586
  -1.59972
  -1.61082
  -1.61722
  -1.72818
  -1.66801
  -1.64645
  -1.68519
  -1.64213
  -1.63962
  -1.97653
  -1.74696
  -1.79534
  -1.92281
  -1.66884
  -1.75371
  -1.87928
  -1.76209
  -1.93338
  -3.74473
  -1.81808
  -2.47715
  -1.98783
  -1.98484
  -2.61552
  -2.14533
  -3.12522
  -2.22603
   -3.4009
    -3.071
  -2.70208
  -2.03559
  -2.10584
  -3.13807
  -2.03967
  -1.85856
  -2.55445
  -1.71136
  -2.29346
  -1.96282
  -1.78135
  -2.15376
  -2.38581
  -2.59452
  -1.53918
  -2.42921
  -2.55947
  -2.24412
  -2.96679
  -2.19723
  -2.39429
   -1.8889
  -2.65167
  -1.93305
  -2.40101
  -2.61537
  -2.31678
  -2.51968
  -2.75785
  -2.45542
  -2.56628
  -2.46329
  -2.53651
  -2.38912
  -2.42948
  -2.50859
  -2.34297
  -2.35936
  -2.27669
  -2.44712
  -2.39479
   -2.4248
  -2.02978
  -2.12171
  -2.21038
  -1.92381
  -5.10256
  -4.68554
  -7.56046
  -6.86459
  -6.10256
  -5.48304
   -4.7702
  -4.06357
    -6.575
  -5.80425
  -3.39931
  -4.74837
  -3.97858
  -5.47793
   -3.5524
  -2.96725
  -4.20719
  -3.95698
  -3.92353
  -3.52006
  -4.45845
  -4.81359
  -6.58764
  -6.76932
  -6.28076
  -7.46828
  -5.41453
  -8.37665
  -8.22464
  -7.12503
  -8.62306
  -8.07663
  -6.92273
  -7.57659
  -7.66444
  -8.25082
  -2.30611
  -5.42644
   -3.0386
  -4.04294
  -3.20932
   -4.9111
  -5.46285
  -7.76613
  -6.43012
  -6.37584
  -7.06242
  -7.82997
  -9.20511
  -8.84878
  -8.79934
   -7.3708
  -9.63866
  -8.53812
  -8.19426
  -8.39938
  -5.44251
  -4.06605
  -3.65644
  -4.41463
  -5.04599
  -5.93676
   -10.041
  -7.98945
  -7.91171
  -9.29231
  -8.65775
  -7.29506
  -7.85501
  -8.49458
   -1.6382
  -2.43642
  -1.44621
  -1.87224
  -1.54452
  -1.58207
  -1.54949
  -1.49556
  -1.68379
  -2.21981
  -1.87949
  -2.28187
  -1.88846
  -2.18517
  -1.69776
  -1.97961
  -1.32661
  -2.16739
  -1.86713
  -1.22488
  -1.14011
  -2.29861
  -2.64493
  -1.98072
  -1.98076
  -2.43044
  -2.65494
   -3.4971
  -9.42419
  -5.30873
  -4.02268
  -1.91621
  -1.89018
  -1.77406
  -1.68141
  -1.66663
  -1.67937
  -1.67633
  -2.42577
  -2.62111
  -2.89929
   -3.2202
  -2.64207
  -2.35989
  -3.58836
  -2.70918
  -1.16053
  -1.15168
  -1.07414
   -1.0316
 -0.945675
  -1.83788
  -2.01552
  -1.74528
  -1.95641
  -1.61868
  -1.43538
  -1.21885
  -1.51303
  -1.78397
  -1.88011
  -1.72795
  -1.63623
  -1.43246
  -1.42911
  -1.69848
  -1.88045
  -2.13555
  -2.05209
   -1.0683
   -0.9239
 -0.841206
   -0.9072
 -0.833963
  -2.47668
  -2.09963
  -1.92603
  -2.24012
  -2.27002
  -1.29828
  -1.53023
  -1.75568
  -1.63572
  -1.54631
   -1.4836
  -1.71714
  -1.26196
  -2.66526
   -2.7842
  -2.65563
  -3.35608
  -3.44834
  -3.32373
  -3.58291
   -3.0569
  -2.97364
  -2.83658
  -2.87073
  -2.68381
  -2.63079
  -2.33777
  -2.55754
   -3.0936
  -3.27706
  -3.63416
  -3.32072
  -3.96937
   -4.3163
  -4.36368
  -3.25737
  -3.66076
   -4.4845
  -2.81388
  -3.42709
  -2.38032
  -4.31658
   -2.7873
  -4.23431
  -3.25234
   -2.2751
  -3.72638
  -1.62626
  -2.59117
  -3.85636
  -4.25727
  -3.22001
  -3.39313
  -3.66287
  -2.00539
  -1.62786
  -5.28671
  -5.45869
  -3.50701
   -3.6046
  -3.33157
  -5.17782
  -3.54748
  -3.78392
  -3.14033
  -3.09119
  -2.87327
  -3.27779
   -2.6731
  -2.73679
  -3.53786
  -3.15175
  -1.46546
  -2.16486
  -2.80826
  -1.59293
  -1.70647
  -3.62245
   -3.4371
   -6.5698
  -9.16361
   -7.7101
  -8.10592
  -5.88088
  -6.93666
  -7.33074
  -6.33379
  -7.28099
  -5.98566
  -7.68101
  -5.76189
  -7.74397
    -8.126
  -6.91955
  -5.01852
  -5.80296
  -4.78889
  -7.36534
  -5.52427
  -7.58391
  -8.16005
  -7.69814
  -7.83192
  -4.43418
  -6.12907
  -6.81388
  -4.80538
  -6.43082
  -8.41404
  -7.95529
  -3.76329
  -3.93276
  -3.96928
   -4.0118
  -3.77453
   -1.7213
  -1.63292
  -1.64557
  -1.65502
  -1.63396
  -1.65839
  -1.43811
  -1.70358
  -1.61906
  -1.69389
  -3.51551
  -1.67693
   -1.0959
  -3.01207
  -2.50763
-0.0394938
  -2.63996
  -1.28779
  -1.89436
 -0.995913
 -0.538099
 -0.154523
 -0.108304
  0.424204
  0.324164
 -0.748295
 -0.516248
-0.0101181
 -0.336924
  -1.45148
  -1.29938
  -1.30648
   -1.4747
-0.0779156
  0.421649
 -0.392593
 -0.480707
 -0.802996
 -0.479717
  -1.25122
  -1.66559
  -2.18667
  -2.16444
  -1.64518
  -3.27813
  -2.76389
  -2.71653
 0.0560062
  -2.80076
  -2.43957
  -1.60234
  -1.74969
  -2.08578
    -2.116
  -2.36453
   -2.0251
  -3.02894
  -2.79674
  -2.65612
  -3.54759
  -3.50857
  -3.90699
  -3.17729
  -3.93002
  -3.62557
  -3.20478
  -3.16968
  -3.00811
  -2.95565
  -3.66657
  -3.26282
  -3.29401
   -3.1823
  -2.98516
  -3.08103
  -2.73186
  -3.51602
  -3.27978
  -3.20848
  -2.00345
  -9.24244
  -2.61236
  -1.75678
  -2.14695
  -2.10769
  -1.25126
  -1.27919
  -2.57411
   -3.2628
  -3.96179
  -3.27751
  -4.25454
  -3.39138
  -2.96225
  -4.29428
  -7.38027
  -5.27211
  -5.41026
   -6.5956
  -8.86191
  -7.50816
  -4.76953
  -8.13988
  -10.2426
  -10.1329
  -10.8976
  -9.09813
  -10.4225
  -10.8482
  -11.0851
  -10.0534
  -7.00611
  -1.81293
  -1.65316
  -1.63315
   -1.6246
  -1.70912
  -1.62359
  -1.58362
  -1.61226
  -3.22285
  -2.77763
  -2.67732
  -2.13333
  -2.22957
  -3.45699
  -3.67765
  -3.76951
  -3.82827
  -3.72888
  -3.71519
  -4.30297
  -3.88127
  -5.66999
  -4.65713
  -5.04718
  -3.88474
  -3.86893
  -3.68202
  -4.69686
  -3.76521
  -3.97821
  -4.82133
  -3.35041
  -2.99287
  -6.64425
  -4.00526
  -3.68532
  -3.50921
  -3.78294
  -3.24092
  -3.31236
  -5.48345
  -3.59376
  -4.32493
  -3.08799
  -3.65002
  -4.01067
  -5.38474
  -5.70075
  -5.16147
  -2.70151
  -4.87508
  -5.67697
  -5.87293
  -6.97983
  -4.34383
  -6.26907
  -5.67134
  -7.76778
  -6.56371
  -8.78625
  -6.40227
  -9.72407
  -7.03511
  -6.61263
  -3.23518
  -5.54442
  -5.17739
  -5.28119
  -6.69671
  -8.06483
  -7.33416
  -7.96436
  -8.03051
  -6.23091
  -7.69602
  -9.86002
  -8.58078
  -8.11788
  -7.02495
  -7.58569
  -7.90086
   2.47216
  -3.06961
  -6.26254
  -5.10332
  -8.15115
  -3.79295
  -4.58414
  -1.14989
  -7.99725
  -6.21118
  -7.25992
 -0.590073
  -2.68828
  -4.35991
  -3.61362
  -11.0174
  -4.87052
 -0.725491
  -10.5809
   -1.5742
   -9.4601
   -9.4777
  -8.59671
  -6.54546
  -10.6244
  -9.88129
  -11.0226
  -11.6178
  -2.92442
  -8.33707
  -7.00891
  -4.20984
  -10.0635
   -9.4647
  -9.45946
  -10.3657
  -8.87221
  -2.95451
  -2.32991
  -1.45278
  -1.70004
   -1.9064
   -1.6836
  -1.64697
   -1.3407
  -1.46839
  -1.63087
  -1.89034
  -1.71473
  -2.11136
  -2.02778
  -2.17737
  -2.19878
  -2.32844
  -2.20337
   -2.2949
  -2.10529
  -1.94281
  -1.91022
  -2.02247
  -1.92442
  -2.06987
  -1.88003
  -1.77929
  -2.00399
  -2.34464
  -2.17739
   -2.0557
  -1.88868
  -2.19289
  -2.13521
  -2.06299
   -2.4977
  -2.08734
  -2.17575
   -2.2383
  -2.59016
   -2.3514
  -2.17317
  -2.60189
  -2.20144
  -2.35596
  -2.04968
  -2.21284
  -2.19732
  -2.04431
  -1.60055
  -2.09899
  -2.03622
  -2.02914
  -2.67682
  -2.27723
  -2.00357
  -3.59893
  -3.86629
  -3.01636
  -3.37683
  -3.65295
  -3.08472
  -3.64126
  -4.10847
  -3.86587
  -3.90968
  -4.15399
  -4.13405
  -4.03766
  -2.73165
  -2.75519
  -2.64524
  -2.97712
  -2.74733
  -1.29891
  -2.48554
  -2.91925
  -3.09661
  -2.06826
  -3.81805
  -5.66038
  -6.16987
  -4.61202
  -6.65961
  -7.09245
  -9.96455
  -6.41787
  -7.04449
  -8.21995
  -9.37642
  -3.84479
  -4.14045
  -4.11489
   -3.8981
  -4.03002
  -3.87091
  -4.02712
  -3.88254
  -1.68606
  -1.73327
  -1.82108
  -1.72234
  -1.38426
  -1.64085
  -1.61144
  -1.62505
  -1.65622
  -1.64278
  -2.87399
  -1.93759
  -1.10433
  -1.66556
  -1.49953
  -1.75679
  -1.20413
  -2.23862
  -1.99506
  -2.41206
 -0.898156
   -1.4874
  -1.83278
  -1.39124
  -1.62215
  -1.70324
  -1.31955
  -1.56355
  -1.39172
  -1.24096
  -1.27308
  -1.35435
  -1.76142
  -1.49748
  -1.77103
  -1.11258
  -1.62898
  -1.92308
  -2.23082
  -1.28165
   -1.8371
  -2.01124
  -1.52078
  -1.62028
  -1.64326
   -2.1058
  -1.35859
  -1.87561
  -1.03791
  -1.11387
  -1.97937
  -2.18435
  -2.06514
  -2.06582
  -2.19215
  -2.27583
  -1.93436
  -2.16294
  -2.32972
    -1.351
 -0.169644
   -2.0727
  -2.12757
  -2.36674
  -1.37788
   -1.8268
  -1.87992
 -0.714374
  -2.20862
  -2.12282
   -2.1411
  -2.37342
  -2.36179
  -1.61973
  -1.33797
 -0.997618
  -2.35506
  -2.41072
  -1.16468
  -1.50163
  -2.40687
  -2.09173
  -1.73503
  -1.77078
  -1.55233
  -3.30604
   -2.2904
   -2.8534
  -4.32071
  -3.66481
   -4.9171
  -3.86101
  -2.46144
  -2.89536
  -2.96643
  -3.56005
  -3.20151
  -2.59759
  -2.77167
  -2.84575
  -2.27737
  -2.58277
  -3.41675
  -3.16262
  -2.84858
  -2.66354
  -2.94268
  -3.72413
  -3.95885
  -3.60322
  -3.07843
  -3.92312
  -3.70474
  -3.70372
  -3.73439
  -3.46433
  -2.14326
  -1.33752
  -1.49148
  -1.17208
  -1.11766
  -1.31249
  -1.05056
  -1.07844
    -1.219
   -1.3898
  -1.43124
  -1.15869
 -0.950191
 -0.917382
  -1.01172
  -2.24039
  -3.14698
  -5.27046
  -4.80245
  -3.12196
  -3.04823
  -3.24653
  -4.20071
  -6.59712
  -2.52876
  -2.42896
  -2.57391
  -2.73146
  -2.52552
  -2.41512
  -2.32232
  -2.22918
  -2.56109
  -2.52888
  -2.55774
  -2.94022
  -2.29998
   -2.7175
  -2.32843
   -2.0096
  -2.84981
  -2.69323
   -2.4633
  -2.02404
  -2.09058
  -2.36601
  -1.85032
  -2.07766
  -2.19747
  -5.43989
  -1.71212
  -1.66783
  -1.63808
  -1.60688
  -1.58852
  -1.66675
  -1.77554
  -1.65756
  -1.76499
  -1.82249
  -1.69863
  -1.79822
  -1.73592
  -1.75556
  -1.86332
  -1.83487
  -1.83627
  -1.82842
  -1.67806
  -1.76974
   -1.6076
  -1.58823
  -1.49612
  -1.47394
   -1.6021
   -1.5019
  -1.56117
  -1.53124
  -1.51179
  -1.59134
  -1.63589
  -1.51416
  -1.53259
  -1.84408
  -1.78999
  -2.24641
  -1.65692
  -2.08752
  -1.63785
  -2.06482
  -1.45125
  -1.38116
  -1.54144
  -2.02411
  -2.81821
  -1.83961
   -1.5403
  -1.75825
  -1.94385
  -1.40008
  -1.88734
  -2.18871
  -2.05358
  -2.36238
  -2.53161
  -2.29315
  -2.07667
  -1.81281
  -2.44815
  -2.15994
  -2.20541
  -2.77702
  -3.04293
  -2.58328
   -2.3212
  -3.96178
   -3.0468
  -3.41603
  -4.32062
  -4.03455
  -3.54216
  -5.21851
  -2.94481
  -3.73328
  -4.46206
   -5.3866
  -4.51623
  -4.60019
  -4.45524
  -5.47322
  -3.88558
  -3.28924
  -3.24312
  -1.87209
  -4.29445
  -5.16106
  -7.67695
  -6.86943
  -9.92491
    1.9131
  -1.49019
 -0.913521
    4.4211
   3.90175
   2.18344
  -4.22152
  -8.50106
  -4.53815
   -3.7004
  -2.71226
  -3.82322
  -2.67869
   -3.7408
  -2.14521
  -5.04902
  -4.98772
  -6.10005
  -7.55316
  -5.17376
  -1.83818
  -1.86452
  -2.14578
  -2.20725
  -2.17305
  -2.15706
  -2.21982
  -2.33728
   -2.2352
  -2.18696
  -2.28339
   -1.8735
  -2.11002
  -1.83373
  -2.39414
  -2.09211
  -2.30159
  -2.41228
  -3.59996
  -3.94542
  -1.10802
  -1.95837
   -4.0093
  -4.80118
   6.48185
  -4.25272
  -5.22715
  -4.99028
  -5.37205
  -6.12369
  -6.22676
  0.335576
  -4.92501
  -5.25132
  -4.80717
  -5.09835
  -4.69851
  -5.54061
  -2.37461
  -5.24578
  -3.66749
  -4.16385
  -4.11461
  -4.30584
  -4.24232
  -10.6656
  -10.2323
  -11.0745
  -11.6444
  -11.1905
  -10.4849
  -9.35983
   -10.924
  -9.43523
  -11.6264
  -3.56787
  -6.27774
  -5.57107
   -4.6023
  -1.26849
  -3.13286
  -1.54887
  -5.58937
 -0.164884
  0.651384
   -2.6416
  -9.20841
  -1.25625
  -4.34941
 -0.583422
    2.2368
   4.03168
   4.47913
   4.51695
  -3.36273
  -4.50822
   1.84142
   -6.6659
  -1.90317
  -9.24063
  -4.25441
  -1.77582
  -4.23191
  -4.64691
  -5.15588
  -4.67565
  -4.09859
  -4.28941
  -4.26688
  -4.35203
  -4.17901
  -4.18664
    -1.705
  -1.61772
  -2.27046
  -2.97836
  -5.32115
  -3.95758
   -4.1926
   -5.9324
  -4.36806
  -5.30724
   -7.0733
   -7.4439
   -6.4157
  -9.36402
  -8.69444
  -4.89424
  -8.54674
  -4.58137
   -7.9405
  -9.58855
  -9.24362
  -8.76447
  -6.88734
   -7.5748
  -8.19093
  -1.49286
  -1.26926
  -1.66738
  -1.69902
 -0.724585
  -2.16715
  -2.13905
  -1.96741
 -0.599163
  -1.46793
  -1.61691
  -1.29482
 -0.902779
  -1.17007
  -1.15639
 -0.765052
  -2.14841
  -1.51872
  -1.76366
  -2.05785
   -2.1382
  -2.56132
  -2.08597
  -2.31347
  -2.34729
  -2.94323
  -2.76333
  -2.54249
  -2.72233
  -2.47622
  -2.74973
  -2.85127
   -2.7165
  -2.75168
   -2.8375
  -2.20329
  -2.35105
  -3.03034
  -2.08912
  -2.47727
  -2.91905
  -2.70956
  -2.71114
  -2.82141
  -2.93715
  -2.89749
  -3.33248
  -3.05626
  -2.61964
  -2.81948
  -3.06479
  -2.89144
  -3.58335
  -2.59407
  -3.30102
  -4.17485
  -3.96718
  -4.16814
  -4.15642
  -4.08792
  -3.96309
  -3.73795
  -3.98436
  -3.80665
  -4.01514
   -4.0145
  -3.59435
  -3.79303
  -3.74205
  -3.85674
  -3.89607
  -3.78507
  -4.25659
  -4.11913
  -3.75268
  -4.10354
  -4.02242
   -3.5912
  -3.41815
  -3.36239
  -3.22327
  -3.59509
  -3.58775
  -3.56757
  -3.17209
  -1.23448
 -0.957702
  -5.84565
  -4.06783
   -3.2588
  -4.17323
  -5.51085
  -7.57217
  -2.41174
  -2.44158
  -2.15372
  -2.22715
  -2.57425
  -3.52489
  -3.16854
  -2.95739
  -2.73652
  -2.40247
  -1.59715
  -1.71138
  -1.74764
  -1.59243
  -1.62269
  -1.63041
  -1.63973
  -1.40263
  -2.42717
  -2.73426
  -3.27023
  -2.23737
  -4.86263
  -3.65456
  -3.17742
  -2.73927
  -3.67104
  -3.96237
  -3.22066
  -2.79785
  -2.50847
  -3.00757
  -3.32482
  -3.26784
  -3.41831
  -3.67128
  -3.41986
  -3.75166
  -3.41148
  -2.87209
  -2.74764
  -3.06251
  -2.80662
  -2.41748
  -4.37102
  -3.33201
  -3.18624
  -3.73792
  -3.01615
  -3.21502
  -3.40587
  -2.98646
  -3.11154
  -3.71844
  -5.11344
  -4.51567
  -3.76852
  -3.30924
   -6.1197
  -4.84727
   -5.0321
  -6.79165
  -4.70963
  -6.11209
  -4.25471
  -11.6796
  -5.68972
  -5.45714
  -5.60997
  -9.55546
  -5.83476
   -4.6307
  -3.64992
  -4.57947
  -7.29598
  -7.70075
  -7.81725
  -7.32061
  -6.09884
  -10.0198
  -11.5445
  -10.4769
  -5.61931
  -5.72256
  -6.89526
  -4.32532
  -4.79676
  -4.92834
  -4.40301
  -4.42274
  -4.69027
  -4.48624
  -3.89834
  -3.35624
  -5.48943
  -4.14849
  -5.54521
  -4.39606
  -4.21341
   1.63856
   6.04008
   1.09612
  0.633231
   -3.1526
   -5.7449
  -2.34397
  -2.37683
   -1.7881
  -1.78448
  -2.65574
  -2.59979
  0.194946
  -1.17461
 -0.234031
  -1.23247
 -0.879325
  -1.42888
  -3.76609
    -2.703
  -2.40502
 -0.607777
  -4.18546
  -1.36897
    2.5381
   1.07622
   1.34898
   2.47848
  -2.85545
  -4.50522
 -0.301707
  -3.68143
  -0.61887
  -4.21429
  -2.94047
  -4.03894
  -3.62296
  -3.14716
  -3.33983
  -3.42376
  -3.40449
  -3.19868
  -3.32612
  -3.22195
  -3.53685
  -2.13467
  -2.61199
  -1.53043
  -2.73574
  -2.89812
 -0.952133
 -0.531892
  0.250089
  -1.34845
  -1.37961
  -1.78945
  0.213624
  -2.45136
  -2.47288
  -2.22227
  -8.97374
  -9.93373
    -9.925
  -9.00046
  -10.5489
  -8.53504
  -10.5811
  -9.39729
  -9.66329
  -8.06562
  -7.01543
   4.59615
   4.98938
  -2.06612
  0.941441
 -0.156368
    1.0681
  -6.70473
  -10.0053
  -7.53206
  -9.63888
  -6.39505
  -4.50368
  -4.88158
   -6.3166
  -6.64352
  -7.79909
  -7.59255
  -8.41826
  -6.71828
  -8.65418
   -4.0489
  -6.79849
  -8.16933
  -6.99404
  -7.82392
  -8.00846
  -6.12047
  -6.85612
  -7.03181
  -5.78984
  -6.38818
  -4.83478
  -5.50637
   -5.1219
  -6.69147
   -1.1987
 -0.970345
 -0.355757
  -2.36899
 -0.355796
  -1.83963
  -3.06044
  -1.12296
  -2.51968
  -3.29271
  -2.57246
  -3.89006
  -4.16162
  -4.18021
  -3.18468
  -3.17692
  -2.82985
  -2.79911
  -3.01923
   -3.1745
  -3.06985
  -3.02082
  -3.00654
  -3.28311
   -3.4423
   -3.3824
  -3.28731
  -6.60701
  -3.56774
  -3.69804
  -3.56018
  -4.03752
  -4.37051
  -4.23983
  -2.54108
  -2.49707
  -2.49711
  -3.08468
  -2.58809
  -2.88268
  -2.55646
   -1.9904
  -1.85511
  -1.95584
  -1.92666
  -1.91215
  -2.35662
  -1.80692
  -1.82183
  -2.13394
  -2.43844
  -3.35628
  -3.54368
  -2.98072
  -3.02683
  -3.66633
  -10.5217
  -8.72953
  -7.57915
  -11.1131
  -7.74339
  -5.07013
  -4.31473
  -6.42343
  -4.42458
   -7.0136
  -7.21368
  -4.26662
  -4.54445
   -5.3567
  -5.23385
  -4.36732
  -3.84676
  -2.82647
  -3.99591
  -4.02825
  -4.23758
  -3.88048
   -4.0578
  -3.98159
  -3.90972
  -3.63774
  -4.12793
  -4.13946
  -4.03139
 -0.799418
   6.56071
   5.22763
   5.34403
   5.30085
   5.37148
   4.66592
 -0.914762
   2.35112
   5.37032
  -1.37789
  -3.06661
 -0.497749
  0.782032
    3.0579
  -4.21714
  -3.93977
  -2.03671
  -4.14205
  -2.74367
  -3.44493
  -1.92884
    -1.903
  -2.04009
  -2.04629
  -2.27877
 -0.588273
 -0.127513
 -0.585812
  -4.45543
   2.84477
  -1.04766
  -1.80266
  -1.95175
  -2.31246
  -2.24701
  -2.43848
  -2.51925
  -10.7878
   4.42605
  0.618447
   6.93959
   5.75851
   3.86611
 -0.792795
 -0.506218
   1.36916
   2.49292
   3.75659
   4.40475
   1.78721
  -10.0651
  -9.60258
  -5.46267
  -3.33984
  -1.76333
  -3.33995
  -3.55612
  -2.62332
  -4.35983
  -5.79031
  -6.31995
  -5.11845
  -8.62783
  -9.87521
  -7.86044
  -4.28691
  -5.95508
  -4.92474
  -5.82569
  -4.16625
  -1.50895
  -1.15252
  -1.15564
  -1.04474
 -0.766862
 -0.783696
 -0.971258
  -0.29227
   -1.4136
  -1.70121
  -1.63248
  -1.96462
   -2.1481
  -2.52834
   -2.5621
  -2.34114
  -2.29022
  -2.07108
  -2.30668
  -2.09779
  -2.71429
  -2.37385
  -2.02137
  -2.50042
  -2.21951
  -2.72021
  -2.72719
  -2.59547
  -2.79045
  -2.88836
  -2.57653
  -2.65443
   -2.7405
  -2.79391
   -2.8566
  -2.89603
  -2.64765
  -2.67981
  -2.80852
  -3.46647
  -3.10978
  -2.87409
  -3.09162
  -2.71947
  -3.04285
  -2.62087
  -2.58243
  -2.60156
  -2.66691
   -2.8107
  -2.77159
  -2.49923
  -2.34576
  -2.50703
  -2.72916
  -2.81298
  -2.48527
 -0.988411
  -1.57555
  -1.26705
  -0.62201
  -0.73662
  -1.41954
 -0.261269
  -0.52766
 0.0625922
 -0.776293
-0.0446105
 -0.220713
 -0.602399
 -0.273228
 -0.953771
 -0.304429
  -1.20941
0.00516977
   -1.1953
  -2.41628
 -0.874574
  -1.53465
   -1.5068
 -0.854898
  -1.50767
  -1.42968
  -1.33478
  -1.14459
  -2.08884
  -1.75003
 -0.858004
 -0.646702
  -1.37581
  -1.37667
  -2.75734
  -1.82703
  -2.30758
   -2.2585
  -2.55319
  -3.06304
  -3.28386
  -3.59884
  -3.17154
  -3.04352
  -3.52866
  -3.26661
  -5.86262
    -6.143
  -5.48156
  -4.41069
   -4.6235
  -2.93917
  -2.47838
   -2.8783
  -2.45956
  -2.12585
  -2.03253
  -2.28691
  -1.91252
  -2.08975
  -3.39746
  -4.56555
  -3.59356
  -16.8658
  -6.86745
  -3.85535
  -9.31419
   -3.8905
  -3.85663
  -4.50067
  -4.40949
  -1.56383
  -5.53809
  -4.12882
  -2.82663
  -2.12799
-0.0114649
-0.0651293
 -0.588366
  -0.62364
 -0.498757
   3.24701
  0.395318
 -0.569093
   -2.2822
  -1.80768
  -1.88352
  -2.76142
 -0.545618
  -3.88875
  -1.63873
  -4.56023
     -5.63
  -4.04418
   -4.1034
  -4.59729
  -4.42952
  -4.39675
  -4.09867
  -2.90377
  -2.18328
  -2.28294
  -2.80086
  -2.02536
  -2.89901
  -3.26426
  -3.56388
  -3.39779
  -2.92586
  -3.65029
  -3.30457
  -3.16607
  -2.81142
  -2.24123
  -2.68889
  -2.56246
  -2.41171
  -3.82681
  -3.79021
  -3.77188
   -3.4687
  -2.23265
  -2.54182
  -3.05913
  -2.88509
  -2.91983
  -2.93329
   -1.2835
  -1.60641
  -2.34421
  -1.91477
  -1.70048
   -2.4639
 -0.580593
  -1.42653
  -2.45225
  -4.14279
  -4.53988
  -3.79395
  -3.14802
  -4.93483
  -5.13219
   -4.8184
  -5.09617
  -5.17112
  -4.11203
  -2.92535
  -3.71163
  -3.22234
  -3.10098
  -2.81295
  -2.86258
  -2.85051
  -2.81576
  -5.82226
  -5.01659
  -2.85313
  -2.56938
  -3.65007
  -4.82219
  -4.99908
  -4.79953
  -5.56441
  -4.69663
  -3.54692
  -4.50392
  -3.67608
  -3.26858
  -3.67487
  -13.2442
  -15.7039
  -4.66818
  -3.29748
  -4.26736
  -6.51317
  -8.48163
  -4.00537
   -3.5025
 -0.823891
  -2.81483
   -3.5053
  -1.35228
  -4.89763
  -4.61917
  -4.15372
  -3.57499
  -4.32381
  -5.02981
   -4.5434
  -4.49328
  -5.76074
  -6.98619
  -4.83452
  -5.63193
  -6.49057
  -6.96035
   -4.5311
  -5.64525
  -6.12903
  -5.66663
  -4.23887
  -5.59375
  -5.15917
  -5.68381
 -0.115094
 -0.614025
  -1.49757
 -0.073389
 -0.315104
 -0.747311
   -1.2443
 -0.821212
  -2.22356
  -1.40032
  -1.67731
  -2.62654
  -1.27532
  -1.36332
 -0.447724
 -0.609408
  -1.45167
 -0.986676
  -1.73723
  -1.44622
  -1.12326
  -1.42616
  -1.89727
  -1.50519
  -1.42995
 -0.136524
  -1.72408
  -1.44287
  -2.24151
   -2.3701
  -2.66438
    1.5101
   1.21858
 -0.721388
 -0.726262
  -1.31067
  -1.42666
  -2.47257
  -2.90053
 -0.169711
  -4.20707
  -5.04477
  -1.75314
  -3.09189
  -3.45187
  -1.07283
  -2.30775
  -1.62791
  -2.61111
  -2.47979
  -1.80005
   -4.5294
  -2.65922
   -3.9498
  -4.02284
  -4.13263
  -10.3675
  -10.3374
  -13.3962
  -13.4841
  -13.9748
  -12.5689
   -16.235
  -13.1351
 -0.188674
   -1.4166
  -1.57091
  -2.52529
  -2.28151
  -1.09632
  0.870855
  -0.40977
 -0.539635
  -1.75744
  -1.64823
  -1.78347
  -2.19438
  -1.50362
  -2.07547
  -2.03031
  -2.57164
  -2.90455
  -2.44581
  -2.95123
  -2.43134
  -1.37559
  -2.46928
  -2.69993
  -1.31564
 -0.701487
    2.0681
  0.428419
  0.740906
   2.13745
   2.19917
   3.14436
   3.10215
   3.60979
   2.78513
   3.43175
   2.84046
    3.0848
   3.35535
 0.0601245
     2.844
   2.21271
   3.88455
   3.77962
 -0.581402
   3.14224
   1.76598
   4.27746
   3.22973
   1.52966
   2.61128
   3.97484
  -1.01917
  -1.62818
   -2.8798
  -6.08369
  -3.71521
  -3.55068
  -2.03834
  -4.11573
  -4.52376
  -4.10662
  -4.39121
   -4.6964
  -4.17464
  -4.59907
   -9.0875
  -13.6911
  -15.5504
  -7.21483
   -5.7209
  -10.7716
  -2.46897
  -4.35553
  -7.42266
  -1.39705
  -2.44352
   -1.0089
  -2.77381
  -1.18386
 -0.169025
 -0.311613
  -1.22579
  -1.28513
  -4.84918
  -17.0685
   1.10324
   1.78933
  0.436427
  0.743272
  -1.84448
  -2.29904
  -2.50188
  -1.81333
  -1.39393
  -1.42117
  -1.76346
  -1.83346
  -1.94125
  -1.45392
  -1.64141
  -1.73925
  -1.43648
  -1.37942
  -1.24459
  -2.01653
   4.87619
    5.3554
   2.33247
   1.80115
   1.01749
 -0.734459
 0.0604771
   1.74608
   3.21732
   2.04578
  0.271277
   1.45344
    1.5569
    2.5195
  0.166596
   2.08567
  0.529381
 -0.605148
 -0.979147
   0.45257
  -3.88884
  -3.29138
  -4.27499
  -1.42127
  -2.79297
  -3.58737
  -3.16079
   -15.177
  -13.3559
 -0.612577
  -1.48252
  -5.85231
  -5.77091
  -3.33512
  -4.35906
   -0.4007
  -9.57304
  -16.4656
  -14.4137
  -16.3349
  0.729061
    -1.223
  -1.47981
  -1.22165
    -1.385
  -1.11294
  -2.39556
  -2.32067
  -1.84511
  -1.75513
  -1.50726
 -0.805134
   1.13019
  0.287744
  0.107599
  0.224655
 -0.430759
  -4.12185
 -0.646636
  -1.83502
  -2.69117
   -1.8374
  -1.32486
  -1.37103
 -0.548896
-0.0956013
 -0.144838
  -2.95264
  -1.44366
 -0.762426
  -2.16078
  -3.56518
  -3.17633
  -1.46674
  -6.67805
  -8.20598
   -6.0863
  -5.15218
  -5.82326
  -2.33901
  -9.71638
  -7.17029
  -3.70446
  -17.1902
  -11.9859
  -8.87891
  -12.2898
  -12.6117
  -15.4996
  -15.4101
  -14.0211
  -10.3042
  -13.0745
   -14.333
  -14.0087
  -1.69572
  -1.66759
 -0.211817
  -1.41805
  -1.34132
   -1.3268
   -1.2437
  -1.53448
  -1.12263
 -0.724771
 -0.869435
 -0.911004
 -0.752044
 -0.926313
  -1.21482
  -0.66919
  0.520933
  -4.84793
  -2.19689
  -2.43715
  -2.34278
  -2.08823
   -3.3766
  -3.23743
   2.42958
  0.334708
 -0.737433
  -2.62019
  -0.25427
  -3.16746
 -0.505327
  -3.83605
  -1.59293
 -0.625777
  -1.75657
  -1.24008
  -6.55261
 -0.020495
  -0.57575
  -9.78324
  -2.26915
 -0.585398
  0.317984
 -0.106344
  -9.73463
  -7.84965
  -1.72609
 -0.451385
  -1.54146
  -4.84624
   -3.6916
   1.38982
  -11.9715
   -4.8267
  -7.03991
  -2.22714
   1.14083
  -4.63945
  -8.43374
  -1.47946
  -2.55725
   0.36667
  0.990455
  -6.36741
  -6.09167
  -9.80065
    -3.887
  -1.26627
   2.95171
   2.00618
  -4.49576
 -0.597674
   1.76392
   1.77715
   1.80698
 -0.649667
   1.04572
  -3.78633
 -0.738482
  0.781711
  -1.36693
  -2.36849
  -1.03479
   2.27866
  -2.14005
  -2.19079
  -3.42685
   1.20361
  -1.15522
  -4.44574
  -4.98335
  -11.9331
  -12.4358
  -14.4754
  -1.62871
  -1.36317
  -1.25987
  -1.89387
  -1.49653
 -0.717346
  -1.00188
 -0.633403
  -1.02372
  -1.12457
 -0.082058
  -3.72719
  -3.15826
  -5.14313
  -6.95923
  -11.6053
   -7.6935
  -6.33025
   1.42988
 0.0536974
  0.896215
  0.469617
 -0.142476
   -0.5666
   2.82027
    3.3467
   3.29985
  -2.16388
  -1.86183
 -0.960007
  -1.82959
  -1.98512
  -1.17744
  -1.99094
  -2.71148
  -1.20842
  -2.02752
  -2.46803
 -0.895576
  -1.43197
  -1.67444
  -1.99785
  -1.70607
  -2.85622
  -2.69375
  -2.51264
  -1.35487
  -1.05267
  -1.39543
  -1.36324
  -1.17859
 -0.686618
  -2.23678
  -1.14631
  -1.69573
  -1.86257
   -2.0044
  -1.39953
  -2.49075
  -1.48422
  -1.05907
  -5.45704
   -1.0944
  -4.91323
   -1.4229
  -3.44384
  -1.17321
 -0.288843
 -0.301065
 -0.262737
 0.0936703
 -0.242413
  -1.44695
  -1.28882
  -9.41551
  -12.5216
   -7.7325
  -9.41035
  -10.9749
  -9.57081
   0.22007
  0.582958
  0.556392
   -1.2483
   3.07296
   1.89538
   2.73486
  -1.60364
  -2.55301
  -2.31463
  -2.42703
  -2.04532
  -1.74595
  -2.14253
  -2.28256
  -1.83008
   -1.7017
  -2.10402
  -2.03796
   -2.3337
  -2.38967
  -1.95153
  -2.16309
  -2.69515
  -2.48552
  -2.33488
  -3.32812
  -4.35685
  -3.70902
  -4.98052
  -4.25817
  -3.79852
  -3.33596
  -4.48811
    -3.551
  -3.43995
  -5.33672
  -6.91706
  -2.39851
    -2.163
  -1.65407
 -0.137856
   -1.6338
  -7.34982
   -5.3209
  -6.97663
  -10.3303
  -12.7065
  -13.7865
  -11.9074
  0.360903
  -1.07516
 -0.520605
 -0.813968
   2.08875
   3.22135
   3.03513
 0.0634378
  -1.23996
  -1.10334
 -0.481075
  0.260971
 -0.657344
  -1.87531
  -1.48082
   2.70111
   3.57492
   1.94713
   1.57557
   2.48633
   3.05572
   1.07458
  -1.08524
 -0.557463
-0.0535302
   3.30006
 -0.935572
  -1.38175
  -2.68681
  -4.10866
  -4.24333
  -6.92223
  -5.52352
  -2.37336
  -1.35853
  -1.60028
  -1.87809
  -2.30848
  -2.86461
  -3.57996
  -4.73371
  -3.26031
  -5.52181
  -6.66477
  -8.16083
  -5.17091
  -6.22574
  -7.50432
  -7.41565
  -9.64812
  -8.74419
  -10.8971
  -8.62589
  -10.4094
  -9.84822
  -8.64672
  -8.62553
  -14.1216
   -11.135
  -7.09349
  -8.78785
  -4.97901
  -8.08197
  -14.3904
  -13.4171
  -8.34481
  -4.68561
  -2.37406
  -7.89606
  -10.4713
  -14.6231
  -10.7804
  -14.7551
  -10.2226
  -12.9622
   -11.976
  -7.68628
  -9.14425
  -9.93071
  -13.2258
  -14.2088
  -12.0227
  -9.71423
  -5.76008
  -9.70179
  -5.17422
  -6.97454
  -1.94356
   -9.5829
  -12.8243
  -5.48578
  -5.58716
  -10.8872
  -7.69274
  -9.88205
  -11.4866
  -3.39797
  -4.17892
  -3.44861
  -5.98492
  -5.73429
  -6.21115
  -2.79445
  -1.06161
 -0.537849
  -10.2149
   -8.3546
  -11.7409
  -11.7828
  -11.4569
  -12.4984
  -9.30272
  -7.52669
  -1.86302
  -2.67787
  -1.99041
  -2.99167
  -1.96949
  -2.51265
  -2.57614
   -1.7596
 -0.267443
   0.73872
  -3.04725
  -1.46259
    -1.157
 -0.895069
 -0.901514
  -1.51867
  -1.87976
  -2.45011
  -2.23217
  -1.94134
  -2.72682
  -2.70657
  -2.66242
  -5.75414
   -3.9611
  -6.81413
  -10.9635
  -6.23854
  -8.45757
  -13.2322
   -11.602
  -11.0601
  -8.45792
  -8.60495
  -9.55201
  -9.48978
  -11.9438
  -11.6834
  -3.62729
  -4.10876
  -4.36755
  -3.62559
  -5.05147
   -7.8768
  -7.66668
  -8.98315
  -4.56052
  -6.52549
  -10.1494
  -2.78964
  -1.51247
 -0.742805
    -11.13
  -9.66252
    -11.05
  -10.6619
  -1.80308
  -2.35099
  -2.38084
  -2.54866
  -2.21881
  -2.87784
  -3.09283
  -2.93767
  -2.75351
  -2.68902
  -2.60889
  -2.58345
  -2.37452
  -2.68903
  -2.70102
  -3.45763
  -3.02271
  -2.96545
   -2.8839
  -2.15354
  -3.24032
  -2.71876
  -2.74896
  -3.15878
  -2.99482
  -2.49316
   -2.9401
   -3.6748
  -1.20977
 -0.671908
    -1.488
  -2.85594
  -2.70004
  -2.58454
  -3.97684
   -6.9944
  -7.89857
  -7.79427
   -6.4999
   -5.2247
  -1.67633
  -6.27076
  -4.71453
  -6.43249
   -3.6978
  -2.16961
  -3.19165
  -3.33654
  -3.22517
  -3.51913
  -1.53097
  -3.59717
  -2.88665
  -3.02981
  -3.30547
  -3.18308
  -12.6348
  -11.5959
  -11.8074
  -7.35037
  -10.4594
  -3.02132
  -2.51911
  -3.48554
  -1.97529
  -3.43819
   -3.6575
  -3.73121
   -3.3919
  -3.62965
  -1.99185
  -2.92444
  -2.31568
  -3.14707
  -2.67105
  -3.46959
  -3.98561
  -3.53018
   -3.7274
  -3.68506
  -3.28019
  -3.50572
 -0.613924
 -0.327041
 -0.657106
   -1.8719
  -1.16147
  -1.27163
  -2.69392
  -3.01405
  -2.10427
  -2.57049
  -1.34977
 -0.789719
  -1.18411
    -2.648
  -2.32979
  -2.17141
  -2.51735
  -1.74038
  -2.53704
   -2.7413
  -1.59056
  -2.09495
  -1.98225
  -2.22922
  -1.81869
   -1.5884
  -2.25171
  -2.57725
  -2.68067
  -2.34513
  -2.50284
  -2.27161
  -2.49085
  -2.97817
  -2.71501
  -3.20927
  -1.78115
  -1.60858
  -2.06688
  -2.06736
   -2.7139
  -2.32376
   -2.6385
  -2.49416
  -2.79025
  -1.33955
  -1.09113
  -1.24284
  -1.40411
  -2.82156
 -0.557824
  -7.00357
  -3.56934
  -6.95431
  -7.68441
  -4.67103
  -4.76406
    -8.633
  -7.26604
  -7.22833
  -5.70652
  -5.21332
  -4.29475
  -6.13694
  -5.52011
  -6.67942
  -3.48794
  -1.89786
  -8.91568
  -2.77942
  -2.85723
  -2.77074
  -2.74608
  -2.72395
  -2.89184
  -3.01581
  -2.67513
   -3.3978
  -4.75749
  -5.70862
  -3.90059
  -5.47862
  -3.57383
  -4.03585
  -2.25163
  -1.85796
  -1.47839
  -3.17812
  -3.04039
  -6.01284
  -4.60211
   -5.4816
  -4.18687
  -4.82853
  -8.26805
   -8.9202
  -6.53199
  -5.49119
  -6.03992
    -3.131
  -3.34235
  -3.59898
  -3.16713
   -2.7023
  -3.93617
  -4.38883
  -1.80395
  -7.20639
  -6.97313
  -5.95923
     -8.19
  -3.54478
  -4.80344
  -1.73132
  -2.52097
   -3.7683
  -1.48757
  -4.42769
  -1.24961
  -5.14444
  -4.20653
   -2.9786
  -3.11364
  -3.88217
  -3.51469
  -3.62215
  -3.92152
  -3.86916
   -3.9028
  -3.31651
  -3.44392
   -4.8658
   -2.4279
  -3.01144
  -2.58739
  -2.15612
  -3.27109
  -3.53862
  -2.84946
   -1.8116
  -2.98057
  -1.51803
  -3.03578
  -2.00378
  -1.27878
 -0.926141
 -0.890883
  -2.73099
 -0.880404
 -0.804589
 -0.919103
 -0.799632
  -1.12367
  -1.07105
  -0.98449
  -1.53645
  -1.33165
  -1.29027
  -1.40574
  -1.37694
  -1.10766
 -0.948637
  -1.49772
  -1.24442
  -1.24063
  -1.58678
  -1.33936
  -1.28635
  -1.23334
  -1.39361
  -1.46765
  -1.69788
  -1.75417
   -2.1221
  -2.34767
  -2.78706
  -2.70248
  -2.18243
  -2.06365
  -1.74603
  -1.85072
  -2.01012
  -1.58765
  -2.29528
   -2.4494
  -1.41827
   -1.8756
 -0.889589
  -1.52181
  -6.92547
  -1.88957
  -1.95614
  -1.99874
  -1.95862
   -1.9258
  -1.94613
  -2.03434
  -1.93387
  -1.90468
  -1.84523
  -1.94418
  -1.87824
  -1.88666
  -2.86241
  -3.42385
  -3.39987
  -6.74406
  -6.92197
  -7.14164
  -7.23864
  -2.17945
  -2.77212
  -1.75517
  -1.04106
 -0.519692
 -0.500798
 -0.751768
  -1.10512
  -1.26304
  -1.19393
   -1.5691
 0.0755979
  -6.45845
  -6.87548
  -5.61178
  -5.54467
  -6.75134
  -5.79629
  -4.69181
  -4.90979
  -4.69186
  -5.84891
  -2.33653
  -0.91574
  -1.10684
 -0.941828
  -1.09417
  -1.01953
  -1.16543
  -2.28795
  -3.50662
  -1.82804
 -0.373169
  -10.0436
   -9.8995
  -10.2779
  -9.02962
  -6.48064
  -3.94034
  -6.56754
   -8.6698
  -6.30942
  -8.01168
  -8.05629
  -8.96627
  -9.67534
 -0.794151
  -3.05879
  -4.59991
  -4.71036
  -5.44377
  -5.29441
  -6.19259
  -6.54008
  -4.11385
  -5.47503
  -4.14446
  -2.70322
  -3.56522
  -4.60411
  -5.95378
  -5.30833
  -2.97848
  -1.49909
  -2.28345
   -1.6454
  -2.53988
 -0.388403
   0.67808
 -0.500136
  0.280562
   1.59981
   2.92979
   4.67334
   1.78931
   2.02888
    3.5334
   3.44504
  0.362232
   4.01194
  -3.32675
  -3.43536
  -3.45479
  -3.39748
  -3.18398
  -3.31094
  -3.49715
   -3.8498
  -3.65267
  -3.76932
  -4.16713
  -3.58983
   -4.0204
  -3.18134
  -2.96973
  -3.09022
  -3.24415
  -3.16504
   -3.2308
  -3.19242
  -2.86802
  -2.94813
  -2.87571
  -3.01423
  -2.89177
  -2.91601
  -2.91411
  -3.76826
  -3.69494
  -2.74517
  -4.06348
  -3.98174
  -3.78422
  -3.99653
  -3.59306
  -3.98983
  -4.12106
  -3.76262
  -3.65408
   -3.6866
  -3.45536
  -3.85767
  -3.28956
  -3.50919
  -3.43487
  -3.47664
  -3.41892
  -3.58969
  -3.11653
  -3.14677
  -3.07304
  -2.99672
  -2.86112
  -3.16095
  -2.70489
  -2.70302
  -2.66845
  -2.57007
    -2.912
   -2.8511
   -2.4004
  -2.41435
  -3.37195
  -1.81176
  -2.55603
  -2.69219
  -3.48809
  -3.24446
  -3.71422
  -3.71577
  -2.18369
  -1.67181
 -0.994582
  -2.48245
  -2.25301
  -2.10771
   -1.0197
  -0.89547
  0.686827
 -0.239769
  -2.39195
   2.48873
  -1.79105
  -2.73717
  -2.40908
  -3.77107
  -3.32856
  -3.19903
  -2.98587
   1.96649
   1.57419
  -3.24407
  0.910955
   1.76537
   2.72819
   3.04773
   1.50554
 -0.428832
    0.4427
  0.249714
   1.98499
  -1.62078
  -4.46655
  -4.41822
  -3.40303
  -2.87985
  -4.23056
  -4.77062
   -3.3432
  -3.43606
  -3.81367
  -3.11245
   1.56201
   3.68149
  -4.24615
  -4.42802
  -4.29642
  -4.55178
  -4.56523
  -4.58477
  -4.13167
  -4.79632
  -4.94839
  -5.48479
  -4.60247
  -4.46522
  -1.73271
  -2.59497
  -2.63097
  -3.40285
  -3.00747
  -3.33101
  -3.20605
  -3.48586
  -2.91686
   -2.9692
  -3.29089
  -2.55977
  -2.38873
  -2.50882
  -2.19092
  -3.76543
  -3.85085
  -4.08385
  -4.02469
  -3.29364
  -2.88169
  -3.50392
  -3.12751
  -3.59019
  -3.60423
  -4.19485
   -2.4743
   -3.1656
  -3.57848
  -2.81248
    -3.677
  -3.97111
   -4.1164
  -4.17466
  -4.17972
  -3.89199
  -3.73083
  -4.25637
  -4.34581
   -3.9865
  -4.07687
  -4.24221
  -2.34751
  -1.82986
  0.503949
 -0.576972
 -0.247624
  -0.83107
 -0.419052
   -4.0548
  -1.50464
  -1.23886
  -2.21593
  -3.08827
  -2.07621
  -1.80103
 -0.639168
  0.277946
 -0.235213
 0.0145863
  -3.12761
  -2.74146
  -2.66826
  -9.34815
  -2.85955
  -2.81014
  -2.72855
  -2.92551
  -3.05007
  -1.47725
  -1.64371
  -1.73649
  -1.85204
   -1.5376
  -2.01605
  -2.10742
    3.3047
  -3.17623
  -2.99778
  -3.30258
   -3.5477
  -3.74809
  -3.52963
  -3.86173
  -2.94099
   3.86254