  -0.108011
  -0.160289
  -0.222563
  -0.244916
  -0.238598
  -0.227517
  -0.188666
  -0.108247
 -0.0787146
 -0.0672338
 -0.0580087
 -0.0739227
 -0.0553963
 -0.0471048
 -0.0307664
 -0.0323683
 -0.0397562
  -0.111349
  -0.228256
  -0.343369
  -0.433634
  -0.421624
  -0.447843
  -0.413401
  -0.383915
  -0.311349
   -0.35107
  -0.336184
  -0.400935
  -0.388864
  -0.420204
  -0.508948
  -0.438632
  -0.506746
  -0.596843
  -0.891297
  -0.918016
  -0.976147
  -0.915307
  -0.758654
  -0.594326
  -0.500726
   -0.42506
   -0.37591
  -0.384822
  -0.424036
  -0.503104
  -0.617521
  -0.760317
  -0.947275
   -1.18403
   -1.46156
   -1.39293
   -1.58034
   -2.11855
   -2.40062
   -2.25377
   -2.30803
   -2.53684
   -3.07016
   -3.05029
   -2.88644
   -2.66629
   -2.34555
   -2.07284
   -2.03517
   -2.02396
   -2.09876
   -2.28949
   -2.64173
   -2.76388
   -2.88692
   -2.94645
   -2.93323
   -2.91241
   -2.84442
   -2.74813
   -2.75292
   -2.65142
   -2.51124
   -1.74612
   -1.34958
  -0.939229
  -0.557337
  -0.536117
  -0.400419
   -0.56987
  -0.505249
  -0.471751
  -0.464327
  -0.472319
  -0.512019
  -0.563873
  -0.594708
  -0.752933
  -0.850561
  -0.809703
  -0.808256
  -0.661336
  -0.536414
  0.0138857
  0.0824222
  0.0442039
  0.0582924
   0.127568
  0.0898766
   -0.22921
  -0.464455
  -0.449766
  -0.566012
  -0.547788
  -0.558101
  -0.452845
  -0.384126
  -0.276138
  -0.173111
 -0.0804376
 -0.0346696
 -0.0039192
  0.0381174
  0.0453676
   0.036681
   0.015955
 -0.0072456
 -0.0561259
 -0.0995369
  -0.104252
  -0.154325
  -0.177197
  -0.210044
  -0.161406
  -0.175642
   -0.16148
  -0.155812
 -0.0859649
  0.0114577
  0.0798831
   0.113447
   0.139712
    0.14367
   0.114684
   0.053568
-0.00996217
 -0.0464778
 -0.0766853
 -0.0837603
  -0.107561
  -0.116835
  -0.135696
  -0.295343
  -0.319562
  -0.287835
   -0.26954
  -0.251676
   -0.28383
  -0.210617
  -0.191734
 -0.0627779
 0.00398265
  0.0951024
  0.0699267
 -0.0424639
 -0.0922818
  -0.348113
  -0.425635
  -0.558578
  -0.708709
  -0.656861
  -0.507687
  -0.525648
  -0.555259
  -0.637318
  -0.811984
   -0.57289
  -0.466968
  -0.639793
  -0.860144
  -0.904307
  -0.710066
  -0.780976
  -0.666127
  -0.620591
  -0.535971
  -0.527028
  -0.477668
  -0.487096
  -0.468246
  -0.574339
  -0.614997
  -0.675288
  -0.976658
   -0.98286
   -1.07458
    -1.1148
   -1.11776
   -1.16318
   -1.17445
   -1.19106
   -1.04942
   -1.00658
   -1.02081
   -1.02546
   -1.05363
   -1.18783
   -1.24549
   -1.29378
   -1.20349
   -1.19339
   -1.08988
   -1.07308
   -1.17847
   -1.17736
  -0.955322
  -0.852097
  -0.789405
  -0.688413
  -0.813151
  -0.802574
  -0.711639
  -0.782275
  -0.872724
  -0.828996
  -0.720283
  -0.654639
   -0.71763
  -0.799454
  -0.757016
  -0.714982
  -0.725634
  -0.681486
  -0.810898
  -0.851362
  -0.750222
  -0.562074
  -0.571803
  -0.444535
  -0.426533
  -0.283212
  -0.166164
  -0.133803
 -0.0479619
 -0.0618365
 -0.0684194
  -0.058848
 -0.0349906
  0.0890214
  0.0702041
   0.147332
   0.189192
   0.227986
   0.214527
   0.195946
    0.19833
   0.103896
  0.0394106
  0.0369434
  0.0276969
 -0.0539566
 -0.0622155
 -0.0853825
-0.00994974
  0.0487567
  0.0888635
   0.114403
   0.121059
  0.0998072
  0.0409884
 -0.0443248
  -0.155581
   -0.13485
   -1.05247
   -2.11931
    -1.1452
    -1.9799
  -0.126306
  -0.104945
  -0.177699
  -0.650599
   -2.21452
  0.0316872
  -0.176263
  -0.800085
    -2.2421
  0.0626326
  -0.167146
  -0.197631
  -0.831549
  -0.736784
   -2.05087
   -2.38984
  -0.016721
   0.104232
  0.0159714
  -0.866841
   -1.53358
  0.0787528
   -1.32719
    -1.0716
   -1.47202
   -2.27918
    -1.3225
   -2.00957
  -0.199903
  -0.149277
  -0.815789
 -0.0364076
  -0.149677
  -0.200748
  -0.188919
  -0.207846
  -0.186052
  -0.962153
   -1.03936
  -0.979461
   -1.08923
  -0.949976
   -2.76618
   -2.47442
   -2.47577
   -2.70984
   -2.34112
   0.134409
   0.126885
    0.12507
    0.12112
   0.114511
 -0.0468188
  0.0230738
   0.126507
 -0.0470643
  0.0739446
   0.126101
  -0.386816
  -0.534271
  -0.680724
  -0.357046
  -0.628684
  -0.509974
   -1.54167
   -0.56862
   -1.26864
  0.0697985
  0.0155845
  -0.247254
  0.0720855
   -1.03369
   -1.30891
  -0.867414
   -1.18337
    -1.0268
   -1.07158
   -1.10596
   -1.12568
   -1.06362
   -1.16307
   -1.33242
   -1.26248
   -1.18135
   -1.65236
   -2.13699
   -2.20809
   -2.65467
   -2.12639
   -2.49681
  -0.684023
   -1.19685
  0.0742481
    -0.5747
   -1.19217
   -1.86431
   -2.28095
  -0.390387
   -1.10973
  -0.157999
   -0.19561
  -0.259369
  -0.155163
  -0.244119
 -0.0310608
 -0.0187124
  -0.298077
  -0.298605
  -0.629239
  -0.883987
 -0.0553199
 -0.0622474
  -0.120806
  -0.273389
  -0.743852
   -1.13861
   -3.13182
   -2.43165
  0.0566706
     0.1429
   0.156947
   0.242786
    0.15485
   0.143169
   0.163638
  0.0928361
   0.162317
   0.105308
-0.00574292
  -0.276279
  -0.423277
   -0.44549
  -0.518498
  -0.235569
   -0.20488
  -0.204291
  -0.379508
  -0.398169
  -0.615291
  -0.444105
  -0.694327
   -1.09997
  -0.832658
   -2.85677
   -1.80082
  -0.492742
    -0.2415
  -0.915067
  0.0514187
  0.0369943
  0.0628719
-0.00456683
  -0.446303
 -0.0304716
   -0.95779
  -0.848128
   -1.14808
   -1.14045
  -0.733155
  -0.532899
  -0.975731
   -1.06998
   -1.03816
  -0.834604
  -0.882067
  -0.869942
  -0.842266
   -1.01703
  -0.920612
   -1.09148
  -0.919015
   -1.13733
   -1.04171
   -1.09286
   -1.10934
    -1.1045
   -1.29665
   -3.08924
   -2.77834
   -2.84856
   -2.87673
   -3.27739
   -2.58219
   -3.08768
   -0.68186
  -0.805448
  -0.587682
   -1.03554
  -0.666205
  0.0137922
 -0.0835387
 -0.0884011
 -0.0102351
  -0.459797
  -0.382397
  -0.939332
    -1.8344
   -2.25174
   -1.64432
   -2.15399
  -0.277342
  -0.801448
  -0.224021
  -0.194697
  -0.208304
  -0.268454
   -0.22108
  -0.229776
  -0.224652
  0.0213783
  0.0940458
 -0.0946904
   0.113693
  -0.457539
  -0.968422
 -0.0670061
   -0.70361
  -0.903779
  -0.677854
  -0.614636
 -0.0856388
  -0.079266
 -0.0277661
  0.0956705
   -0.12311
  -0.112085
  -0.166321
  -0.919427
  -0.804321
   -3.22857
   -2.74087
    -2.6521
   0.037909
   0.130515
   0.146264
   0.186151
   0.173925
   0.134631
   0.194039
    0.07417
 -0.0487145
 -0.0882682
  -0.170275
  -0.321995
  -0.213209
  -0.498089
  -0.547018
   -0.36184
  -0.211293
 -0.0997609
  -0.033351
 -0.0908167
  -0.163731
 -0.0730267
  -0.405998
  -0.760094
   -1.24647
  -0.789684
   -1.33026
  -0.887681
   -0.84764
  -0.804948
  -0.456008
  -0.159049
  -0.267382
  -0.491176
   -1.00258
  -0.684585
   -1.41611
  -0.506555
   -3.19628
   -2.77906
   -1.98731
   -0.43948
  -0.487049
  -0.306965
  -0.176672
  -0.827348
  -0.700754
  0.0380759
  0.0107073
  0.0209998
  0.0672392
  0.0524846
  0.0907701
  0.0321006
  0.0764493
-0.00739451
  0.0351724
0.000318348
 -0.0613443
   -0.53543
  -0.373487
  -0.570565
 -0.0759309
  -0.137227
  -0.717836
  -0.868823
   -1.19212
   -1.58198
   -1.20813
  -0.878268
  -0.830278
  -0.988383
   -0.70394
  -0.777742
  -0.751718
  -0.510743
  -0.888996
   -1.03364
   -0.95542
    -1.0715
   -0.88533
  -0.891938
  -0.847488
  -0.874127
   -0.95428
  -0.979346
   -1.04748
   -1.11289
  -0.676696
  -0.958514
   -1.04091
    -1.1997
   -1.14136
  -0.957181
  -0.955469
   -1.07317
  -0.991054
  -0.760052
   -1.07691
   -3.11578
   -3.10842
   -3.26379
   -3.16316
   -3.02231
  -0.833164
  -0.863714
  -0.843671
   -1.30456
  -0.836984
   -1.11587
  -0.966738
  -0.787645
   -1.00958
  -0.543208
   -0.91476
  -0.956577
  -0.544284
  -0.011202
 -0.0222437
 0.00374543
   -0.20955
 -0.0960593
  -0.033835
 -0.0359178
  -0.363608
  -0.542918
  -0.356851
  -0.405558
  -0.920951
  -0.782627
   -1.67397
   -1.88067
   -1.30463
    -1.4274
   -1.25529
   -1.62088
  -0.944558
   -1.53253
  -0.999429
   -1.60148
    -2.3271
   -2.45823
  -0.306893
   -0.29438
  -0.224894
   -0.78141
  -0.560464
  -0.142533
  -0.131767
  -0.126395
  -0.119841
  -0.160041
   0.114056
    0.17324
    -0.1061
   -0.20733
 -0.0925575
 -0.0184907
    0.22273
   0.211383
  -0.487651
    -0.3372
  -0.612129
  -0.774405
 -0.0420246
  -0.030874
 -0.0914045
 -0.0874588
  -0.885289
  -0.885252
  -0.721978
  -0.582125
  -0.819415
  -0.813256
  -0.808699
  -0.612139
  -0.726079
  -0.505736
  -0.679229
  -0.477977
  -0.626841
  -0.103202
 -0.0250786
-0.00983147
 0.00357329
 -0.0859482
 -0.0487895
 -0.0541163
 -0.0266527
 -0.0584067
 0.00773907
 0.00189987
   0.103468
   0.158659
  -0.164918
 -0.0864494
  -0.136118
  -0.157484
  -0.977419
  -0.815678
  -0.770955
   -2.88245
   -2.96671
   -2.62854
   -2.42316
  0.0872921
   0.123226
  0.0872346
   0.163519
   0.182962
   0.111759
   0.175215
   0.258153
   0.220905
    0.30881
   0.353203
   0.250531
   0.292892
   0.208405
   0.294782
  0.0165887
   0.335382
   0.281685
   0.491523
   0.380891
    0.41364
   0.169471
   0.112044
   0.177607
   0.277263
   0.106503
   0.201502
 -0.0279158
   0.131939
  0.0227317
 -0.0717099
  -0.355556
  -0.249225
  -0.727963
  -0.300383
  -0.381097
  -0.335701
  -0.148314
 -0.0867015
   -0.06919
  -0.124508
  -0.375845
   -1.30817
  -0.270277
  -0.344743
  -0.536527
  -0.299815
  -0.516718
  -0.648859
  -0.992382
   -1.79377
  -0.552423
  -0.453983
   -2.92248
   -2.89134
   -2.05998
   -2.15879
  -0.589891
  -0.445877
  -0.309074
  -0.345334
  -0.285198
  -0.818277
   -0.68107
   0.052391
 -0.0405402
  -0.402451
  -0.561858
  -0.489949
  -0.530076
  -0.524083
  -0.579879
  -0.178771
  -0.279413
   -1.05642
  -0.559451
  -0.737238
  -0.865194
  -0.752525
  -0.796995
  -0.695235
  -0.691236
  -0.548826
  -0.403277
  -0.748332
  -0.724288
   -1.13602
  -0.900276
  -0.997914
   -1.07901
  -0.907016
  -0.956526
  -0.924957
   -1.15045
   -1.14329
   -1.00838
    -1.0707
   -1.10796
   -1.00893
   -1.48507
   -1.42564
   -1.28663
   -1.48041
   -1.47552
   -1.27342
  -0.921285
  -0.926709
  -0.861956
   -1.16467
  -0.819916
   -0.98152
   -1.47195
   -1.12548
   -1.12948
  -0.986153
   -1.09731
   -1.32187
   -1.20136
  -0.804942
  -0.881018
   -1.16952
   -1.17113
   -1.05393
  -0.757464
  -0.774659
   -0.91915
   -3.23923
   -3.04361
   -3.03068
   -3.13928
   -2.95347
   -2.99584
   -2.68309
    -2.7238
   -2.83544
   -2.76017
   -2.67271
   -2.86915
   -2.81449
   -2.54009
   -2.52577
   -2.65354
   -2.62388
   -2.78279
   -2.84345
   -2.66088
   -2.82303
   -2.77045
   -2.67599
    -2.7957
    -2.4985
    -2.6884
   -1.18657
   -1.09017
  -0.613857
  -0.386712
  -0.771387
 -0.0430221
  -0.133884
 -0.0186049
 -0.0137193
  -0.245884
  -0.395633
 -0.0902934
 -0.0426031
 -0.0397639
 -0.0651996
  -0.357927
  -0.298016
  -0.411703
  -0.439088
  -0.443896
  -0.586047
  -0.672011
   -1.06429
   -2.51903
  -0.397132
  -0.228524
  -0.404739
  -0.283272
  -0.204173
  -0.295404
  -0.664805
   -0.45907
  -0.119798
  -0.125634
   -0.14798
  -0.174206
  -0.154673
  -0.151435
  -0.154097
  -0.192187
  -0.144382
  -0.178975
  -0.118171
  -0.161845
 -0.0283014
  -0.126755
  -0.122868
  -0.191897
  -0.145065
  -0.187555
  -0.176489
  -0.207069
  -0.175239
  -0.244935
  -0.205523
  -0.200837
  -0.276345
  -0.238319
   0.141297
    -0.3543
  -0.312543
  -0.213898
  -0.237192
  -0.252686
  -0.581732
  -0.693815
  -0.660273
  -0.814463
 -0.0175425
 -0.0833756
 -0.0736776
  -0.986992
  -0.748354
  -0.901938
   -1.09695
  -0.893084
  -0.952962
  -0.852858
   -1.06056
  -0.870097
  -0.501237
   0.134696
 0.00904141
   0.230623
  0.0861611
   0.222448
   0.176001
  0.0642572
   0.176682
    0.13715
   0.231375
 -0.0644864
 -0.0923886
  -0.138396
  -0.737158
   -2.50026
   -2.95516
   -2.38816
  0.0982968
   0.133963
    0.35552
   0.409478
   0.585709
   0.353509
   0.482622
  -0.171335
  0.0219986
 -0.0166001
 -0.0915736
  -0.138511
  -0.361848
  -0.710833
   -0.34788
  -0.169491
  -0.304126
  -0.275065
  -0.129104
 -0.0275939
 -0.0593971
  -0.182409
  -0.481382
  -0.558387
  -0.634737
    -2.8855
    -1.9455
   -2.57171
  -0.197807
  -0.391367
 -0.0903337
-0.00289147
  0.0401464
  0.0212998
  -0.563152
  -0.503831
  -0.538116
  -0.583165
  -0.524986
  -0.363618
   -0.66519
  -0.465924
    -1.2049
  -0.581551
  -0.417213
   -0.63981
  -0.835699
  -0.609044
  -0.754354
  -0.888585
  -0.738619
  -0.417629
    -1.0841
   -1.11995
    -1.2518
   -1.49795
   -1.48803
   -1.42023
   -1.00095
  -0.807755
   -1.08504
  -0.950349
  -0.963748
   -1.04312
   -1.38247
   -1.16961
   -1.03649
   -1.02215
     -1.274
  -0.901889
  -0.841659
  -0.872687
  -0.868513
   -3.28629
   -2.78007
   -2.80198
   -3.38387
    -2.8872
   -2.82732
    -2.2609
   -2.49316
  -0.547913
  -0.764204
  -0.259279
 -0.0636053
 -0.0390471
 -0.0388095
  -0.381989
  -0.482426
   -2.62741
   -2.30714
   -2.10569
   -2.14425
  -0.132181
  -0.300336
  -0.464469
  -0.489093
  -0.538851
   -0.45063
  -0.609286
  -0.425661
  -0.886262
   -0.55257
  -0.443195
  -0.514923
  -0.760792
  -0.418199
  -0.615191
 -0.0872786
  -0.187695
  -0.219109
  -0.401191
  -0.328079
  -0.266667
  -0.177896
  -0.196533
  -0.176232
  -0.220459
   -1.06447
  -0.724149
  -0.682585
  0.0632664
  0.0500604
  0.0375412
   0.165418
 -0.0318353
  -0.082796
  -0.505192
    -0.6957
  -0.334693
 -0.0520041
  -0.127214
  -0.239951
  -0.612375
  -0.198326
   -2.81031
   -2.62084
   -2.08501
   -2.31666
  -0.233679
  -0.597833
  -0.461319
  -0.802409
  -0.739308
  -0.920048
  -0.705786
  -0.702327
  -0.578315
  -0.821102
  -0.271925
  -0.329011
   -1.17279
   -1.42885
   -1.21944
  -0.749541
   -1.20129
    -1.3937
   -1.55185
  -0.726714
   -1.13079
  -0.799285
   -2.93345
   -2.71575
   -2.44959
    -2.3025
  -0.579257
  -0.957877
 -0.0651405
 -0.0649203
 -0.0374216
 -0.0262073
  -0.368245
  -0.835203
  -0.468131
  -0.663398
  -0.568279
 -0.0651025
  -0.300098
  -0.222025
   -0.19878
  -0.126977
   -0.21325
  -0.272598
   -1.01009
  -0.677505
   -1.18033
    -1.0013
 -0.0118852
  0.0742241
   -0.84211
  -0.489505
  -0.116262
   -2.46427
  -0.371342
   0.341918
  -0.738449
   -1.03204
   -1.28264
  -0.979781
  -0.223193
   -0.34556
    -1.3964
  -0.929849
   -1.43581
   -1.56258
   -1.04857
   -2.92597
   -2.64863
 -0.0325923
  -0.980488
  -0.682158
  -0.557028
  -0.532373
  -0.200994
  -0.140648
  -0.249965
  -0.528447
    -1.1908
   -1.10387
 0.00583743
  -0.601787
  -0.338517
  -0.270356
 -0.0228351
 -0.0748816
  -0.862273
  -0.820511
   -1.54469
   -1.64061
   -1.20498
   -1.23416
  -0.974585
   -2.78172
  -0.487129
  -0.369726
  -0.381388
  -0.777051
   0.234677
  -0.465975
  -0.487123
  -0.680159
   -0.15287
 -0.0352875
  -0.337577
    -1.5537
   -1.68939
   -1.62426
   -1.62214
   -1.12093
  -0.824034
   -2.78022
  -0.545732
  -0.324167
  -0.159699
 -0.0923636
  -0.219785
   -1.19616
  -0.969885
   -1.06896
  -0.189209
  -0.206617
   -0.71194
  -0.932055
   -2.09781
   -2.17758
  -0.050786
 -0.0445493
  0.0768317
  -0.777328
   -1.12091
   -1.11661
   -2.51267
   -1.25126
  -0.229788
 -0.0387869
   -1.02601
  -0.976848
   -1.52863
  -0.660265
  -0.333641
  -0.961413
   -1.16164
   0.067648
  0.0611971
  0.0402158
  -0.264177
 -0.0871528
-0.00688718
   -1.14049
   -1.04787
   -1.14869
   -1.34336
   -1.32169
   -1.08067
   -1.48291
   -1.51575
   -1.55228
   -1.32914
   -1.31087
   -1.20397
   -1.22016
  -0.357649
  -0.914851
   -1.11099
   -1.08413
  0.0109955
  0.0317065
  -0.611428
  -0.459826
  -0.900712
  -0.977285
   -1.77542
   -1.98534
   -2.02025
  -0.481506
  -0.796855
  -0.999091
 -0.0550206
 -0.0320859
 -0.0614258
  -0.145628
  -0.148413
  -0.378294
  -0.331682
  -0.231622
  -0.278816
  -0.311981
  -0.365379
  -0.509895
  -0.439709
  -0.231358
   -0.28098
  -0.320431
    -0.6743
  -0.752874
  -0.712219
 -0.0742093
 -0.0325221
 -0.0651673
  -0.174565
  -0.142227
  -0.875897
  -0.815553
   -3.07765
   -3.14357
   0.102394
   0.140924
  -0.325024
  -0.520504
  -0.510281
  -0.493357
  -0.546584
  -0.427665
  -0.422769
  -0.438804
  -0.374516
   -1.07328
   -1.14064
   -1.02713
   -1.17656
   -1.24227
   -1.13832
  -0.332164
  -0.293501
  -0.305535
  -0.414824
  -0.319192
  -0.340349
   0.103979
 0.00196214
  0.0948664
   -1.41079
   -1.07183
 -0.0737073
   0.177608
  -0.604673
  -0.627973
  -0.788432
  -0.624888
  -0.759395
   -1.80344
   -1.83042
   -1.72811
   -1.59473
   -1.76476
   -1.43419
   -1.95436
   -2.02767
   -0.05059
  -0.146152
   -0.28865
  -0.291075
  -0.438585
  -0.519804
  -0.443202
  -0.483898
   -1.22641
  -0.140155
  -0.059418
 -0.0869567
  -0.181351
 -0.0401628
   0.017457
  0.0189412
   0.016269
  0.0540138
   0.196529
   0.158693
  0.0993043
  -0.394775
  -0.423136
  -0.433668
  -0.389678
  -0.490299
  -0.395473
  -0.653427
  -0.562656
  -0.607445
 -0.0653669
   0.017935
 -0.0861378
  -0.181083
   -2.63324
   -2.44107
   -2.43669
     -2.387
    -2.5086
   -2.16801
   -2.29911
   -2.17225
    -2.1193
   -1.73684
    -2.4689
   -2.00423
   -1.88265
   -2.31684
   0.158446
   -1.12029
   -1.78075
  -0.987379
  -0.760233
   -0.79563
   -1.15533
   -2.16071
   -2.35317
   -2.37827
   -2.31184
   -2.17484
 -0.0518084
 -0.0218087
 -0.0853451
 -0.0202098
 -0.0520892
-0.00496095
  0.0502348
  0.0822865
  0.0144352
  0.0693286
0.000987796
   0.074751
  0.0170694
-0.00331142
  -0.483108
  -0.698582
  -0.243791
  -0.198072
  -0.212636
  -0.190069
  -0.131161
   -1.07957
   -1.13818
   -1.39447
 -0.0921805
 -0.0779572
   -0.15082
   -0.77538
  -0.879956
  -0.141992
  -0.432976
  -0.661874
  -0.404018
  -0.908843
  -0.455369
  -0.160201
  -0.545853
  -0.595097
  -0.806323
  -0.694637
  -0.724676
  -0.763492
  -0.760496
  -0.838646
  -0.632953
  -0.642817
  -0.624261
  -0.762959
   -0.74732
  -0.680452
   -0.71451
  -0.781738
  -0.775836
  -0.846148
  -0.740689
   -0.83955
  -0.799619
  -0.853389
  -0.736061
  -0.864104
   -1.59267
    -1.0948
   -1.31743
   -1.44107
   -1.64348
   -1.38407
   -1.24178
   -1.19751
   -1.52426
   -1.25326
   -1.37718
   -1.61759
   -1.58641
   -1.67786
   -1.71714
   -1.59816
   -1.45816
   -1.49182
   -1.57273
   -1.66302
   -1.75212
  -0.186355
-0.00619352
  -0.121545
  -0.193997
 -0.0960374
  -0.137705
 -0.0502127
  -0.314164
  -0.275071
  -0.192156
  -0.227239
  -0.399068
  -0.491085
  -0.331706
  -0.496776
   -0.61688
  -0.290097
  -0.406546
  -0.522763
  -0.374397
  -0.639991
   -1.21118
   -0.58372
   -1.05407
   -1.27274
   -0.97067
  -0.989483
  -0.978864
   -1.29705
   -1.23118
   -1.08433
   -1.10571
    -1.3524
   -1.56475
   -1.38678
    -1.6867
   -1.55318
   -1.28326
   -1.50094
   -1.29906
    -1.6545
   -1.34809
  -0.180578
  -0.278753
  -0.679788
   -1.04512
   -2.24687
   -2.25158
  0.0317284
  0.0229804
  -0.489855
   -1.29894
  -0.901915
   -1.01842
   -1.45732
  -0.823926
   -1.36235
   -1.08819
   -1.54266
   -1.44934
   -1.54792
  -0.744735
   -1.01666
  -0.940683
   -1.28665
   -1.34713
   -1.25138
   -1.35094
   -1.07533
   -1.15935
   -1.20815
   -1.24357
   -1.36831
   -1.38072
  -0.891318
 0.00678338
   -1.20225
  -0.835991
   -1.55451
   -1.77365
   -1.17645
   -1.29657
   -1.28631
  -0.882315
   -1.12778
   -1.11983
   -1.27841
   -1.36045
   -1.58998
    -1.3425
  -0.742281
  -0.882255
   -1.13927
   -1.80682
    -2.3387
   -2.28701
   -1.93322
  -0.580326
   -1.00098
   -1.45547
   -1.41468
   -1.91574
   -2.58039
   -2.23251
   -3.04616
   -2.85157
   -3.04954
  -0.537856
  -0.683282
  -0.750026
  -0.651536
  0.0657542
  0.0339952
  0.0289373
   0.052702
  0.0304419
  0.0849679
  -0.355744
  -0.100345
  -0.229559
   -1.35712
   -1.21853
   -1.41817
   -1.48785
   -1.36989
  -0.919066
    -1.2333
    -1.1556
  -0.869866
  -0.726142
  -0.913404
   -1.11508
  -0.631821
  -0.333004
   -0.16018
  -0.352747
  -0.518015
 0.00280886
  -0.356434
  -0.334445
  -0.604739
  -0.775568
  -0.155321
  -0.600146
  -0.249799
  -0.697309
   -1.07464
  -0.856569
   -1.13237
  -0.967015
  -0.637569
  -0.429768
  -0.031215
   -0.18145
   -1.02989
  -0.746571
  -0.590757
  -0.848379
 -0.0310165
  -0.165394
-0.00867618
   0.108962
 -0.0330243
  -0.764815
  -0.710719
   -1.07837
  -0.759097
   0.135208
  -0.032001
   0.110632
  -0.168522
  0.0928614
   -0.69739
  -0.743603
  0.0907904
   0.101949
   -0.94875
  -0.520857
   0.143964
  -0.569851
  -0.592752
  -0.440009
  -0.657833
  -0.240875
  -0.580758
  -0.407463
   0.129303
  0.0831598
   0.113349
  0.0429569
   0.134735
   0.151983
  -0.791596
   0.133534
  -0.637777
  -0.147513
   0.120561
  -0.190284
  0.0114008
   -0.29704
  -0.024978
  -0.071321
  -0.248828
   -0.59338
-0.00502635
  -0.118458
 -0.0190571
  -0.478441
   -0.42316
 -0.0457642
  -0.259566
  -0.201154
  -0.650344
 -0.0910191
  0.0368583
   0.107833
  0.0626662
  -0.392219
  -0.885671
   0.188532
   0.143724
 0.00244053
   0.121161
 -0.0575564
   0.135656
 -0.0667603
  0.0619829
 -0.0478299
  0.0370186
  0.0807078
  -0.193876
    0.02961
  -0.193106
  0.0404268
 0.00523491
   -0.11696
  0.0395448
   -1.54743
   -1.46581
   -1.35548
    -1.6681
    -1.4267
   -1.55584
    -1.3463
   -1.28703
   -1.59048
   -1.37393
   -1.37995
   -1.17956
   -1.41631
  0.0271637
-0.00258625
  0.0681629
   0.106244
  0.0125849
  -0.014794
  0.0631454
   -0.13134
   0.214726
   0.108278
  0.0769842
   0.148701
   0.198132
   0.205783
   0.357098
   0.231944
   0.184089
   0.201921
   0.101697
   0.136876
   0.135929
   0.158763
   0.195137
    0.12631
   0.145576
  0.0793361
   0.108195
   0.126239
  0.0174806
  0.0356821
  0.0851388
  -0.486367
  -0.484075
  -0.856604
  -0.684537
   -1.79381
   -2.18412
   -3.27344
    -2.8026
   -2.31202
   -2.44941
  -0.315226
   -0.66093
  -0.461751
   -0.26453
  -0.267544
  -0.292352
  -0.287896
  -0.282037
  -0.251921
  -0.245846
  -0.244572
   -0.24881
  -0.174193
  -0.133215
  -0.272283
  -0.241917
  -0.697467
  -0.372044
  -0.281023
  -0.451947
  -0.285242
  -0.396885
  -0.530284
  -0.314333
  -0.374151
   -0.27304
  -0.232192
  -0.180639
  -0.242787
  -0.191079
  -0.158274
  -0.190421
  -0.153559
  -0.563142
  -0.610961
  -0.361264
   -0.23436
  -0.151467
  -0.144742
  -0.466723
  -0.469817
  -0.971172
  -0.722166
  -0.242305
  -0.130611
  -0.186258
  -0.219161
  -0.208351
  -0.432001
   -0.66769
  -0.702618
  -0.537472
  -0.554668
  -0.525471
  -0.223859
  -0.166859
  -0.586959
  -0.382256
  -0.279103
  -0.514586
   -0.82207
  -0.238769
  -0.695013
  -0.697978
  -0.790963
  -0.914136
   -1.25221
  -0.892157
  -0.990639
  -0.349689
  0.0189866
   -0.10115
  -0.126311
  0.0146015
  -0.166403
  -0.783055
-0.00245183
 -0.0220578
  -0.111695
 -0.0132753
  -0.032895
 -0.0812524
 -0.0460416
-0.00602105
   0.057099
  -0.412603
   -0.15212
  -0.394126
  0.0622927
  -0.372907
  -0.117224
  0.0449197
   0.147044
 0.00267142
   -0.29425
   0.077229
 -0.0045966
  -0.137551
  0.0730294
  -0.737999
  0.0690578
 -0.0961328
  -0.545295
  -0.887047
  -0.355379
  -0.369002
  -0.138972
  -0.173612
  -0.257293
  -0.137626
  -0.555007
  0.0122525
  -0.433917
  -0.500029
  -0.308856
  0.0758868
  -0.438397
   -0.79499
   -1.07384
  -0.989807
   -1.28056
  -0.853306
  -0.709198
  0.0482687
  0.0962774
   0.104951
   0.180214
  0.0314391
-0.00169014
   -0.28997
  -0.903837
  -0.838877
  -0.819588
   -2.66233
   0.182016
   0.150343
   0.110973
   -1.42362
  -0.229438
  -0.580434
  -0.714115
  -0.581518
  -0.700899
   -0.72295
  -0.644734
  -0.859955
  -0.614141
  -0.650288
  -0.955272
  -0.831018
  -0.739238
   -0.79652
  -0.645198
  -0.561225
  -0.914866
  -0.709301
  -0.856408
   -1.04873
  -0.958209
  -0.605338
   -1.12459
   -1.27252
   -1.26807
  -0.572325
   -1.41456
   -1.03908
   -1.55763
    -1.5953
   -1.01702
   -1.01382
   -1.44828
   -1.35816
   -1.52432
   -1.00284
   -1.11222
   -1.18558
   -1.01993
  -0.944264
  -0.333042
   -1.21092
  -0.797182
  -0.741055
  -0.786995
  -0.643519
    -0.7995
  -0.794852
  -0.990562
   -1.03553
  -0.967056
  -0.603449
  -0.796689
  -0.556851
  -0.652669
  -0.981569
   0.131541
  -0.906128
  -0.991408
   -1.29152
 -0.0518707
   -1.22758
   -1.26501
   -1.46896
   -0.26686
   -1.54003
   -1.15063
   -1.52141
   -1.52177
   -1.32428
  -0.960304
   -1.46384
   -1.28871
   -1.52772
  -0.851003
   -1.08396
   -1.14236
  -0.992551
  -0.811706
  -0.316398
  -0.321066
  -0.152857
   -2.55058
 -0.0536481
  0.0145249
    -1.4908
   -1.68321
   -0.92457
   -2.09801
   -2.29871
   -2.20592
 -0.0445535
   -0.42564
  -0.647461
  -0.225638
  -0.366312
  -0.117589
  -0.573975
  -0.357657
  -0.199487
 -0.0368372
  -0.849042
  -0.977183
  -0.852074
  -0.618754
  -0.458854
  -0.561906
   -1.52185
   -1.56274
   -1.56528
  -0.110029
  -0.968864
  -0.216794
  -0.235069
  -0.206866
  -0.399378
   -0.30964
  -0.249382
  -0.381675
  -0.279432
  -0.229718
  -0.276176
  -0.864133
    -1.1537
  -0.865686
   -1.30418
   -1.17286
   -1.20516
   -1.37658
   -1.08271
  -0.935778
    -1.2043
   -2.29223
   -2.20517
   -2.45279
   -2.14075
   -2.17357
   -2.10138
   -2.23953
   -2.31259
   -2.59153
   -2.14225
  0.0328997
 -0.0449296
  0.0919187
 -0.0833695
-0.00979052
 -0.0926062
  0.0822435
   0.109565
   0.152722
  -0.162594
  -0.519432
    -1.3321
   -1.07293
   -1.06528
  -0.758302
  -0.698879
  -0.747392
  -0.644513
  -0.577575
  -0.758481
   -1.04503
  -0.405971
  -0.477146
  -0.499218
  -0.681428
  -0.952015
   -2.15876
  0.0584443
  0.0446497
   0.183927
    0.14077
  0.0806988
  -0.411086
  -0.363166
  0.0106902
   0.148537
   0.110232
  -0.967153
   -1.17429
  -0.475355
  -0.478243
  -0.367597
  -0.151207
  -0.209467
  -0.244816
  -0.330483
   -0.58488
  -0.731769
   -0.29379
  -0.879869
  -0.188578
  0.0854316
 -0.0745713
 -0.0992195
  -0.529696
  -0.979602
   -1.15829
  0.0268822
   0.108954
  0.0466248
   0.145284
 -0.0117141
  -0.426009
  -0.534892
  -0.429091
   -1.23467
   -0.51518
   0.130936
  -0.354721
   -1.09733
 -0.0725834
   0.139337
   0.134414
  0.0941721
   0.102382
  -0.293177
  0.0878222
   0.052961
  -0.148306
  0.0379335
  -0.117092
   0.105707
 -0.0329753
  -0.179157
   -1.35941
  -0.145368
   -0.95927
  -0.522484
  0.0720832
 -0.0984423
  0.0250149
 -0.0672943
   0.134165
   0.108836
 0.00461421
   0.118304
    0.17463
0.000403037
  -0.206293
  -0.915215
  -0.611915
   0.148704
  -0.492602
   -1.11979
  -0.656249
  -0.448632
  -0.722555
   -1.48417
  -0.404578
   -2.14675
   -1.00353
  -0.936695
   -1.87415
  -0.747864
   -1.33162
   -1.21038
   -1.97694
   -1.80655
   -2.08611
  -0.929412
   -1.95539
   -1.54044
   -1.64732
   -1.58777
  -0.169144
  -0.583406
  -0.407336
  -0.364993
  -0.259597
  -0.763675
  -0.805641
  0.0568385
  -0.112962
   -0.26861
   -0.17941
  -0.188025
 -0.0597135
 -0.0425366
   -0.10923
   -1.41704
   -1.47259
  -0.186252
   -0.31324
  -0.262367
  -0.373154
  -0.363438
 -0.0505426
-0.00360751
  -0.104282
  -0.124962
  -0.155511
   0.253322
   0.167131
  0.0551753
    -2.1823
   -1.98005
   -1.65281
   -1.49573
   -1.38334
  -0.165424
    -0.1621
  -0.200465
  -0.176028
  -0.357466
  -0.416431
   -0.25973
  -0.174038
  -0.214335
  -0.209917
  -0.728508
  -0.987064
  -0.782327
  -0.598738
  -0.592909
  -0.993808
   -1.03115
   -1.17475
   -1.43189
   -1.33859
   -1.00766
   -1.09437
  -0.511735
  -0.480558
  -0.715114
   -1.19558
  -0.904914
  -0.965921
   -1.14104
   -1.52103
  -0.859677
   -1.89234
   -1.26828
   -1.48484
   -1.80368
   -1.22812
   -1.10282
   -1.49401
   -1.52477
  -0.500859
   -1.41141
   -1.90065
   -2.14507
   -1.64937
   -1.94261
   -1.63585
  -0.099403
   0.159158
   0.161816
   0.079971
  0.0649209
  -0.264796
  -0.513135
  -0.614461
  -0.774689
  -0.380445
  -0.517085
  -0.266103
  -0.384671
  -0.325131
  -0.203225
   -0.38052
  -0.176112
 -0.0295816
 -0.0642215
   -0.11912
-0.00944562
  0.0264811
  0.0289454
 -0.0979775
  0.0643081
 0.00619787
   -0.77609
   -1.23963
  -0.832968
   -2.82064
   -3.17357
   -2.95884
   -2.73903
   -2.74404
   -2.92561
    -2.5064
   -2.73324
   -2.53719
   -2.83868
   -2.91028
   -2.60281
   0.159643
   0.239457
   0.103749
   -1.41751
   -1.27009
   -1.10772
   -1.38023
   -1.08994
   -1.50805
   -1.31863
   -1.28132
   -1.35559
    -1.3891
   -1.31167
    -1.2724
   -1.05442
  -0.969384
   -1.07527
  -0.954513
  -0.735641
  -0.938249
   -0.80742
  -0.252813
 -0.0890517
 -0.0465403
  -0.579864
  -0.115529
  -0.186493
  -0.316405
  -0.262202
  -0.612935
  -0.468024
  -0.448765
   -0.61317
  -0.391776
  -0.515497
  -0.695856
  -0.666852
   -0.66295
  -0.616279
  -0.699584
  -0.605013
  -0.523744
  -0.338788
  -0.318605
  -0.320454
  0.0677743
  -0.470381
  -0.171997
  -0.639533
  -0.088772
   0.105854
 -0.0447826
-0.00990777
  0.0983485
  -0.142086
 -0.0813146
 -0.0837126
  0.0443962
  0.0186153
   0.138499
  -0.548822
  -0.173778
 -0.0759288
 -0.0830111
  -0.134228
   0.377342
  -0.391346
  -0.105065
 -0.0967005
 -0.0774303
  -0.191747
   0.212325
   0.215453
   0.287945
   0.211193
   0.847969
   0.557411
   0.340719
   0.367954
   0.877961
   0.295609
    0.25686
 -0.0625853
  -0.299417
  -0.157263
  -0.502556
  -0.571495
  -0.733358
  -0.715205
  -0.708585
  -0.843364
  -0.643637
  -0.779474
   -0.78579
   -1.56349
   -1.31464
   -1.16895
   -1.22885
   -1.41341
   -1.41006
  -0.734389
    -1.3524
  -0.953202
   -1.01169
  -0.576321
  -0.851195
   -1.09354
  -0.642683
   -1.08784
  -0.774824
  -0.542083
  -0.630424
  -0.804279
  -0.195639
  -0.735244
  -0.417019
    -1.0064
  -0.334267
  -0.613356
  -0.291993
  -0.554686
  -0.288854
  -0.353803
  -0.403336
   0.145923
 -0.0625688
  0.0345488
 -0.0333532
   0.160863
   0.232768
   0.388967
  0.0168591
   0.299976
   0.456387
  0.0483263
   0.158105
    0.45799
  -0.242758
    0.33485
   0.113179
   0.356565
 -0.0867245
  -0.766561
  -0.491556
  -0.409705
   0.324978
  -0.103172
 -0.0630235
   0.277595
  -0.152202
   0.156904
   0.286042
  -0.205184
 -0.0732543
  0.0645595
   0.233641
  0.0600779
  -0.349524
   0.105878
  0.0487017
  -0.114104
   0.167066
   0.221759
   0.258773
   0.335165
   0.323803
   0.249163
   0.392287
   0.428193
   0.259902
   0.391613
   0.371667
  0.0042495
   -0.49077
  0.0580723
  -0.161968
   0.434298
  -0.184215
 -0.0550192
 -0.0361059
   0.466139
 -0.0822121
  -0.243425
  -0.722974
  -0.569689
   -0.75222
  -0.719857
  -0.409118
   -0.20138
  -0.467137
  -0.571572
  -0.237103
  -0.417491
  -0.543737
  -0.238784
  -0.439943
   -0.60507
   -1.40616
   -1.25736
   -1.16993
   -1.21521
   -1.22611
   -1.31899
  -0.853686
   -1.26746
   -1.07993
    -1.1002
  -0.876088
   -1.02242
   -1.09754
  -0.909671
   -0.89213
  -0.836164
  -0.722295
  -0.822959
  -0.773782
  -0.776377
  -0.709559
  -0.842676
  -0.791176
  -0.599629
  -0.623543
  -0.807295
  -0.677857
  -0.666273
  -0.535537
  -0.852861
  -0.606688
  -0.579833
  -0.521746
  -0.641325
   -0.55138
  -0.623951
  -0.334728
  -0.406907
  -0.659885
  -0.423683
  -0.462703
  -0.672919
  -0.677489
  -0.431242
  -0.676945
  -0.721345
  -0.721003
   -0.72611
  -0.955067
   -0.77941
   -0.76583
  -0.606232
  -0.353422
  -0.392364
  -0.556507
  0.0524314
  -0.461188
  -0.634568
  -0.376094
  -0.443887
  -0.426341
  -0.704154
   -0.72012
  -0.432406
  -0.438487
   -0.52478
  -0.527567
  -0.464172
  -0.487744
  -0.702412
  -0.717692
  -0.634468
  -0.519019
  -0.694865
  -0.779318
  -0.497178
  -0.700457
  -0.728667
   -0.79062
  -0.690047
  -0.338945
  -0.587005
  -0.624051
  -0.663482
  -0.715866
 -0.0863633
    -0.6965
  -0.345569
  -0.165183
  -0.201876
  -0.374335
  -0.217022
  -0.713383
  -0.107906
   0.226787
  0.0345659
  -0.499668
  -0.168971
  -0.173053
  -0.158073
  -0.323844
  -0.150782
  -0.963348
  -0.654963
  -0.411314
  -0.531716
  -0.635333
  -0.256934
  -0.757801
  -0.501513
  -0.768808
  -0.713513
  -0.730235
  -0.622117
  -0.655048
  -0.683809
   -0.69662
  -0.663662
   -0.60048
  -0.642784
   -0.71688
  -0.400119
  -0.731953
  -0.919727
  -0.817175
  -0.931288
  -0.771454
  -0.873547
  -0.793708
  -0.496145
  -0.525648
  -0.423793
  -0.383393
   -0.45031
  -0.136292
  -0.235784
  -0.244319
 -0.0863974
  -0.133263
 -0.0269696
  -0.549989
  -0.466566
  -0.531422
  -0.280253
  -0.575729
  -0.600714
  -0.375325
  -0.251333
-0.00666875
    -1.5573
   -1.33507
   -1.71256
   -1.78872
   -1.53101
   -1.10148
   -1.38707
   -1.48962
   -1.19533
    -1.6213
   -1.38051
   -1.40944
   -1.74023
   -1.65476
    -1.6343
   -2.34845
   -2.26547
   -2.41302
   -2.17356
   -2.90348
   -1.95275
   -2.30064
   -2.66088
    -2.4021
   -2.61163
   -2.61846
     -2.363
   -2.23145
   -2.26575
   -2.39492
    -2.5315
   -3.16471
   -2.42822
   -2.81556
   -2.73746
   -2.33798
   -2.64659
   -2.71067
   -2.80961
   -2.79899
   -2.61524
   -1.95483
   -2.33138
   -1.92075
   -2.17573
    2.72326
  -0.853758
   -2.94844
   -3.50069
   -2.39152
   -2.71555
   -3.08375
   -2.92399
   -2.73613
   -2.98081
   -3.63213
   -3.51109
   -3.28918
   -2.43465
   -3.11301
   -2.78195
   -3.05424
   -3.20399
   -2.61906
   -3.34588
    -3.5416
  -0.823505
  -0.264659
  -0.201635
  -0.318562
  -0.332723
  -0.464326
  -0.699517
   -0.58739
  -0.497315
  -0.618465
  -0.426994
  -0.588997
  -0.127754
  -0.344548
  -0.246237
  -0.271199
  -0.633225
  -0.680695
  -0.660539
  -0.620615
  -0.553431
  -0.345093
  -0.464961
  -0.401731
 -0.0495769
  -0.220675
  -0.274159
  -0.419125
  -0.159191
  -0.532284
 -0.0942408
  -0.157613
  -0.380717
  -0.734441
 -0.0973836
   -0.43053
  -0.270084
   0.959392
   0.436015
  -0.672509
   0.264559
   0.155907
   0.580723
   0.220739
   0.422677
   0.800942
   0.377557
  -0.902698
  -0.752555
  -0.889365
   -1.03625
  -0.992685
  0.0351155
   0.170058
   0.738067
  -0.898424
   -1.08503
  -0.307335
   0.576218
   0.272309
   0.623522
   0.846755
   0.985877
   0.926226
   0.700811
  -0.893577
  -0.965363
   -1.00808
   0.408435
   0.509489
   0.574736
   0.646856
   0.456706
   0.570347
   -1.12277
   -1.32468
   -1.34016
   -1.21631
   -1.26248
   -1.22133
   -1.15292
  -0.810181
  -0.723532
    -1.0052
 -0.0457184
  -0.451169
  -0.669047
  0.0197176
   -1.24894
    1.43181
   -1.03218
   0.852207
   0.716149
    1.25724
    0.85062
     1.1567
   0.900421
   0.572096
    0.75261
   0.340943
   0.897124
   0.673387
   0.758148
    1.17462
    1.53898
    1.06908
    1.39722
     1.5491
    1.21514
    1.29738
   0.979495
   0.235582
    3.14088
   0.948383
    2.67969
    1.93556
    1.61932
    1.13874
    1.81763
      1.599
  0.0492689
  0.0837131
   0.715883
    1.33884
   0.601122
   0.514712
    1.37335
  -0.511545
  -0.734007
   -1.60538
   -1.41099
    -1.6158
   -1.45895
   -1.56971
   -1.62721
   -1.32568
   -1.50835
   -1.46841
   -1.35224
   -1.16033
   -1.47874
  -0.989613
     -1.157
   -1.13878
  -0.780581
   -1.16861
  -0.939615
   -1.28202
   -1.08791
   -1.28713
  -0.977004
  -0.734894
   -1.29467
   -1.05833
   -1.35341
     -1.255
   -1.14541
   -1.39165
   -1.22591
   -1.31432
   -1.42242
    -1.1847
   -1.27186
  -0.823015
   -1.14996
   -1.37417
   -1.43148
  -0.764746
  -0.758907
  -0.845826
  -0.988296
   -1.29965
   -1.23925
   -1.13786
   -1.20575
   -1.35163
  -0.836984
   -1.06517
  -0.585164
  -0.812083
   -1.31213
   -1.47283
   -1.44178
   -1.48487
   -1.42042
    -1.0342
  -0.579015
  -0.644374
  -0.770983
  -0.730269
  -0.623471
  -0.942534
   -1.06581
  -0.673019
  -0.687298
  -0.546355
  -0.652347
  -0.539374
  -0.681618
  -0.315814
  -0.680736
  -0.430545
  -0.686467
  -0.756536
  -0.822899
  -0.824337
  -0.729915
  -0.974855
    -1.3786
   -1.20628
   -1.46842
  -0.839009
  -0.942293
   -1.07552
  -0.880077
  -0.797606
  -0.977824
  -0.791131
  -0.741968
  -0.862148
  -0.844207
  -0.974187
   -1.35947
  -0.535302
  -0.876906
  -0.599503
  -0.697488
  -0.728611
  -0.806352
  -0.729026
  -0.792681
  -0.689397
  -0.756234
  -0.766523
  -0.674032
  -0.729532
  -0.703855
  -0.735549
   -1.29778
   -1.60761
    -1.8849
 -0.0572472
  -0.309104
  -0.460674
  -0.549045
  -0.434746
  -0.420621
   -0.42474
  -0.365838
  -0.414182
  -0.325274
  -0.369928
  -0.570496
  -0.435184
  -0.387214
  -0.532656
   -0.55582
  -0.481738
  -0.479214
   -0.62795
  -0.612163
   -0.73827
  -0.601625
  -0.623501
   -0.76444
  -0.574615
  -0.601441
    -0.3864
  -0.405393
  -0.438035
   -0.42451
  -0.728784
  -0.798918
   -0.82151
  -0.619118
  -0.807269
  -0.683241
  -0.584609
   -0.85163
   -1.00834
  -0.869272
     -1.024
  -0.328358
  -0.523418
  -0.567363
  -0.736975
  -0.801122
  -0.653573
   -0.83062
  -0.639043
  -0.504521
  -0.800783
  -0.845733
  -0.559203
  -0.598633
  -0.590103
  -0.273987
  -0.605981
  -0.640916
  -0.724071
  -0.680589
  -0.528395
  -0.581578
  -0.474676
 -0.0485471
  -0.134575
  -0.587609
  -0.176896
  -0.532275
   0.216654
 -0.0381282
  -0.592971
  -0.832976
  -0.889771
  -0.619684
  -0.805055
  -0.710028
  -0.274251
  -0.737171
  -0.322383
   -0.73563
   0.187298
  -0.498651
 -0.0525518
  -0.169756
 -0.0410615
   0.434364
  0.0378079
  -0.915673
   0.549879
   0.169321
  -0.397539
     2.7995
  -0.396726
    1.30052
   0.978305
    1.04919
   0.700189
    1.86555
   -2.59012
  -0.908943
   -2.61394
   0.103799
  0.0518381
 -0.0120804
  0.0244965
     0.0153
   0.013107
 0.00145257
 -0.0119471
  0.0395235
-0.00972961
   0.112396
  0.0577396
  0.0938304
   0.165713
   0.124415
   0.128478
   0.151335
   0.159567
   0.130279
   0.274529
  0.0788159
  0.0521456
   0.211319
  0.0639391
   0.110186
   0.227035
   0.237177
    0.12235
    0.18229
   0.159899
   0.301791
   0.223145
    0.19687
    0.15372
   0.210437
   0.212444
   0.284657
   0.287664
   0.367974
   0.311964
    0.34058
    0.22758
   0.111978
   0.180977
  -0.685825
  -0.613361
  -0.424852
  -0.611931
  -0.550848
   -0.64402
  -0.487579
  0.0372288
 -0.0377472
  -0.165889
  -0.339701
  -0.897977
  -0.996511
  -0.951281
  -0.405111
  -0.431919
   -1.42559
    -2.0906
   -1.35816
   -1.87943
   -1.30716
   -1.26061
   -1.78344
  -0.935987
   -1.12277
  -0.808809
   -1.09428
   -1.51633
   -1.87454
   -1.90142
   -1.83273
   -1.85532
  -0.250728
  -0.102454
-0.00755804
  -0.153639
  -0.338086
  -0.404148
  -0.282833
  -0.104671
  -0.236213
  -0.184511
  -0.658633
  -0.463591
  -0.158008
  -0.456232
  -0.429987
  -0.562518
  -0.852602
  -0.754603
  -0.654263
 -0.0258581
  -0.299237
  -0.282812
  -0.419723
 -0.0724067
  -0.256781
  -0.339795
  -0.475108
  -0.403396
  -0.377611
  -0.192325
  -0.344014
  -0.169996
   0.190987
  0.0317007
  -0.249916
   0.255354
   0.182233
  0.0689984
  0.0456981
   0.258444
   0.194362
   0.414048
   0.298259
   0.347329
  0.0990576
 -0.0240568
   0.033062
  -0.437475
  -0.534658
  -0.284708
 -0.0897548
   0.379918
   0.301697
   0.381457
   0.263066
   0.230664
   0.150525
   0.353085
  0.0911791
   0.177077
    0.15481
   0.169034
  -0.440212
  -0.164726
  0.0844384
   0.428748
   0.412517
   0.397434
   0.392303
   0.344307
   0.389488
   0.375802
   0.431201
   0.336435
   0.177312
   0.178383
   0.484185
   0.295714
 -0.0559306
 -0.0410424
   0.126222
   0.312538
   0.445125
   0.455416
   0.451053
   0.471423
    0.44172
   0.273905
   0.393189
   0.379688
   0.445855
   0.305593
    0.33286
    0.34401
   0.214707
   0.224643
   0.275685
   0.170563
   0.319078
   0.203443
   0.244805
    0.07391
   0.193066
   0.135305
   0.138868
   0.159809
  0.0909538
   0.127872
   0.121969
  0.0781011
    0.11403
   0.125664
  -0.227351
   0.164598
 -0.0334078
   0.037479
  0.0285883
  -0.116973
 -0.0697026
  0.0228214
  0.0451424
  0.0874773
-0.00658168
  -0.293544
  -0.148015
   0.113534
  -0.017124
  0.0371419
  -0.145025
  -0.276975
  0.0101875
 -0.0619906
  -0.166134
   0.053845
  0.0790508
  -0.189083
   -2.58265
   -2.93536
   -2.63487
   -2.60687
   -2.97378
   -3.25345
   -2.18147
 -0.0590546
   -1.51536
   -2.07927
  -0.870727
   -1.47967
   -1.46777
  -0.934013
   -1.39879
   -1.03411
  -0.303583
  -0.586586
  -0.286244
  -0.773668
  -0.218149
   0.883312
  -0.713635
  -0.888098
   0.485921
  -0.671112
   -0.74529
  0.0749428
  -0.522449
   -0.89214
  -0.837371
  -0.753573
   -1.05993
   -1.02362
  -0.777628
  -0.931666
  -0.807381
  -0.668715
  -0.777339
  -0.795074
  -0.822675
  -0.814347
   -2.06218
  -0.910681
  -0.252987
  -0.285972
  -0.694728
   -1.19491
   -1.11471
   -1.27583
    -1.1293
  -0.990028
  -0.897568
   -1.40899
   -1.67087
   0.103895
 -0.0837326
  -0.356253
  -0.262658
   0.111199
  -0.915728
   -1.32778
  -0.234045
  -0.437263
   0.143142
  -0.091845
  0.0489419
 -0.0369035
  -0.143416
  -0.381898
 -0.0595407
  -0.171247
  -0.221613
    -0.1312
  -0.295812
  -0.125502
   -0.33377
 -0.0975842
 -0.0628641
 -0.0939268
 -0.0667065
-0.00570588
  -0.141178
  -0.150691
  -0.994336
   -1.06736
   -1.06445
   -1.29175
   -1.24838
   -1.60507
   -1.40397
   -1.64618
   -1.60978
   -1.58181
   -1.28027
   -2.85645
    -2.6733
   -2.95102
   -2.46042
    -2.9319
   -2.37621
   -2.93198
   -3.04818
   -2.88105
   -3.18271
   -2.95917
   -2.89125
   -2.72448
    0.19564
   0.203192
   0.244368
   0.239792
    0.41264
   0.396934
   0.327302
   0.292551
   0.327761
    0.35937
   0.278483
   0.449248
   0.413234
   0.554399
   0.187712
   0.202912
   -1.15864
  -0.952169
   -1.00446
   -0.65304
   -0.62886
  -0.762136
  -0.751476
   -0.75121
  -0.829525
  0.0552847
   0.107111
   0.141335
 -0.0029746
  -0.065073
  -0.354574
   -0.68709
  -0.640291
  -0.726212
  -0.681964
   -0.95017
    -0.9144
  -0.980196
   -1.00016
  -0.779431
   -1.05571
  -0.851162
  -0.828632
  -0.928878
  -0.801438
   0.483097
   0.366795
   0.422436
   -0.14204
  -0.120615
  -0.144615
   0.209062
   0.186543
   0.107927
  0.0986277
   0.197897
   0.237866
   0.245293
   0.139969
   0.168949
   0.218185
  -0.225793
  -0.100194
 0.00972107
 -0.0303728
  -0.496031
  -0.256661
  -0.572208
  -0.325348
  -0.745274
  -0.691058
  -0.783328
  -0.812886
  -0.872407
   -1.05293
   -0.49674
   -1.08261
  -0.912543
  -0.384553
  -0.625792
  -0.707491
  -0.525541
  -0.580776
  -0.616777
  -0.799415
  -0.606215
  -0.665561
  -0.535415
  -0.658649
  -0.647717
  -0.890112
  -0.793032
  -0.762612
   -1.14227
   -1.18013
   -1.42084
  -0.294876
   0.107923
   0.140888
   0.242014
   0.232939
   0.161341
   0.362323
   0.263344
   0.289944
 -0.0817161
  0.0179026
  -0.711555
  -0.793558
  -0.391345
   0.310723
   0.528168
  -0.481241
  0.0167515
   0.383668
   0.189989
  -0.861524
  -0.287857
  0.0252957
  -0.171558
  -0.576105
  -0.534643
  -0.523421
  -0.833366
   -1.11546
   -1.07116
  -0.389948
   -1.15595
  -0.897032
  -0.818089
  -0.844238
   -1.04296
   -1.14426
   -1.11557
  -0.950368
   -1.02073
   -1.14116
  -0.883614
   -0.99748
  -0.956819
   -2.09315
   -2.04784
   0.683502
   -1.89426
   -2.09474
   -2.19343
   -2.47993
   -2.89093
   -2.17208
    -2.7692
   -2.34601
   -3.10867
   -2.42063
   -1.74154
   -2.16243
     -2.267
     -2.166
   -1.99958
    -2.1086
  -0.180094
     1.0458
   -1.99226
    1.42503
  -0.797079
  -0.664082
  -0.736243
  -0.697307
  -0.691366
  -0.631831
  -0.563961
  -0.504528
  -0.469813
  -0.546121
  -0.552175
  -0.490616
  -0.501657
  -0.602919
  -0.277212
  -0.399678
  -0.663254
   -1.04116
   -1.30225
   -1.25848
   -1.21184
   -1.36644
   -1.11737
  -0.983851
  -0.266039
 -0.0299227
 -0.0247575
   0.226561
   0.143999
   0.167369
 0.00454055
  0.0351835
 -0.0503825
 -0.0224768
  0.0174456
  0.0691627
  -0.897804
   -0.99261
  -0.840137
  -0.995219
    -1.3619
    -1.4644
   -1.43092
    -1.9151
   -1.64972
   -1.56428
   -1.56082
   -1.34089
   -1.74129
   -1.76933
   -1.49081
   -1.72909
   -1.88006
   -1.58973
   -1.53894
   -1.89862
   -1.59871
   -1.86624
   -1.93768
   -2.00485
   -1.82098
   -1.23296
  -0.173585
  -0.471114
   0.642485
  0.0881726
   0.421428
    1.99803
    1.69522
   0.756593
   -1.32108
   -1.25994
   -1.39553
   -1.45795
   -1.28808
   -1.22936
   -1.34938
   -1.30608
   -1.15105
   -1.11945
   -1.11167
   -1.12241
   -1.43654
   -1.12286
   -1.61023
   -1.22514
  -0.639985
  -0.383685
  -0.504447
 0.00466394
  -0.201525
  -0.345769
  -0.239636
  -0.363785
 -0.0863329
 -0.0365156
  -0.199447
 -0.0776388
   0.112839
  -0.287089
   0.134842
  0.0838626
  0.0634789
  0.0466197
-0.00645743
  -0.172887
  0.0590952
   0.152214
   0.116646
   0.151005
  0.0496322
     0.1293
   -0.07687
   0.102568
  -0.327092
  -0.328827
  -0.491506
  -0.311743
  -0.406267
  -0.890457
   -1.49387
   -1.48526
  -0.650105
  -0.615229
   -0.67637
   -1.49703
   -1.65354
 0.00228206
  -0.104941
  -0.618319
  -0.484366
  -0.363297
  -0.378251
  -0.296725
   0.180128
   0.178725
 -0.0151316
   0.240951
   0.202153
  -0.290421
   0.518036
 -0.0559651
   0.372723
   0.129652
   0.336287
    0.10861
  -0.164978
   0.119165
   0.612785
  -0.316363
   0.384732
  -0.239868
  -0.271749
 -0.0744257
  -0.831879
  -0.586352
  -0.664402
   0.479305
   0.662325
   -0.78298
  -0.669469
  -0.851874
  -0.891885
  -0.759564
  -0.966579
  -0.825494
  -0.660551
  -0.710345
  -0.731534
   -1.01934
  -0.764766
  -0.340249
  -0.670829
  -0.481137
 -0.0457008
   0.731547
  -0.809712
 -0.0665056
    1.23429
    1.24301
  -0.818027
  -0.122979
    2.16752
   0.400614
    1.66961
    2.74159
    2.24543
    6.26846
     0.5687
    4.41833
  -0.752652
   -1.13596
   -1.64503
    -1.1999
  -0.372098
   0.642006
   0.765645
    3.87725
    6.25112
   0.607682
    4.94977
    4.62214
    5.74825
    6.52993
    6.13825
    4.51174
    3.85909
    6.10774
    1.60523
    2.68437
    6.12507
    7.91373
    8.56476
    8.33288
    6.91831
    7.08922
   -0.53931
    4.76534
    8.39172
     7.9269
    8.31716
    4.99824
    8.57995
    2.14919
  -0.413146
    4.54396
  -0.815619
    -1.3873
  -0.505581
  -0.503491
   -1.77527
   -1.43568
   -1.88001
  0.0796958
   0.138289
   0.103672
   0.101933
   0.167663
   0.133952
   0.194069
   0.137293
   0.101844
   0.175725
   0.159376
   0.194759
 0.00795653
  -0.121581
 -0.0878648
 -0.0766918
  -0.180415
  0.0996993
   0.320125
  0.0571785
    0.13832
   0.173361
   0.160894
   0.248253
   0.244056
   0.355474
   0.393218
  0.0996562
   0.145442
   0.108503
   -0.70462
  -0.796109
  -0.209819
  -0.286157
  -0.108355
  -0.545615
  -0.282732
  -0.236545
  -0.451589
  -0.187789
  -0.187443
  -0.112437
  -0.293129
  -0.443776
  -0.317422
  -0.229884
  -0.422414
  -0.155181
  -0.325148
  -0.341095
  -0.581089
  -0.535192
   -0.33126
  -0.401819
   -0.48326
  -0.419565
  -0.449845
  -0.677162
  -0.288756
  -0.569174
  -0.512266
  -0.528365
   -0.68842
    -1.0021
  -0.690429
  -0.636849
  -0.770989
  -0.605749
  -0.806189
  -0.606217
  -0.821718
   -1.29263
  -0.632135
  -0.735387
  -0.822639
  -0.995156
  -0.894731
  -0.938009
   -1.22036
  -0.846248
  -0.694825
   -1.00785
   -1.50614
    -1.2424
   -1.11271
  -0.664398
   -2.08399
   -1.91839
   -2.12435
   -2.03322
   -2.09335
   -2.09623
   -2.03272
   -2.03581
   -1.58961
   -1.14917
    -1.1077
   -2.08828
  -0.510227
   -1.94945
   -1.89648
       -1.9
   -1.86833
   -1.98932
   -1.92693
   -1.92744
   -1.91575
   -1.80811
   -1.98864
   -1.78839
   -1.93467
  -0.596633
   -0.90137
  -0.902521
  -0.639808
  -0.276536
  -0.309755
   -0.63136
   0.413424
   0.392478
    0.46711
   0.391642
   0.408462
   0.364131
   0.415765
   0.230892
   0.128151
   0.275812
   0.240959
   0.325197
   0.313668
   0.298474
   0.247958
    0.33071
   0.198239
   0.368803
   0.227957
  0.0227061
   0.141932
   0.324085
   0.254807
   0.434139
   0.385451
   0.320325
   0.210317
   0.192093
   0.249539
   0.160239
   0.264403
   0.228346
   0.289722
   0.237507
   0.225714
 -0.0887326
  -0.204945
  -0.172365
  -0.516406
  -0.329181
  -0.476154
  -0.332345
  -0.446951
  -0.432915
  -0.251865
  -0.179768
  -0.177749
 -0.0304942
 -0.0198178
 -0.0931674
  -0.418271
   -0.11015
  0.0657332
   0.100604
   0.138821
 0.00159324
 -0.0743834
-0.00728686
  0.0278115
  -0.112424
  -0.179938
  -0.090638
  -0.117509
 -0.0503155
 -0.0986407
 -0.0596353
 -0.0529877
 -0.0143194
  -0.131909
  -0.111789
      0.095
   0.071303
  0.0106923
  -0.082683
 0.00505569
  0.0208779
   -2.88639
   -1.97037
   -2.20966
   -1.62386
   -1.59209
   -2.32384
   -1.49194
   -2.38923
   -2.35382
     -1.907
   -2.03307
    -1.4991
   -0.65866
   -1.74493
   -2.50762
   -3.07663
   -3.28997
   0.340658
  -0.551757
  -0.842734
  -0.370369
  -0.669159
  -0.402788
  -0.911586
  -0.790423
  -0.707471
  -0.701824
   -1.86779
   -1.86105
   -1.63473
   -0.10709
  -0.956984
  -0.849403
  -0.891755
   -1.01785
   -1.22343
   -1.24864
   -1.30373
   -1.23281
   -1.54014
   -1.45754
   -1.57891
   -1.45501
   -1.41385
    -1.4423
   -1.78334
   -1.60596
   -1.42566
   -1.39198
   -1.00583
    -1.4979
   -1.32901
    -1.6255
  -0.811625
    -1.6387
   -1.64541
   -1.47851
   -1.91568
    -0.7382
   -1.02176
   -1.15207
   -1.38131
   0.169198
   0.121755
   0.163175
   0.156913
    0.20463
   0.110775
   0.163937
  0.0830361
   0.172625
   0.162575
   0.159355
   0.161624
   0.160047
  0.0451574
   -0.15589
  -0.923981
   -1.43285
   -1.49878
   -1.47381
   -1.85916
   -1.78204
    -1.5913
   -1.29205
   -1.72821
   -1.86931
   -1.41211
    -1.5182
  -0.992618
   -1.51353
   -1.36293
   -1.57922
   -1.42325
   -1.18623
  -0.965292
   -1.18414
   -1.17242
   -1.09142
   -1.24371
  -0.857765
  -0.948098
   -1.23463
   -1.43791
   -0.97251
   -1.01628
   -1.44438
  -0.962827
   -1.08041
  -0.875845
   -0.87936
  -0.894704
  -0.833594
  -0.850014
  -0.904493
   -1.18328
   -0.83951
   -1.19496
  -0.858849
   -0.87715
  -0.861804
   -0.78855
  -0.820684
   -0.81543
  -0.860299
  -0.726856
  -0.925723
  -0.820333
  -0.895691
  -0.883257
   -1.02328
  -0.797986
  -0.980807
     -1.278
   -1.08979
  -0.973206
   -1.40067
  -0.960336
  -0.850734
   -1.11472
   -1.12604
  -0.944788
   -1.25794
  -0.829744
   -1.31735
   -1.14677
   -1.27528
   -1.39472
   -1.24722
   -1.31439
   -1.44224
  -0.840818
  -0.722802
    -1.3131
   -1.16988
   -1.00967
   -0.88581
  -0.782463
  -0.847208
   -1.42703
   -1.49958
   -1.55884
   -1.35493
  -0.674933
   -0.72896
  -0.582819
  -0.555079
  -0.651606
  -0.651321
  -0.691632
  -0.572809
  -0.637022
   -0.53928
  -0.733556
  -0.656628
  -0.667031
  -0.643806
  -0.688822
  -0.631416
  -0.588862
  -0.699364
  -0.727357
  -0.559545
  -0.664889
   -1.10641
  -0.828209
  -0.763489
   -0.79209
  -0.801694
    -1.0325
  -0.951508
  -0.960366
   -1.04275
  -0.898477
  -0.786267
  -0.743108
  -0.713163
  -0.894003
  -0.886249
  -0.816249
  -0.694587
  -0.868084
  -0.900488
  -0.829311
   -0.91314
   -0.69644
  -0.750938
  -0.928173
  -0.833652
  -0.765511
   -0.72744
  -0.985105
  -0.730637
  -0.958817
  -0.847054
  -0.819801
  -0.809763
  -0.810318
  -0.805487
  -0.917131
   -1.19954
   -1.20346
  -0.998377
   -1.22236
  -0.863582
   -1.09998
   -0.98669
   -1.20185
   -1.11004
   -1.23508
   -1.03945
  -0.763285
    -1.2545
  -0.822247
   -1.05563
   -1.20936
  -0.941719
   -1.30926
   -1.17843
   -1.33057
   -1.29876
   -1.87536
   -1.23498
   -1.35685
   -1.26107
   -1.19829
   -1.04176
   -1.37197
   -1.35254
    -1.2581
   -1.60436
   -1.51463
   -3.07606
   0.172905
   0.253416
   0.457761
   0.607397
   0.483963
   0.474549
   0.676594
   0.681421
   0.863183
   0.828844
   0.562459
    1.04782
   0.914319
    1.40016
     1.0905
    1.12085
   0.800341
   0.461694
   0.570919
   0.174018
   0.533223
 -0.0475223
   0.158988
  -0.328395
  -0.299404
-0.00923982
   0.275447
    1.32254
    1.30158
  -0.353777
   0.973971
   0.798823
    3.43482
    2.61246
    1.34313
   0.581493
  -0.495862
  -0.581705
    2.19071
  -0.766785
    1.95758
    1.67872
    1.23906
    1.65003
    1.22871
    1.79898
  -0.220711
    2.04331
   0.967034
    1.71564
   0.852195
     2.3619
    1.25502
    1.47167
    2.19061
    1.81412
    2.90994
    0.55206
    2.72262
    1.01028
   0.278295
 0.00218009
   0.278183
  0.0772534
   0.123805
   -0.01865
   0.163567
 -0.0584082
   0.143443
   0.286954
   0.150604
   0.319313
   0.116366
   0.418186
 -0.0940802
   0.275629
   0.421482
  -0.892116
  -0.806162
  -0.924611
   -1.11798
   -1.30277
    -1.3714
  -0.723651
  -0.795314
   0.422331
   0.464024
   0.361454
   0.250278
   0.237149
   0.202439
  0.0505884
   0.139081
   0.307731
   0.346964
   0.361822
   0.403518
   0.446524
   0.242598
   0.330464
   0.300016
   0.332354
    0.24178
   0.276231
   0.283682
   0.184576
   0.155422
   0.206936
   0.158339
   0.124338
    0.25137
   0.242437
   0.187113
    0.30447
   0.189444
   0.108454
  -0.138155
  0.0118233
 -0.0849971
  -0.279095
  -0.166113
  -0.166933
  -0.135777
  -0.255506
 -0.0987557
  -0.230944
  -0.126973
   -0.30415
  -0.188829
  -0.278474
  -0.227835
  -0.655148
  -0.564441
 -0.0398618
  -0.666107
  -0.943934
   -1.22762
  -0.517304
  -0.582405
  -0.286262
 0.00946311
  -0.141798
  -0.238674
  -0.416979
 -0.0969181
 -0.0674594
 -0.0868194
 -0.0291446
 -0.0819834
 -0.0806672
  0.0297519
 -0.0124954
  -0.279473
 -0.0397472
  -0.204126
-0.00217901
 -0.0454043
   0.042411
  -0.180378
  0.0494623
 -0.0478512
 -0.0859628
   0.284641
   0.308669
   0.337687
   0.245649
   0.296438
   0.291445
   0.244713
   0.262771
   0.166639
   0.197415
   0.185476
    0.10264
   0.209765
   0.139006
   0.191622
  -0.541922
  -0.769057
   -1.04724
   -1.03661
   -1.02707
    -1.0862
   -1.19486
   -1.14557
   -1.07469
   -1.10689
    -1.0089
  -0.667365
  -0.966886
  -0.749092
  -0.848139
  -0.960789
  -0.924088
  -0.908299
   -1.19996
  -0.839902
   -1.13093
   -1.08358
   -1.24543
  -0.999009
    -1.1514
   -1.26875
   -1.15569
  -0.575094
  -0.706227
   -0.65028
  -0.699874
  -0.394265
  -0.231228
  -0.451318
  -0.259836
  -0.521349
  -0.835144
   -1.04885
   -3.13684
   -3.33447
   -3.13908
   -3.43319
   -2.77324
   -2.87057
   -2.70991
   -2.57096
   -2.34856
   -2.58954
   -2.02735
   -2.00847
  -0.139398
    3.27344
   -1.99027
    2.40352
    6.61217
    8.27351
    8.40353
    6.31204
    7.34026
    3.65845
    4.79826
     5.9269
    6.93523
    4.68835
    3.41257
    1.45143
    5.34635
    5.35264
    -1.6789
    3.61044
  -0.467397
   -3.47131
    1.13433
   -2.91876
    3.30118
    4.93105
   -1.31146
 -0.0880987
  -0.893643
     6.0316
    4.22653
    5.14023
   0.570333
    2.25997
    2.10176
    3.41806
    3.10627
   -1.81411
    2.36319
    -1.8396
   -1.98584
   0.863684
    1.98027
    1.59668
    1.08758
    0.79009
    1.28024
    2.02982
    4.46286
    2.08969
     1.2907
  0.0594459
   0.453647
  -0.736287
   0.924895
  -0.299108
   0.547647
   -1.15853
  -0.762529
  -0.490093
    5.30462
   -0.22911
  -0.129788
   -2.88594
  -0.932149
 -0.0901215
   0.470338
   0.316726
  0.0585625
   0.809091
    2.13484
    1.50938
    1.17134
   0.947815
    2.73754
    4.13251
   0.591425
    2.86342
   -1.51773
  -0.195462
   -1.02513
  -0.191438
   -2.26921
     -2.651
   -1.98029
    0.96619
   0.909295
    1.11116
   0.186235
    0.49905
    1.33446
    1.97067
    1.23003
    1.22802
    3.81031
    3.03122
    1.61226
   0.292437
   -2.17065
  -0.372002
   -0.98636
  -0.787441
   0.631432
   -0.70943
   0.251558
  -0.142479
   -3.05335
   -2.04555
   -2.54659
   -2.59602
   -3.85163
  -0.554509
  -0.586501
     1.3781
   -1.22477
   -2.13564
   -1.00889
   -1.02673
   -0.76798
    0.35714
   -1.38923
   -1.57596
  -0.544217
  -0.172574
   0.157585
    2.06919
   0.720867
   0.671464
   -2.30695
   -2.46026
  -0.557896
    2.57643
  -0.764632
    1.15194
 -0.0375198
  -0.486874
   0.310439
  -0.204949
   -1.76188
    1.23695
  -0.605641
   0.675588
   -0.67593
   0.921728
 -0.0461013
    0.36761
   0.454037
  -0.805664
   0.490652
   0.678773
    -0.8112
   0.225629
   -0.41578
   0.699886
 -0.0313692
   -3.00068
   -1.40576
   -2.33567
   -1.37658
   -2.37106
   -4.07459
    -2.9537
   -2.12572
   -1.95988
   -3.83538
  -0.284471
   0.316411
  -0.496521
  -0.718395
  -0.276627
  -0.360068
  -0.332885
    -1.0468
  -0.264962
  -0.986607
   -3.75976
  -0.238806
   -4.12597
    -4.0098
   -4.07478
   -4.09968
    1.62418
  -0.716028
  -0.490474
  -0.529179
  -0.374452
  -0.489252
  -0.281466
  -0.398321
  -0.274757
  -0.415942
  -0.203182
  -0.313409
  -0.761082
  -0.927285
  -0.142395
   -1.13377
  -0.845454
  -0.939238
  -0.977265
   -1.00951
   -1.33416
   -1.68586
   -1.46883
   -1.36631
   -1.17574
   -1.04196
   -1.21748
   -1.27851
   -2.13394
    -1.4651
   -1.15911
   -1.48333
   -2.03753
   -2.12082
   -2.08322
    1.56755
   0.702709
    2.39141
    2.39818
  -0.681106
  -0.867304
   -1.29846
   -1.20464
   -1.40463
   -0.84035
    -1.7389
   0.705943
   -1.89396
   0.075608
  -0.058304
    1.18356
   -1.52423
     2.1649
    2.92336
    3.38016
    3.70222
    2.83568
    4.95697
    2.53336
    4.37532
    2.01717
    2.66133
    2.91826
    3.40597
    2.27467
    2.15406
    1.37536
    3.26477
   0.316389
    4.44786
      4.782
    2.31949
    3.38838
    7.00158
    5.63136
    6.12178
    1.78185
   -1.27722
  -0.790552
   -1.03095
   -1.02428
  -0.521257
   -0.17135
  -0.445859
  -0.410946
  -0.619046
  -0.577291
  -0.518662
  -0.802391
   -0.29217
   -0.85428
   -1.09417
   -1.18134
  -0.744571
  -0.285811
  -0.329693
  -0.118197
   0.102028
   0.131161
  0.0427894
  0.0634093
 -0.0136005
  -0.153767
  -0.193866
  -0.189469
 -0.0313375
  0.0182308
  -0.430769
 -0.0584171
  0.0449053
  -0.151728
    -0.6216
  -0.402347
  -0.581156
  -0.914934
  -0.970928
   -1.37479
   -1.11999
  -0.728331
  -0.805124
   -0.40668
  -0.535592
  -0.520567
  -0.569745
  -0.438775
  -0.311406
  -0.286319
  -0.686529
   -0.58202
   -0.32383
  -0.489261
  -0.455406
  -0.369978
  -0.388726
  -0.443012
  -0.167505
  -0.460718
  -0.287445
  -0.450528
  -0.301039
  -0.205365
  -0.539754
  -0.450381
  -0.429181
  -0.195528
  0.0118523
  -0.106544
 -0.0881349
 -0.0672844
  -0.191589
 -0.0927675
  -0.117567
  -0.176442
  -0.255039
   -0.15127
  -0.319742
  -0.363935
  -0.261069
  -0.499246
  -0.349785
  -0.461776
    -0.3682
  -0.624112
  -0.218005
 -0.0201589
  -0.422292
    0.29982
  -0.226868
   0.902718
 0.00387052
  -0.360986
   0.632639
  -0.190463
  -0.414983
  -0.677855
  -0.760866
  -0.447814
  -0.613504
  -0.802071
    -0.3536
   -1.13035
   0.199017
  -0.709453
   -1.02334
   -0.17522
   0.606378
   -1.09263
   -1.29844
  -0.298348
    3.35736
    2.92295
    2.09675
    2.10391
    1.89231
    1.28471
    3.18054
    1.26816
     1.3106
    1.04853
    0.40735
     3.3538
    4.77437
    1.22968
   0.172036
  -0.704408
     2.0845
    5.32007
   0.888529
    2.06577
    1.88073
    0.93405
    1.08053
   -1.60342
   -2.84051
   -2.50542
   -2.24372
   -2.51965
 -0.0477867
  -0.156351
    0.40159
  0.0633983
   0.112274
  0.0843411
 -0.0682431
  0.0872873
 -0.0154852
  -0.159392
 -0.0112515
  -0.113833
  0.0154533
  -0.105313
 0.00430914
 -0.0659978
 -0.0282304
 0.00319633
   0.077438
   0.033131
  -0.297565
    0.02093
  -0.161959
  -0.276673
  -0.206558
  -0.459313
  -0.480488
  -0.165722
  -0.320047
  -0.095149
   0.062795
   0.135568
 -0.0240785
  0.0627419
    0.10325
   -1.26375
   -1.96542
   -1.75742
   -1.66177
   -1.49099
   -1.42194
   -1.33552
   -1.83204
   -1.90687
  -0.981731
  -0.525048
  -0.237058
  -0.458574
   -2.04588
   -2.02305
   -1.76986
   -1.87581
   -2.00036
   0.259569
   0.236555
  0.0977665
   0.203382
   0.189439
   0.113495
     0.1733
    0.14805
   0.185282
  0.0745537
   0.113229
  0.0165245
   0.067595
  0.0591789
  0.0586807
    0.06493
   0.071642
   0.048693
   0.123906
  0.0540502
  0.0483312
   0.110669
  0.0993823
   0.112424
  0.0288903
 0.00197827
  0.0450656
  0.0517429
   0.110177
    0.11618
  0.0604461
   0.150399
    -0.8595
  -0.671759
  -0.698986
   -0.57164
  -0.336247
  -0.700451
  -0.454165
  -0.335147
   0.118275
  -0.149664
  -0.348025
  -0.257216
  -0.249184
  -0.495151
   -0.38291
  -0.105285
 -0.0905162
 -0.0263858
 -0.0227456
     -1.678
   -2.50071
  -0.542115
   -1.23981
   -1.80012
   -1.19754
   -2.07637
    -2.1518
   -2.12292
    -1.5724
   -1.23274
   -1.55637
   -1.52826
   -1.35779
  -0.984781
  -0.999897
   -1.38634
   -1.19792
    -1.1976
  -0.451599
  -0.564983
  -0.761045
  -0.761769
  -0.798822
  -0.815812
  -0.786568
  -0.671923
  -0.806742
  -0.730905
   -0.88108
   -1.56575
  -0.920441
   -1.11485
    1.07899
   0.583175
   0.775589
   0.797859
   0.652714
   0.684834
   0.628046
   0.650085
  -0.629486
  -0.782499
  -0.165863
  -0.303958
    2.43124
    2.54179
    2.84464
    1.77848
    5.49612
   0.609889
  -0.992175
  0.0637068
   0.163578
 -0.0232513
  -0.271238
  0.0860043
  0.0423761
  0.0847104
   0.182919
  -0.718306
  -0.233969
  -0.868202
  -0.238106
   -1.08267
  -0.498853
   -0.26974
  -0.314562
  -0.121135
  -0.419983
  -0.322806
  -0.131706
  -0.059987
  -0.113815
  -0.221372
  -0.181366
  -0.614993
  -0.621166
  -0.436119
  -0.902204
  -0.843296
    4.73283
    6.57771
    7.13611
    5.87373
    1.44833
  -0.630638
  -0.535796
 0.00152288
  -0.285957
  -0.235745
    0.03704
  0.0841972
   0.563013
   0.336117
  -0.172715
  -0.321018
   -0.27764
   0.436397
   0.212274
  0.0544041
  -0.194687
   0.282555
   0.167686
    1.20847
   0.318903
   0.079769
  0.0995915
   0.804998
  0.0498197
   0.830512
   0.730602
  -0.768848
   0.536813
    1.48844
    1.19321
  -0.307028
   -0.50084
   0.155567
   0.315162
   -1.09489
   -1.41337
   -0.74367
     0.1313
    1.05089
    1.07999
     1.6206
   0.644751
    1.17189
   0.185994
    5.03121
   -1.90669
 -0.0708785
   0.277522
   -1.68949
   -2.57611
    -3.5051
   -1.12861
   -1.08758
  -0.734095
  -0.459479
  -0.697747
  -0.435531
  -0.939814
   -1.23248
  -0.973587
   -1.99383
   -2.01437
   -2.01642
   0.300963
    1.14558
    1.85857
   0.431558
   -1.63645
   -1.30178
  -0.861217
   -1.64826
   -1.73194
   -1.68536
    2.57913
  -0.426834
   0.715179
    4.42483
     5.5075
   -0.88026
 -0.0946155
   0.180015
 -0.0424685
 -0.0660642
  -0.143542
  -0.294837
   -1.30864
  -0.278509
  -0.727564
  -0.740263
  -0.646708
  -0.585473
  -0.593263
  -0.618525
  -0.569866
  -0.686007
  -0.629245
  -0.507702
  0.0416954
 -0.0445844
  0.0435882
   0.126826
     0.1018
 -0.0848152
   -0.22469
  0.0183965
 -0.0187726
 -0.0219029
  0.0450502
  -0.729777
  -0.315432
  -0.619239
  -0.558192
  -0.259258
  -0.614455
   -1.19673
  -0.261821
  -0.549987
   -1.73732
  -0.815143
   -1.47429
   -1.08973
    -1.1863
   -1.58669
   -1.54595
   -1.74466
   -1.71376
   -1.96776
   -1.92123
   -0.28933
  -0.123773
    0.81915
   -0.63274
  -0.132235
  -0.128859
  -0.280718
 -0.0798986
  -0.191267
  -0.133369
 -0.0743897
  -0.219026
  -0.348741
  -0.205496
 -0.0120134
  -0.167416
   -0.28697
 -0.0579544
  -0.407036
  -0.143847
  -0.130291
 -0.0624573
  -0.254877
  -0.139327
 -0.0243047
  -0.184892
  -0.038309
  -0.137348
  -0.304059
 -0.0904216
  -0.140772
  0.0058746
  -0.118897
  -0.277411
 -0.0260895
  -0.129686
  0.0863191
 -0.0508112
  0.0657871
 -0.0273052
  0.0554855
  0.0421861
  0.0919415
-0.00280202
  0.0538462
 0.00742255
  -0.796095
    -2.0048
   -1.98167
   -2.05385
   -2.00172
   -1.97296
    -1.4639
   -1.49597
   -2.06281
   -1.75438
  -0.989199
   -1.80875
   -1.72337
   -1.36115
   -1.19852
   -1.01463
    -1.2221
  -0.536195
  -0.897079
  -0.689158
  -0.726534
   -1.09977
  -0.724622
   -1.74884
   -1.40084
   -1.52587
   -0.15407
   -1.50455
   -1.87916
   -0.51652
   -2.06148
   -1.42264
  -0.709384
   -1.30193
   -1.97405
   -1.65835
   -1.64658
   -1.97914
   -1.69057
   -1.91446
   -1.73161
   -1.91883
   -1.93624
   -1.83414
   -1.84043
   -1.98237
   -1.91792
   -1.99588
   -1.36256
    -1.8487
   -1.56092
   -1.04313
   -1.75742
    -1.9664
   -1.36002
   -1.90104
   -2.10755
    -2.1588
   -2.06009
   -1.93283
   -2.05019
   -2.06919
   -1.65868
   -1.76837
   -1.75858
   -1.61217
   -1.58588
   -2.07791
   -2.20659
   -1.88816
   0.200197
   -0.41016
   0.179125
 -0.0695502
  -0.504726
  -0.834745
  -0.367211
  -0.645462
   -0.72242
   -1.08684
  -0.919264
  -0.921675
   -1.14721
   -1.00437
  -0.986818
   -1.06038
  -0.565111
  -0.278056
  -0.294302
  -0.121977
  -0.186244
   -1.69502
   -1.98554
   -1.66869
   -1.72476
   -2.11364
   -2.17917
   -2.01748
   -1.59222
   -1.94616
   -1.91785
   -1.04779
   -1.01891
  -0.927619
  -0.649363
  -0.775599
  -0.818111
  -0.869099
   -1.18401
   -1.25164
   -1.17478
    1.44803
   -1.82638
   0.305307
    4.19815
  -0.955833
   0.127469
 -0.0194887
  -0.040309
  0.0535937
 -0.0345751
   0.163542
   0.149766
    0.16658
   0.176273
   0.205726
   0.252862
   0.314499
  -0.102262
 -0.0570375
     0.2018
  0.0859485
   0.173708
  0.0665786
   0.209024
   0.173556
   0.173949
   0.103319
   0.113387
  0.0418255
   0.148451
   0.167181
  0.0623372
  0.0445745
  -0.140771
  -0.150131
  -0.114093
  -0.225509
 -0.0421842
   0.144896
    0.16427
 -0.0456478
  0.0264952
 -0.0909668
  -0.100288
 -0.0835966
  0.0839792
  -0.902715
  -0.508079
    -1.1542
  -0.699024
   -1.13042
  -0.940179
  -0.555835
   -1.16141
   -1.06606
  -0.857903
  -0.833687
   0.068367
   0.526072
   0.154455
   0.270807
 -0.0439755
  -0.729624
   -1.01565
    -1.1885
   -2.72451
   -3.55507
   -4.03753
   -2.48026
   -2.76261
   -3.81586
   0.265411
   -1.78947
   -1.65529
   -3.00089
   -1.63166
   -3.20378
   -2.91789
  -0.153955
   -2.33413
   0.702771
  -0.411336
   -2.86611
   -2.41597
  -0.568889
   -1.92224
   -2.11999
   0.627876
    5.62761
   -3.94867
   -3.85685
   -3.06443
  -0.376816
  -0.829011
   -3.71915
    7.47995
   -3.32828
    3.59918
    6.65652
    4.08733
    1.17311
    2.52662
     6.3135
    5.09647
    2.50962
    3.71079
    2.56702
     2.1906
   -1.10998
  -0.882236
   0.714987
    1.60167
  -0.502036
  -0.824489
   -1.02735
    1.84968
    3.36802
    1.12674
  -0.254582
    13.3515
    9.98104
    6.31303
    5.37541
    8.07305
    6.89894
    8.75693
    3.88377
    7.03867
    6.49796
    7.27408
    10.3314
    5.83477
    10.0296
    11.2372
     12.563
    10.3513
    3.36022
    4.80691
    7.75221
    -1.9645
   -1.84081
   -1.64363
   -1.58289
    1.65073
    1.04399
    6.05568
    4.07491
    3.82142
  -0.959278
   0.134614
   0.125339
  0.0606792
  -0.501555
  -0.651476
  -0.902308
  -0.631441
  -0.708489
  -0.195085
   -1.75497
    -1.0354
 -0.0666893
   0.731782
  0.0675494
    2.57048
    1.16123
    2.07296
    1.43875
    1.43744
    2.45957
    1.96957
     2.3254
    1.37635
     2.3186
     1.1627
    0.88926
    1.93038
   0.779262
   0.213016
   0.402242
    1.33291
   0.686659
    1.27783
    1.61832
   0.603068
     1.5762
      1.217
   0.216795
   0.143671
 -0.0337154
   -0.12498
  -0.139888
  -0.244782
  -0.694822
   -0.32926
  -0.880919
   0.507643
  -0.672896
  -0.460081
 -0.0418892
 -0.0680367
   0.123699
  0.0939684
  0.0526719
 -0.0655827
  -0.906437
  -0.958899
  -0.855911
   -0.59951
 -0.0368029
 -0.0970377
  -0.944875
  -0.405956
   -0.44973
  -0.757584
   -1.09999
   -1.34313
   -1.57749
  -0.263922
  -0.577185
  -0.569171
  -0.677198
    -2.0017
   -1.13099
   -1.12827
    1.52957
    0.94036
  0.0591389
    1.35025
   -1.69585
  -0.217328
  -0.523703
  -0.689978
  -0.201006
  -0.181326
  -0.278841
   -2.09959
   -2.05234
   -1.71386
   -1.76841
    -1.8879
   -1.92059
   -1.79022
   -1.72359
   -1.91969
   -1.93329
   -1.88994
   -1.90219
   -1.69393
   -1.90565
   -1.83959
    2.49765
  -0.681488
  -0.480664
   -1.17232
   -1.83305
   -1.03053
  -0.191594
   -0.49422
   -1.08733
    -2.1047
  -0.965216
  -0.760819
   -0.72962
  -0.807771
   -0.88361
   -0.84794
  -0.828328
  -0.828998
  -0.454856
   0.355249
   0.883487
   0.961876
   0.603727
     3.8532
    3.38878
    2.75328
    1.48092
    2.87144
    3.94609
    4.27464
    4.37006
    8.42564
     6.3833
    5.83931
    6.16447
    4.99697
    4.77696
    1.74561
    4.08899
    3.50691
    3.94602
    1.29435
   0.472801
    4.07233
    1.60162
    2.70945
    1.81677
  -0.500256
   -1.18837
   -1.44771
    4.68922
    0.25433
   0.521762
  -0.182971
   -1.14389
   -1.38339
   -1.45837
    7.71975
   0.290766
  -0.559699
     7.3519
    10.5161
    6.13588
    9.14532
  -0.387767
    1.23871
  -0.554564
  -0.380255
   -1.10966
   -1.46214
   0.223414
   -1.06743
   -1.61314
    -1.4709
   -0.79923
    8.59941
    1.65251
    3.32914
    2.46514
    1.72007
   0.472859
    2.86795
    -1.6872
    -1.8518
    9.15979
   0.256604
-0.00528133
    5.14595
    7.10321
    11.2702
     10.892
    23.5239
     10.185
    8.92309
    3.69301
    1.18681
    3.63054
     2.2536
    6.31957
   0.578835
    0.20387
   0.265803
    13.7011
    15.7761
    14.4711
    1.97413
   -1.32502
    1.50155
     3.0458
  -0.987657
    1.28008
 -0.0980362
   -1.19813
  -0.570202
-0.00295385
  -0.902321
   -1.74988
   -1.31953
  -0.955663
   0.965444
   -1.78506
   -1.80806
   0.376239
   -1.45833
   -1.59243
   -1.54998
   -1.45876
   -1.81388
  -0.565564
  0.0421247
   0.211957
   0.196207
   0.131901
   0.180698
   0.248746
   0.246044
   0.232618
   0.103168
   0.136591
  0.0010726
   0.120805
   0.175323
  0.0448193
   0.113353
  0.0414494
    0.10995
  0.0493177
 -0.0455994
   0.082639
 -0.0894128
   0.103148
  0.0187747
-0.00436499
   0.127246
  0.0642828
 -0.0404243
  -0.342938
  0.0621386
    0.12974
   0.153153
  -0.177874
  0.0972358
   0.133045
  -0.379583
  0.0915338
 -0.0935025
   0.117871
  -0.395763
  -0.257507
   0.112625
  -0.506785
  -0.604516
  -0.637475
  -0.359956
  -0.466375
  -0.185955
   -0.14318
  -0.125371
  0.0109267
   -0.20652
  -0.135291
   -1.20807
   -1.09206
   -1.08314
 -0.0956862
  -0.900812
     -1.101
   -1.21501
   -1.14658
   -1.24448
   -1.22409
   -1.01812
   -1.09368
   -1.06667
  -0.914537
   -1.08005
  -0.959801
 -0.0040603
  -0.218762
  -0.469596
  0.0320325
   -2.52422
 -0.0748827
   -1.28621
   -2.13445
   -1.38594
   -1.13444
   -1.78464
    7.67038
    7.08972
    0.38441
    12.7757
   -2.18053
   0.503354
    5.91569
    9.84662
     4.6663
    1.82424
    1.19939
    1.68175
    3.28725
    1.51161
   0.254127
   0.192389
   0.187537
  -0.455627
  -0.588609
   -0.50376
  -0.681239
  -0.612571
   -1.01153
  -0.691047
  -0.665457
  -0.704425
  -0.623774
  -0.660179
    -1.4605
  -0.279206
  -0.355403
  -0.582226
  -0.533885
    1.12505
   0.967938
   0.160676
   0.806297
   0.465743
   0.376698
  -0.251054
 -0.0781037
   -0.51968
  -0.166804
  -0.394454
  -0.784751
  -0.287425
  -0.586296
   0.186482
 -0.0198162
 -0.0961477
   0.127728
   0.169546
  0.0640619
   0.268541
 0.00589455
  -0.124902
  0.0117795
   0.320756
  -0.153112
  0.0887693
   0.227362
   0.124263
   0.161872
  0.0934873
   0.195872
  0.0906245
  -0.237012
  0.0658591
 0.00898364
  0.0415179
  0.0398493
 -0.0326017
  0.0359597
  0.0246305
  0.0578779
  0.0232052
 -0.0259606
 -0.0804486
   0.730017
   -0.26383
   -0.04531
-0.00556298
   0.141822
  -0.164517
  -0.621641
   0.310442
  -0.221558
  0.0188733
  0.0691941
  0.0266606
  -0.037351
 -0.0210455
  -0.559938
   0.269355
  0.0702946
 0.00396029
  -0.421895
  -0.308142
  0.0178848
  -0.258353
  -0.579598
  -0.323602
  -0.477701
   -2.21284
   -1.79177
   -2.30151
   -2.57568
    -3.0111
   -3.53028
   -3.50359
  -0.618278
  -0.841332
   -0.95614
   -0.97858
  -0.977023
  -0.547892
  -0.554097
  -0.419434
  -0.501109
  -0.707739
   -1.08635
  -0.843565
  -0.794129
  -0.425556
  -0.548535
   -1.11921
   -1.04947
  -0.767223
  -0.708474
  -0.971685
   -1.04192
  -0.967088
  -0.908082
  -0.885389
  -0.338561
   0.117801
  0.0745672
   0.211085
   0.283549
   0.176188
    0.36822
   0.354178
   0.304195
  0.0240766
   0.159691
   0.304094
    0.43795
    0.42334
   0.424237
   0.110828
   -1.02457
    3.48125
    5.33815
   0.109537
  -0.530194
  -0.166231
   0.321981
  -0.837777
 -0.0413199
-0.00738806
  -0.118419
  -0.302542
  -0.185512
 -0.0703206
  -0.134921
 -0.0614022
  -0.205604
  -0.297526
  -0.274475
  -0.369686
  -0.217968
   -0.28429
  -0.186849
  -0.133225
  -0.417656
  -0.343534
  -0.311079
 -0.0588184
  -0.168987
  -0.250138
  -0.138174
  -0.846639
  -0.584199
   -1.82639
  -0.827653
  -0.795492
  -0.852637
  -0.808141
  -0.795404
   -0.82043
   -0.86284
  -0.760478
  -0.846849
   -0.93951
  -0.797603
  -0.913951
  -0.865412
  -0.935554
  -0.971878
  -0.953412
  -0.937312
  -0.925476
  -0.850274
  -0.917243
  -0.839158
  -0.761116
  -0.850054
  -0.892105
  -0.693185
  -0.788346
  -0.849045
  -0.824414
  -0.719353
  -0.704761
  -0.719456
   -0.88017
  -0.755707
  -0.987065
  -0.819236
  -0.953336
  -0.925998
  -0.931503
  -0.771296
   -1.06547
   -1.03932
   -1.05519
   -1.15282
  -0.813177
  -0.932755
   -1.07884
  -0.963703
   -1.12931
   -1.13132
    -1.2549
  -0.593454
  -0.689653
  -0.678964
   -1.01258
  -0.860075
   -1.00902
   -1.21029
  -0.545182
   -1.03712
   -1.00135
   -1.02934
    -1.0237
   -1.13748
   -1.01169
  -0.884267
  -0.942005
  -0.962244
   -1.09256
   -1.44968
   -1.20932
   -1.42328
   -1.30199
   -1.30909
   -1.59894
   -1.15665
   -2.00928
   -0.44074
   -1.75649
  -0.871834
   -1.84341
  -0.668999
  -0.797494
   -1.12258
   0.904845
  -0.568511
   -1.57656
   -1.62345
    7.56886
   0.640388
      4.191
    3.53178
    2.38933
    12.4696
    4.92659
    3.80996
   0.286042
    -2.0139
    -2.0068
   -2.18689
   -2.21708
   -2.03229
   -2.23427
   -2.22589
   -1.88778
   -1.96179
   -2.00153
    -1.8587
   -1.73136
   -1.97197
  0.0971557
   0.152962
    0.12816
   0.113085
  -0.174123
   0.117515
   0.081631
 0.00800019
 -0.0453113
  0.0253457
 -0.0273295
   0.053063
 -0.0435303
  -0.112185
  0.0198524
 0.00434687
  0.0176165
-0.00968356
  -0.908858
  -0.857388
  -0.169149
  -0.528145
   -3.02125
    2.47096
    26.0385
    8.17725
    4.83286
   0.688758
    1.78709
    4.28017
    9.18309
    7.03459
   0.286748
    1.86664
   0.696873
    2.28876
    1.04274
    3.97859
    4.47333
   0.581402
  -0.247712
  -0.570738
  -0.313887
  -0.243048
  -0.214754
  -0.843914
   -1.43059
  -0.713479
   -1.06547
   -1.58847
   -1.29379
   -1.08067
   -0.88611
   0.109316
  -0.490977
    3.82619
    2.03025
   0.586373
    5.00854
    15.8124
    9.57629
    7.21392
    1.53826
    2.72661
    6.65967
    2.87689
  -0.258997
    21.1775
    15.6442
    12.6097
    26.1618
    12.3897
    7.56544
    8.49335
     1.1693
    14.3199
    12.5428
  -0.239309
    0.64934
  -0.201612
 -0.0302337
    1.31041
   -0.63143
    3.40156
    4.02001
    1.55801
   0.500888
  -0.371159
  -0.779487
  -0.389355
  -0.795461
  -0.476838
  -0.501347
  -0.710234
   -1.22774
   -1.67885
   -1.98668
   -1.83385
   -1.85176
   -1.88768
   -1.84209
   -1.85182
   -2.09054
   -1.91931
   -1.85566
   -1.72707
   -1.80723
   -1.97353
   -1.84884
   -1.85941
   -1.83085
   -1.54762
   -1.87459
   -1.87652
   -1.92866
   -2.31156
   -2.05977
   -1.00204
   -0.27419
  -0.429958
  -0.823681
   0.794786
   -0.04254
  -0.108582
-0.00835433
  -0.132636
  -0.715191
  -0.446495
   -0.71659
  -0.636013
   -0.73677
  -0.629595
  -0.431245
    1.09306
  -0.179024
  -0.465373
  -0.548825
  -0.333228
  -0.449336
  -0.539088
  -0.420297
  -0.555708
   -0.42107
  -0.473372
  -0.520291
  -0.413736
   -0.48347
  -0.291742
  -0.375529
  -0.271511
  -0.340749
  -0.399733
  -0.515346
  -0.508709
  -0.472276
  -0.560411
  -0.434604
  -0.480513
  -0.450184
  -0.450674
  -0.361646
  -0.395194
  -0.430891
  -0.555257
  -0.450658
  -0.482784
  -0.469536
  -0.496619
   -1.44966
   -1.65145
   -0.82177
  -0.682586
   -1.10276
   -1.05087
   -1.02837
  -0.866985
  -0.715892
  -0.647174
  -0.613447
  -0.704846
  -0.544765
  -0.999842
  -0.923378
  -0.681106
  -0.825569
  -0.839511
  -0.925531
   -0.93719
   -0.81618
  -0.694051
   -0.50652
  -0.413334
   -1.06449
   -1.04966
  -0.772066
  -0.676345
  -0.649519
    -0.5936
  -0.740178
  -0.720941
  -0.748232
  -0.580878
   0.116255
   0.457941
   0.933529
    3.88362
   0.831125
   0.744824
  -0.192254
   -1.03013
  0.0516846
  -0.110194
  -0.570128
  -0.410364
  -0.428756
   -1.07858
  -0.755956
  -0.552977
  -0.646711
  -0.507557
  -0.732665
  -0.808274
  -0.883493
  -0.867811
  -0.828207
  -0.811295
  -0.809691
  -0.923204
  -0.924412
   -1.36414
   -1.61711
   -1.02706
   -1.45852
  -0.521004
  -0.728427
  -0.890735
  -0.680436
  -0.535428
  -0.788534
   -0.82504
  -0.783553
  -0.730811
   -1.34897
  -0.828019
  -0.677894
   0.106522
  -0.307249
  -0.217063
  -0.567343
   -1.19167
   -1.91174
   -1.08622
   -1.54764
   -2.17904
   0.343327
  -0.691334
   0.957936
  -0.386306
   -1.37447
  -0.199101
  -0.203887
  -0.532844
   0.293396
   0.493297
    5.78355
    4.00195
     2.6028
    2.68632
    3.26442
    1.85177
    1.65853
    4.96307
     1.6076
    3.14419
   0.821983
    5.02958
    3.02603
    4.80994
    2.42321
    4.87363
    7.24084
    3.41185
    1.96642
    2.50176
    4.47153
    4.26277
    5.63502
    4.73116
    5.27042
    5.16037
    5.74101
    5.21785
    6.05243
    3.86245
    5.76641
    7.90573
     6.7205
    7.95109
    4.41745
    6.29038
    6.26209
    5.26007
    2.98625
    9.60372
    8.34435
    9.01946
    8.14521
    9.12405
   0.275167
    7.61179
    7.92658
    4.21253
    2.57284
    -2.0603
   -1.90695
  0.0618941
  0.0729854
   -1.17857
  -0.625464
  -0.225617
   -0.68273
    1.53034
   0.446955
    1.45583
    1.43928
   0.968847
    1.71069
   -3.34364
   0.867393
    1.72199
    3.19271
   0.576345
    3.94937
    4.07439
      2.836
    3.68382
     4.5467
   0.907837
    1.26167
    1.79692
   0.239002
    1.31806
  0.0761745
  0.0773666
   0.256382
  0.0499042
   0.380284
   0.118164
   0.374967
  -0.137364
   0.630608
   0.705122
   0.370815
  -0.232139
     1.4377
   0.811437
   0.561188
    1.51984
    1.03359
     1.2379
    1.84344
    2.04739
    3.24157
    2.57745
    2.19237
     2.8464
    2.13487
    1.76635
    2.18691
   -1.82144
  -0.929569
    0.51839
    2.13108
   0.235365
   0.225216
   -1.66188
   -1.75005
   -1.76773
   -1.87689
    2.61175
     5.5439
    11.8514
   0.508182
    7.30303
    3.44249
    3.13101
   -1.11251
   -1.70441
   -1.15268
   -1.44445
   -1.01163
   0.399454
   -2.04857
   -2.28495
   -2.04725
   -1.99626
   -2.03547
   -1.93522
   -2.13156
   -2.07853
    1.46247
  -0.969068
   -1.64537
  -0.868611
   -1.40611
   -1.72616
  -0.762173
   -1.58895
   -1.16299
   0.876258
  -0.266266
   0.343476
   0.189045
  -0.266921
   -2.01484
   0.361086
   0.527463
   0.742832
  -0.152869
  0.0799808
  -0.398399
    1.27599
   0.400681
  -0.272716
   -1.01384
  -0.517179
   -2.32244
  -0.924061
   -1.04414
   -0.61189
  -0.595387
  -0.427052
  -0.465379
    -0.5168
   -0.61904
 -0.0670017
  -0.238307
  -0.392691
  -0.434267
  -0.579666
  -0.239985
  -0.305891
  -0.408067
    2.21704
   0.366824
   0.894898
  0.0441593
  0.0955347
  -0.324258
 -0.0803039
 -0.0231581
  -0.236868
  -0.942371
  -0.747867
   -1.15327
  -0.974022
  -0.438115
  -0.202173
  -0.348459
  -0.367552
   -0.24349
  -0.754591
  -0.110606
  -0.285323
  -0.543519
  -0.957829
    0.20595
   0.805073
   0.116726
    1.21907
     3.7311
    5.57182
    5.50514
    6.77507
    5.81079
    6.39092
    4.93859
    4.43774
    5.79609
    8.85073
    6.63524
    6.20501
    4.10589
    3.04665
    1.28906
    2.27969
    1.89659
    1.29705
    8.28817
    1.33314
   0.573644
    1.61193
  -0.786622
    1.62114
    3.02899
  -0.137603
  -0.181721
  -0.432259
  0.0112765
  -0.636596
    2.96266
    10.3427
    8.71188
    20.0633
    9.43622
    10.3415
    23.3673
    20.2907
    5.50955
    31.3602
     17.826
    5.49499
    4.44505
    10.9222
    5.52383
   -2.02714
   -1.89176
   -1.88681
   -1.83278
   -1.96151
   -2.06293
    -1.7224
   -1.17357
   -1.29831
   -1.92502
  0.0953097
   0.685175
    2.36719
    1.65399
  0.0372783
    8.37813
    3.12317
    2.82495
     2.3791
    2.45206
    2.30059
    2.07362
    1.29421
   -1.34646
    10.3655
    6.03475
    10.7184
     10.612
    20.6447
     4.8706
    2.63455
    5.65857
    10.9156
     7.0533
    11.2227
    3.68716
   -1.72148
   -1.70953
  -0.362742
   0.676081
    2.25615
    1.17283
    4.05627
    3.30753
    1.36283
   0.827438
   0.894458
    2.38705
   -1.40121
   -1.68384
    -1.1722
    -1.8408
   -1.09784
   -0.85112
   -1.60616
  -0.110525
   0.165698
   0.328755
   0.425908
    0.45162
   0.725997
    0.56183
   0.601755
   0.479776
    4.66457
  -0.533751
  -0.673798
  -0.585615
  -0.523263
   -0.11878
   -0.37969
  -0.331985
   0.205417
  -0.278288
 -0.0521335
 -0.0168408
     0.5153
   0.364923
  -0.219526
   0.274369
   0.264261
   0.125141
    0.94755
   0.677959
  -0.199713
   0.449931
   0.631476
    1.19384
   0.817911
   0.685039
    1.22415
    1.81068
   0.759113
   0.820795
    0.75894
    1.88248
    1.30497
    1.43069
    2.21919
    1.18321
    1.70467
    1.61599
    1.54562
    1.14138
    2.01552
    1.57698
   0.809136
    1.44403
    1.72124
    1.80857
   -0.33524
   0.389534
   0.478652
  -0.312625
   0.194831
    2.35385
   0.651392
    1.37352
    1.04404
    1.60735
    3.14811
    1.12231
    2.54932
    2.04416
    1.06335
     2.9602
    3.29932
    4.02105
    2.30413
    4.10075
    2.01956
   0.723679
    9.70216
    1.90357
    6.43961
    2.43241
   0.642683
    5.58215
    4.11183
    1.66851
    3.03637
   0.862822
   0.696506
    0.94236
    1.24023
    5.69898
     3.0452
    1.80392
    3.41227
    6.06533
    1.15295
    4.71309
  -0.264189
   -1.48599
   -1.43521
   -1.07827
   0.326907
  -0.434091
 -0.0306688
  -0.277993
   0.300179
   0.591143
    1.26392
   0.420074
  -0.816369
  -0.658906
   -1.08464
  -0.864298
  -0.630732
   -0.53821
  -0.762683
  -0.260411
  -0.691879
   0.847018
    1.44313
    2.68897
    4.79306
    5.91915
    3.70753
    5.93413
    2.15473
    8.60279
    6.62376
  0.0728907
    9.65595
    8.00205
    9.64267
   -1.89553
   -1.71307
    2.19159
    1.77418
    2.25067
    1.60057
    1.56963
    5.69632
     4.0279
    3.55208
    2.42295
    3.00121
    2.89461
    1.21944
    5.07084
 -0.0305036
    7.94826
    2.37015
    2.11642
    5.20631
  -0.265663
  -0.271725
-0.00965357
   0.790696
   0.352167
 0.00580312
   0.474253
   0.181229
    1.33668
 -0.0717173
    2.56734
    1.76314
    2.42574
    2.07281
    2.47395
    2.42857
    2.32212
    2.63823
    2.20592
     2.7405
    2.63761
    2.57073
     2.6021
    2.12153
    2.91814
    2.59461
    2.61747
   0.838436
    2.10437
    2.66825
    0.52008
   0.342184
   0.217218
   0.249526
   0.105795
  -0.233608
 -0.0794602
    8.70902
    4.40982
    9.56386
    6.92855
    -0.2402
   -2.26567
   -2.84263
    -2.5113
  -0.220243
   -3.40081
   -3.76917
   -3.89333
   -3.69131
   -3.93784
     -3.941
   -1.11582
   -1.78187
-0.00108938
   0.258504
   0.855011
   0.496334
   0.712541
   0.672348
  -0.848511
   -0.38494
  -0.935756
  -0.988335
    1.37229
    1.31628
    2.71147
    2.47586
    2.00779
    3.45998
    8.25318
    5.26447
     2.1136
    2.39105
    3.34374
    5.47642
    5.42113
     7.0473
    8.33214
     8.9801
    7.00108
    2.63147
    8.47777
     9.5225
    11.5591
    9.74691
    9.05491
    11.2091
    4.90357
    5.28597
     7.2604
    7.21734
   0.473232
     2.3748
    1.11762
    2.30076
     4.9842
    7.13545
    3.96835
    6.06814
    6.23903
    10.4563
    5.70113
    2.70496
    4.80618
    4.32405
   0.355078
    4.78633
    1.04412
    2.75842
    1.29044
   0.213438
  -0.603407
    1.00348
   0.624405
   0.219708
  -0.923839
   0.461032
 -0.0544849
   0.503683
   0.628925
  -0.173671
  -0.669584
    1.35562
    2.03456
    1.56103
     1.0533
  -0.206045
  -0.215459
 -0.0884141
   0.198955
  -0.441165
  -0.122615
 -0.0357452
  -0.507527
    2.13833
   0.235304
   0.975239
  -0.838202
  -0.817418
   -1.37146
     4.0042
    4.25596
    3.49138
    3.62154
    3.28468
      2.966
    5.39424
    6.26779
    6.83034
    4.14035
    3.49907
  -0.124218
      2.105
    1.97645
   0.393729
  -0.509229
 0.00384766
  -0.510764
  -0.165186
 -0.0878133
   -2.98031
    1.08028
    4.79919
    8.50058
    5.25437
    5.74546
    4.27285
    5.47371
    5.09829
    3.13555
    4.44005
    5.53938
     5.2784
    4.26311
    7.81619
    10.8122
    10.1853
    9.50639
     9.7963
    8.96378
    8.58425
    6.15839
    8.84649
  -0.838923
  0.0298862
  -0.136743
   0.518714
 -0.0396664
 -0.0488807
  -0.356194
  -0.708128
  -0.830855
   -1.02432
  -0.370481
  -0.381847
  -0.187072
   -1.09587
    2.11474
    4.94279
    11.8043
    8.07818
     8.1556
    12.6299
    14.1363
    16.4504
    18.6516
    8.65606
     16.426
    11.1343
    10.0742
    15.5759
    17.7903
    9.83164
    6.45147
    14.6998
    10.0764
    9.03786
    7.53049
    15.8489
    11.5573
    14.0533
    11.7524
    12.3248
    9.73262
    13.1248
    3.92006
    5.82642
    1.85745
   -3.28522
    2.57925
    2.79373
 -0.0227941
    6.04411
    4.02373
    7.06965
    6.62364
    6.82703
    4.97866
    5.98236
    5.55734
     4.7151
    3.36354
     5.0794
    5.87695
    4.07134
    3.26663
    4.57132
    3.94606
    5.78691
    4.80846
     3.9642
    6.55394
   0.450318
    2.09391
    3.17069
    1.79177
    2.62636
    5.34637
    3.73282
    4.72312
     6.8995
    2.93699
    6.63565
  -0.730974
  -0.547195
  -0.679562
  -0.349165
  -0.805914
  -0.845902
  -0.354972
  -0.448233
  -0.620504
  -0.888339
  -0.255338
  -0.268741
  0.0668076
  -0.431758
   0.333816
    1.75277
    15.1022
    25.8722
    5.64315
    5.36359
    12.4575
    11.1774
    12.2394
    14.4825
    6.95345
    4.79834
    3.92637
    3.87079
    4.21481
    6.00272
    3.50832
    5.53063
     2.4617
    3.05111
    2.62421
    3.25301
  -0.528513
    2.39316
    8.10232
    8.64021
    9.51989
    9.08682
    7.95063
    4.04935
   0.591467
    5.34084
    6.92036
    1.44397
    2.19873
    1.98951
    3.09857
   0.861789
    4.81078
    4.76393
    3.54481
    2.14626
    4.37815
  -0.833448
  -0.470541
   0.324784
  0.0525432
   0.435766
    2.32637
    2.70631
    2.32897
    2.72084
    2.51108
  0.0172282
    3.44043
    1.65159
   0.547087
    1.66469
  0.0641552
   0.286284
    1.20331
  0.0308648
  -0.644697
  -0.404816
  -0.629157
    1.30178
    1.56241
    2.30136
    2.87041
  -0.563165
   0.696345
     2.2395
  -0.247277
    1.06198
   0.885227
    7.27948
    7.24433
    7.39662
    7.92033
    7.67492
    6.88291
    8.22995
     5.6123
    5.79401
     1.2101
    2.94962
    1.61121
    1.55921
    1.36681
     1.9052
    1.43781
    2.09341
    1.10326
   0.878328
   0.707932
    1.45544
     2.2268
  0.0926089
  -0.036219
    2.46675
 -0.0589827
 -0.0511573
   0.195347
   0.242463
   0.221907
   0.289838
    1.13304
   0.650073
    1.00952
   0.700706
   0.531576
   0.464162
   0.789106
    2.22567
   -1.22521
    8.06554
     9.7234
    10.1189
    10.1173
    9.04706
    9.70849
    13.6866
    11.2525
    9.65075
    6.43199
    3.55813
     3.2879
    4.59689
    4.61465
    5.50791
    6.54357
    4.23867
    3.40454
    3.43179
    5.83604
    1.67754
    2.50699
    2.18477
    2.65386
    8.62481
    7.20479
    3.33371
    2.39329
    1.49554
   0.206922
   0.667803
  -0.322239
   0.428867
    3.63073
    2.11152
    2.54065
    1.39049
  -0.131549
    4.05082
     1.6734
   0.314406
  0.0448508
    2.22245
    4.38521
    6.25486
    1.01474
   0.447327
   0.856701
   -3.29456
   0.821556
    8.35314
    4.86386
  -0.767557
  -0.336342
    6.82134
    9.70036
    12.6986
    10.5232
     12.833
  -0.553146
    11.2052
    9.57487
  -0.502385
    9.60633
    11.2343
    13.9505
  -0.404012
     6.0415
    7.25226
    9.61585
      7.183
      6.946
    8.46202
    2.45895
   0.781732
    1.31155
   0.133366
   0.277698
  -0.445357
  0.0776443
    1.30896
    1.83544
   0.546132
   0.122913
    0.27519
   0.466228
   0.671095
   -1.95694
   -1.02245
  -0.848306
    4.54107
  0.0720221
  -0.410617
   -0.29806
    3.79032
    1.81761
    2.64669
    2.04178
    1.03687
   0.860819
    11.4082
    12.6042
    12.2242
   0.675627
    8.85551
    7.63561
   0.102242
  -0.142523
    1.00246
  0.0667287
   -1.07757
    2.63859
  -0.199044
  -0.899808
    1.66039
    3.05157
    1.84031
   0.355022
    2.13088
  -0.172361
    5.94942
  -0.391185
    6.24876
    4.66219
    4.14787
    4.12394
      3.011
    2.73773
     4.3851
    3.48562
    3.79756
    5.27954
    6.98694
    8.98557
    5.07004
    7.72935
    7.71819
    2.57054
    7.38278
    3.36301
    8.98579
    4.19063
    1.61634
    2.04997
    2.52448
    1.56975
    1.37973
   0.937816
   0.162455
   0.275865
   -1.89474
   0.483964
  -0.323359
  -0.204866
 -0.0517959
  -0.146302
    2.95427
    2.79064
    1.81288
    2.39874
    15.3827
    4.33181
    6.23416
   0.541853
   -1.02769
 0.00193273
 -0.0341127
-0.00265687
 -0.0159303
 -0.0012763
  -0.119287
 -0.0861581
   -0.20308
   -0.36378
   -0.26896
  -0.252547
  -0.315882
  -0.575392
  -0.465644
  -0.456987
  -0.429721
  -0.460928
   -1.28658
   -3.56481
   -2.55106
   -3.48635
   -2.85141
   -2.32718
  -0.678109
   -3.76829
   -1.86941
   -1.41976
   -3.83299
   -2.09132
    3.77386
    3.95553
    4.22293
   0.609431
   0.141211
   -2.22966
   -2.18768
  -0.978018
    -1.9953
   0.134273
   0.618238
   0.447636
    2.30751
    1.76016
    2.31101
    2.22602
    13.0148
    15.9017
    15.1365
    3.76399
    3.08952
     2.7063
    2.79694
    3.51472
    3.43911
    2.69043
    3.10784
    6.60855
    8.93753
    4.51004
    4.40803
    5.59654
    8.67563
    3.83712
    3.39588
    3.60321
    4.03865
    11.6739
    3.50538
     3.2029
  -0.834139
     1.2196
    -1.7747
   -2.45062
   -1.32602
  0.0151786
 -0.0875759
  -0.453443
  -0.454825
   -0.50802
  -0.418457
    2.79273
    2.59656
    4.60927
   0.133285
    1.60321
   -4.46606
    2.37129
   0.727201
    -2.4165
    -2.6607
   -6.95471
   -5.38666
   -6.23608
   -5.39058
   -6.38141
   -5.82263
   -5.94755
    -2.4472
   -10.5355
   -9.24786
   -4.68283
   -4.25914
    1.68959
    5.31932
   -11.2833
   -6.78612
   -4.06534
   -2.44963
    5.56375
  -0.156906
    -9.7765
    -11.033
    -5.5297
   -9.14888
   -1.20839
   -10.9377
   -5.15169
   -3.39204
   -6.54722
   -8.85251
   -6.92047
   -9.62582
   -4.67786
   -4.37404
   -3.51086
   -2.80191
   -3.36823
   -4.21415
     5.8274
    -2.4323
   -4.29685
    1.25926
    3.92201
   -4.65564
   -3.32876
   -3.21503
    -2.9006
    5.79143
     10.538
    8.19715
    8.44028
    11.8337
    11.0931
    4.25554
    2.72059
    1.62276
  -0.650205
   -1.43327
  -0.742293
  -0.670386
   -1.87646
 -0.0451601
  -0.336934
  -0.720594
     2.2543
    2.65081
     2.6809
    2.65681
    2.54035
    2.51907
    2.68204
    1.50861
    1.66841
     3.9074
  0.0838059
  0.0385069
  0.0667558
  0.0333951
  -0.370237
  -0.221262
   -0.31625
  -0.431838
  -0.492521
   -0.15749
  -0.437856
   -0.39726
  -0.456269
    2.52295
    3.46716
  -0.154209
   0.909142
    9.31334
    4.84582
   -8.86137
   -6.40727
   -8.39753
   -4.95156
   -5.14186
   -6.53559
   -6.18998
   -4.72801
   -3.24688
     8.9863
    9.26311
    10.4609
    8.10647
    9.96379
    11.6378
    9.96084
    8.85837
    10.6811
    12.2164
    4.95281
    3.63779
    3.41041
    3.14115
   -1.67164
   -1.03753
  -0.244191
     0.3307
    2.84652
    2.66693
    2.31053
    2.53036
     2.6764
    1.19118
    1.79063
    2.29848
    1.71445
    2.09311
    1.50399
    1.74806
    2.02076
    1.16173
    1.43937
    2.46925
     2.5496
    1.95637
    1.46464
    2.51849
     2.1634
   0.822268
    1.16013
    1.78941
    1.36779
  -0.163057
    1.99348
  -0.496073
  -0.266545
  -0.297332
  -0.657188
  -0.370268
   -0.32872
  -0.325195
    3.33076
    1.26538
  -0.376584
   -2.74884
   -2.40246
  -0.186167
    6.25627
   -3.06991
   -2.19111
    11.0065
    11.8538
    8.83778
    9.95464
     7.1064
    3.67294
  -0.552828
    10.5511
  -0.578578
     2.6242
    5.86552
    10.1654
    3.05564
   0.631346
  0.0806116
    0.68341
    0.80079
   0.738668
    0.10498
  0.0308729
    3.25247
     2.8313
    2.13232
    2.47913
    2.63973
     1.7855
    2.28834
  -0.440258
    1.20851
    1.51147
    2.51463
    2.48737
     2.8274
    2.27029
    2.73971
    3.06364
    2.74106
    2.09603
    1.44622
  -0.308774
  0.0409233
    0.53538
   0.238201
  -0.173989
   0.580176
    1.58121
    1.09936
   0.899171
   0.699667
  -0.496629
  -0.608407
   -0.49569
    0.52422
   0.209412
   0.182028
    0.38149
  -0.201915
   0.512776
   0.882709
  -0.481744
   -0.41656
  -0.307285
  0.0746655
  -0.572109
  -0.226374
 -0.0264045
    0.36044
   0.887601
  -0.162477
  -0.525783
   -0.54768
  -0.366578
  -0.299521
  -0.411289
  -0.538419
  -0.628215
  -0.594259
   -0.60526
  -0.676846
    1.08152
  -0.544171
  -0.513438
  -0.456232
  -0.503521
  -0.648959
  -0.610159
  -0.656644
  -0.507352
  -0.384253
    6.51854
    2.18199
    2.72754
   -1.62136
   -1.20024
   0.469201
    4.75639
   -2.17653
   -3.98852
   -2.95637
    1.67962
   0.388051
   0.891032
  -0.811387
   -1.36136
  0.0462181
   0.980708
    1.22856
    1.21932
   0.656688
   0.449021
   0.765956
    1.07819
   0.609386
   0.637495
   0.211437
    1.36044
    3.97963
    2.37632
     1.3532
    3.14951
    1.27434
    3.69873
    2.49201
      2.651
    1.56749
    2.21394
    1.76536
    1.05494
   0.851236
   0.291224
    1.26276
    2.78212
    2.04734
   0.245714
    0.11679
  -0.314628
   0.487833
   0.948188
    3.88454
    3.12248
    2.99469
    2.50141
    3.45193
    3.61571
    3.25891
    3.17299
  -0.621744
   -1.95617
    1.71634
   -4.57761
    3.88875
    2.87027
    4.16311
    5.04762
    3.30167
    3.06696
    2.63893
    7.13838
    2.59588
    3.42437
    3.77798
    3.18813
    2.81507
    3.59144
    2.90394
    3.42494
    3.20978
    3.10338
    2.89307
    2.45787
    2.72467
    3.57465
    3.39951
    2.91594
    2.06647
    1.66954
    2.59627
     3.5577
    2.96458
    2.06289
    2.11729
   0.524272
    4.82684
    6.82546
    3.69151
    8.58383
    5.71037
  -0.449196
   -0.46216
  -0.610016
  -0.287103
  -0.444514
  -0.550034
  -0.332043
  -0.886999
  -0.881108
  -0.806307
  -0.903221
  -0.745642
  -0.146348
-0.00403642
  -0.436742
   0.131989
  -0.459398
 -0.0926979
  -0.187353
  -0.704864
  -0.770467
  -0.868722
   -0.71971
  -0.668992
  -0.436958
  -0.727295
  -0.353013
  -0.554302
  -0.129434
  0.0652206
   0.319203
   0.211564
  -0.752949
  -0.372269
   -1.04178
  -0.960735
  -0.662095
  -0.958096
   -1.01476
  -0.662918
  -0.903697
    -2.1589
  -0.473451
  -0.625472
  -0.853852
 -0.0067039
   0.030079
  -0.312283
  -0.870288
  -0.333097
  -0.494851
  -0.229356
  -0.183662
 -0.0125552
  -0.454813
   -1.21255
    -1.2114
   -1.14917
   -2.87668
   -2.86921
   -3.06735
   -2.97655
   0.921724
    0.44892
    1.53346
    2.03744
    2.43127
     1.5155
   0.172799
   0.355482
    1.95747
    1.11174
      1.305
    1.92964
    -2.9134
   -2.92353
   -2.66981
   -2.62036
   -3.03393
    -2.7351
   -2.52838
  -0.899403
   -1.46404
   -1.43469
  -0.299309
  -0.150155
  -0.225278
  -0.100471
 -0.0845296
 -0.0354795
 -0.0577255
   -1.88184
   -1.82474
    1.44134
    2.22115
   -1.47254
    -1.7291
   -1.39608
   -1.05574
  -0.337029
   0.307253
  -0.752483
   -1.14361
  -0.321486
   -1.24607
   -1.24952
   -1.61119
   -1.67217
 -0.0154522
    1.74025
   0.111735
   0.532164
 -0.0185336
 -0.0791435
   -0.64118
  -0.556436
    2.62967
    1.49072
    1.30927
    4.36504
    5.04379
    2.65459
   0.183243
   0.710549
    2.24409
    4.34041
    4.94511
    3.32981
     1.1457
    7.41215
    9.20364
    6.66909
    6.24784
    8.49434
    17.5715
    23.2717
    11.1746
    13.4102
    14.2894
    8.74752
    9.59821
    15.8053
  -0.919491
  -0.671675
  -0.767879
  -0.799565
   -0.60613
  -0.639545
  -0.754141
  -0.971577
  -0.865106
   -1.02502
   -1.06968
  -0.916971
   -1.01868
  -0.530543
  -0.440369
  -0.491288
  -0.568173
  -0.537838
  -0.543481
  -0.566433
  -0.436609
   -0.46296
  -0.490512
  -0.492069
   -0.41338
  -0.480413
  -0.487476
  -0.701252
   -1.12087
  -0.291883
  -0.880278
   -1.11648
   -1.06321
   -0.93519
  -0.671205
  -0.877425
  -0.953042
  -0.766197
  -0.762252
   -0.71143
  -0.643519
  -0.772744
  -0.330258
  -0.585738
  -0.602746
  -0.657478
  -0.360978
  -0.583867
  -0.518061
  -0.124761
 -0.0547221
   0.102823
   0.312943
   -0.38814
    1.47888
   0.875428
   0.679502
     1.1159
   0.512112
   0.454653
    1.87974
    1.70312
  -0.145848
    2.39413
     1.2796
    1.28415
  -0.391574
  -0.123351
  -0.532776
  -0.624771
    2.34722
    2.81722
      1.453
    1.79212
    1.78238
    2.13272
    2.61637
    1.87031
    3.06052
    3.40816
   0.449039
    6.83472
   0.871471
   0.967206
    1.35812
   0.333338
   0.473142
   0.685798
    1.02636
    4.37259
    4.18753
   0.293332
    2.78211
    4.69238
    7.75614
    9.56272
    2.93685
   0.830398
    1.76182
      2.103
     3.5841
   0.788291
    1.06227
     2.5364
   0.299726
    2.78658
   0.388972
    1.10997
    1.06179
   0.360619
   0.186913
   0.447632
    4.11772
    7.46647
  -0.335774
  -0.300162
  -0.435854
  -0.139846
   0.208315
   0.672289
 -0.0631823
    1.11361
   0.555674
    2.18469
  0.0633207
 -0.0238949
    2.78686
    -1.1088
  -0.975943
   -1.24213
   -1.16651
   -1.16072
   -1.04558
   -1.07871
   -1.20051
    -1.2034
   -1.18002
   -1.18342
   -1.19837
   -1.25943
   -1.17175
   -1.16648
  -0.979241
   -1.00592
  -0.878031
   -1.10529
   -1.23213
  -0.655184
  -0.774847
    -1.1936
   -1.11758
  -0.828507
   -1.10383
   -1.12006
   -0.82118
   -1.11204
   -1.12913
   -1.09148
   -1.01179
  -0.887234
  -0.886323
   -1.08946
   -1.13474
  -0.859141
   -0.70227
  -0.763276
  -0.442794
  -0.286032
   0.350248
    2.81666
    10.9579
   0.453337
   0.376306
      0.566
   0.688506
  -0.260563
     5.2074
    5.99833
     5.7464
    9.49642
    10.2964
    8.31425
     9.8065
    1.07252
    1.05758
    1.09412
   -1.53744
  -0.289634
  -0.242107
   -5.03738
  0.0114961
  -0.126265
   0.217685
   0.145618
  -0.155933
  -0.908729
   -1.04698
   -1.12414
   -1.12689
   -1.03121
   -1.14147
   -1.12704
    17.9505
   0.189845
   0.331425
   0.138344
  -0.128849
  -0.269178
   0.155852
  -0.162269
   0.818241
    4.60078