    2.96816
    2.27754
    1.43296
   0.455709
    1.94525
     1.9378
    2.05014
    2.21481
    2.17854
    2.18374
    2.50055
     3.0441
    3.28438
     3.0102
    2.39057
    1.84706
     2.1956
    2.16264
    2.04325
    1.94315
    1.88991
    1.73298
    1.96603
     2.5071
    2.66866
    2.66532
    2.56239
    2.33446
    2.32405
    2.30195
    1.13966
    1.41572
    1.54073
    2.08241
    2.77902
    2.62074
     3.4512
     2.8053
    2.13313
    2.52281
   0.955074
    3.17561
    2.97686
    1.58824
    2.03319
    2.49353
    2.82408
    3.19489
    2.92811
    2.63167
   0.715602
   0.877292
    1.26331
    2.01295
    2.67954
    2.68477
    3.05076
     3.1271
    2.62927
    3.02829
    2.64811
   0.903423
    1.14736
    1.90204
    3.84039
    3.28922
    2.87622
    0.71235
     2.7788
    1.62718
    2.20267
    3.70993
    3.46983
    3.35544
     2.5102
       0.87
    1.88599
    1.13213
    3.54884
    3.52573
    2.53042
    2.27836
   0.849899
    1.32352
    4.33553
    5.58594
    4.16933
    2.19475
    1.28476
    3.31213
    3.48998
    4.05294
    3.70717
     3.7687
     3.0924
    1.74835
   0.933343
    1.84506
    1.74429
    1.44761
    2.78351
    2.13834
    1.29969
    1.12447
    6.35753
    7.10206
   0.961292
    0.76788
    4.05669
    4.50175
    4.11302
    3.96685
    3.65622
    3.52631
    1.05263
    1.18397
    6.70856
    2.87061
    2.25806
    2.76116
    3.64095
    4.28946
    4.08784
    3.26628
   0.804061
    1.48925
    1.30266
    4.92725
    4.70739
    1.46926
    4.21174
    4.55552
    4.10373
     3.8473
    1.35377
   0.497632
    1.66785
    1.45197
    1.54781
    1.26774
    2.94129
    7.67542
    1.21797
   0.938995
    1.27128
    3.14681
    4.50806
    4.71609
    4.26634
    2.27507
    1.40338
    0.52765
    1.71592
    1.81703
    1.83069
    2.51806
    3.97383
    5.47446
   0.579122
   0.537637
    1.10516
    2.66749
    3.62829
    4.18231
    3.96924
     2.8068
   0.455724
    1.57355
    3.54285
    2.02529
   0.719473
    3.26294
    4.16079
    4.66638
    4.23794
    3.19014
    2.40593
   0.915554
   0.518139
    1.77447
    7.57381
    6.86482
   0.423501
     2.0819
    4.27243
     4.5372
   0.849384
   0.562416
    1.81328
   0.848758
   0.587822
   0.685922
    2.75397
    3.90042
    3.47449
    3.07785
     3.0421
     1.2809
    2.17626
    2.03003
    2.01242
    2.18601
    3.36435
      4.338
   0.320138
    1.14961
    4.25564
    3.63011
    2.57734
   0.914052
   0.666334
    1.73383
    1.66116
    1.94772
     3.3495
     3.7295
    3.89317
    4.54257
    4.23526
    4.15852
    3.89288
    2.83657
    1.80872
   0.961223
   0.656917
   0.806126
    1.55822
    1.88416
    5.15473
    7.16997
    8.21716
    6.76157
    1.26147
   0.696309
    3.57191
    4.23676
    4.52991
    4.40215
    1.51064
    2.40139
    5.23856
    2.64292
    1.55163
    2.45829
    4.36465
    3.91742
    4.65688
     3.2634
    1.54759
   0.790032
    1.47326
    1.98006
    2.15756
     6.4238
    3.40229
    1.96529
   0.365631
    2.43211
    3.16547
    4.01723
    3.75976
    3.45609
    1.23818
    0.86056
    1.24796
    2.08326
    2.03352
    3.56793
    7.83228
    4.38579
    2.31156
   0.790706
    3.60385
     4.1049
    4.06955
    3.69049
    3.70171
    3.72224
    3.39341
    2.09141
    1.75491
    1.01922
     1.1946
    6.38113
    7.28844
    6.76212
    3.05054
    1.29511
    0.90181
    3.90457
    3.20973
    3.64411
    3.99795
    4.38653
    4.15119
    2.73628
    1.08652
    1.17649
   0.832155
   0.954283
    1.11591
    1.59826
    4.60045
    4.24694
    1.39105
    1.23874
    3.17615
    3.83808
    3.58437
    1.84862
    1.31547
    0.97142
    1.87745
    2.04459
    1.89666
    2.86088
    2.75624
    4.49622
    6.36077
    2.01138
    1.29393
    2.61138
    3.39798
    3.55169
    3.21459
    4.15128
    3.90627
    3.64661
    3.50657
    2.37877
   0.807154
    1.00753
    6.14852
    7.07197
    2.19529
    3.67071
    4.08728
    3.94499
    3.47476
    3.13734
    1.39978
     1.3768
   0.793786
    1.90877
    3.84274
    3.54021
    3.03075
    2.67214
    3.43304
    3.44982
    1.95678
    1.77762
    2.99112
    1.90896
    3.92466
    3.17596
    4.02797
    3.10201
    3.55345
   0.671844
   0.735342
    1.07052
     1.7395
    2.98059
    2.66955
    2.77935
    1.96184
    2.91942
    2.32968
    4.03513
    3.70065
    3.02988
    3.34694
    1.97467
    1.43429
    0.67987
    1.26634
    2.50282
    3.60335
    3.12475
    2.71604
    2.81161
    3.79295
    3.11676
    3.86938
    3.90523
    3.91417
   0.822353
    1.46254
    1.91587
    6.31213
    6.86242
    5.00814
    4.59216
    5.08467
     2.4432
    3.28049
    3.88927
    3.89014
    1.41222
   0.948048
    1.29989
    1.54585
    1.61173
    3.61953
    3.78743
    3.66952
    2.79142
    4.08926
    3.86942
     3.4051
   0.821641
       1.11
    1.44121
    1.68671
    1.46371
    2.67718
    6.54171
    3.62686
    3.45377
    5.63639
    3.95559
    1.82338
     3.9737
    3.31933
    2.84026
    2.32575
    3.31339
    4.24113
    3.43453
    1.36414
   0.973906
   0.710552
    2.60418
    2.89149
    4.59329
    2.82634
    2.39331
    1.41101
    6.60442
    3.06779
    2.00819
    3.82347
    1.44936
    1.63824
    1.63261
    1.56771
    5.99221
    4.73562
    2.96647
    2.39002
    2.05459
    1.44447
    3.81835
    2.02747
    3.62328
    2.36467
    1.85217
    1.59267
    7.08309
    2.27345
    4.43442
    5.40163
    5.43093
    1.08959
    1.69808
    2.38678
     1.8656
    1.50477
   0.834303
    1.29893
    1.59425
    1.40648
    1.71383
    7.56309
    2.94772
    2.58734
    1.26191
     3.7854
     2.5241
    3.38013
    3.78714
    1.65149
    1.77798
    1.83935
    4.36373
    1.49818
    2.85049
    3.55086
    5.36705
    5.54898
    5.37274
    3.41153
    3.49293
    2.51018
    1.12686
    2.85961
    1.27003
    1.69325
    1.82786
    1.78027
    1.65791
    3.57904
    1.92539
    4.00612
    3.56543
     2.9649
    1.01819
    3.33639
     3.1154
    3.18842
   0.844679
    7.56482
    5.30671
    1.76377
   0.957904
    2.56053
    3.12751
     2.0187
    2.24719
    1.74926
    1.93609
    2.23144
    1.91606
     1.8141
    3.20176
    4.78643
    2.14292
  -0.258555
    3.07066
    2.17258
    2.02006
    1.99799
    2.15801
      2.879
    4.48992
    2.97941
    1.63935
    1.17046
    2.04308
    2.63999
    2.51449
     1.0456
    1.99513
    2.13266
    2.29419
     7.9213
    2.02116
    5.09269
    3.67521
   0.129683
    3.60298
    3.19388
    2.72301
    2.84598
    1.65492
    2.17352
    2.23331
    2.13714
    6.34564
    0.93997
    4.21317
    2.48682
    2.53695
   0.374643
    2.94245
     2.6045
    1.23183
    2.16368
    1.02596
   0.840471
    4.70498
 -0.0788446
     3.4122
    2.01865
    2.14116
    2.43039
    2.14821
    2.26285
    7.20207
    6.83095
    3.71048
   0.442644
    3.64344
    1.12957
    1.78556
    2.44058
    2.71823
    1.98836
    2.67644
     2.9895
     2.2228
    2.42362
    3.24299
   0.313369
   0.447265
    3.37275
    2.40995
   0.935566
    2.01121
       1.36
    2.08967
    2.64457
    6.20646
    4.43282
   0.150735
  -0.510157
    3.46918
    2.75145
    1.46238
    2.55954
    3.63246
    2.33516
   -1.41165
  -0.974956
     2.9686
    2.33243
    2.36188
    2.52787
    6.33981
    2.45261
  -0.252427
   0.140286
     1.3252
    2.78207
    3.05651
    3.03952
    1.89867
    1.94394
    2.01943
    2.53301
     7.5988
    0.49149
    3.44522
    1.70016
   0.886447
    3.06639
    2.82582
   -1.97784
   0.533796
    2.63474
    4.79082
    2.21693
  -0.167451
    2.52203
    2.49066
    2.44103
    1.98191
    1.93386
    2.26594
    1.11134
   0.765161
   0.356203
 -0.0924625
    3.27932
    1.30092
   -2.27189
    1.74522
     2.5846
    2.99829
    1.57566
     2.1715
    2.11223
    3.51481
   -0.50846
  -0.505405
    1.88691
    2.88869
    2.91432
    1.98878
    1.63227
    1.46987
    2.09083
    2.21015
    2.58049
    4.92838
    0.18062
   -1.35452
    1.83783
   0.643866
   0.277887
    3.45956
    1.47841
    2.98974
  -0.946838
   -1.21474
    2.55798
    2.07455
    1.56577
    1.72481
    2.56934
    4.37533
   0.974058
   -0.59076
     1.2673
    2.13197
    3.87297
   -2.85007
    1.61015
    2.75747
    1.97644
    2.07844
  -0.373236
    3.07331
    1.11184
    2.35123
    2.92827
    1.77406
   -3.05663
   0.520865
    1.39158
    2.96584
    3.15806
     3.0835
    1.28142
    3.50353
    6.05848
    -1.1007
    2.32652
    3.85006
   -2.72161
   -1.08616
    1.34259
    1.81488
    1.66016
    2.26272
     2.5824
    4.88126
    6.24415
    6.96516
   -2.51979
    3.32457
-0.00199708
    3.51063
  0.0626723
   -3.05654
   -1.18919
    0.19775
    1.19318
    1.87401
   -1.82325
   -2.80829
   -1.54566
   -0.74339
  -0.696598
    1.66975
    3.09359
   0.473516
  -0.115911
    2.24409
   -3.17189
    2.59872
    3.26724
    2.39702
    1.39748
     1.7158
    1.63313
     1.8771
    3.66758
    5.27246
   -1.78979
   -3.82174
  -0.428951
 -0.0548595
   0.994197
    2.59016
    3.15823
    2.29828
    4.14019
    3.74348
  -0.822576
     3.0084
    3.28369
   0.929876
    1.20614
   0.976661
    1.44272
    6.14744
    6.49843
    3.19666
   -1.34797
   -1.23167
   0.655006
    2.40127
   -1.03096
      4.085
   0.196422
    1.67919
    1.84568
    2.70282
    3.52597
    3.95027
    3.72843
     3.4261
    3.26239
   0.713845
    1.16997
    1.57464
   -3.43317
  -0.904498
    2.02532
   -2.91493
   -2.28696
   0.935808
    3.22237
     2.5603
    0.97677
    1.20366
    1.40206
     1.3819
    2.64171
     5.0189
   0.537783
   -3.89441
   -3.07615
    -1.3866
  -0.992627
    1.37579
    3.90578
    1.09645
   -1.55785
  -0.618641
  -0.314884
    4.63259
    3.66263
  -0.554728
    4.15884
   0.892566
     1.2031
    1.15954
    1.84446
    2.07236
    5.75678
    5.94018
    4.58684
    2.39499
   0.847386
    4.37653
    7.19851
    5.59407
    1.25361
   -1.54146
  -0.733275
    4.34509
   0.877703
    6.05047
   -2.17193
   -1.41745
  -0.146276
    1.55414
    8.18891
    9.29847
     3.6843
    1.27241
    4.06659
    1.21128
   0.906213
    3.56718
    3.88252
    1.25908
   0.100006
   -3.65956
   -5.19432
   -5.39893
   -2.41839
   -1.83764
    1.37564
    3.18554
    8.75546
    7.24619
    2.79984
  -0.309804
  -0.166989
    3.51828
  -0.287219
    2.88933
     3.3538
    4.69697
    1.05942
    2.05635
    5.99148
    3.99077
   -4.43038
    1.38765
    1.98711
    11.3698
    7.06573
    4.11207
   0.808061
   -1.14525
   -1.33261
     1.7904
  -0.231528
      1.099
 -0.0585064
    2.66907
    2.83433
   0.888751
    1.12168
    2.54131
    3.21891
    4.45721
   -3.50524
   0.185763
    1.40757
    4.46291
    12.3213
    1.81186
    1.01334
    2.93666
    1.78145
    1.07508
    1.11541
    1.28132
    1.56591
    5.39553
  -0.585439
   -3.51444
   -2.57379
   0.978919
     1.3513
    1.46158
    2.46576
     4.2167
    2.46608
    2.10267
    4.19458
    2.87298
   0.983398
    1.28955
    4.87325
    1.97948
   -2.65762
   -5.01544
    1.22075
    8.97923
    12.5252
    11.4835
    4.29012
    1.17797
    1.92644
    4.72808
    5.38876
    1.46734
    1.23217
    1.35313
    1.79294
    2.70502
    5.54625
    2.01868
  -0.599724
   -4.77533
   -5.82277
    1.28415
    2.71265
    6.82266
    9.26159
     13.553
    9.66201
    4.81935
  -0.169201
    4.30026
    2.59136
    1.95701
    3.53464
    3.19962
    1.17049
    1.23572
    1.44205
   -1.07562
    1.36252
    1.48956
    2.44546
    3.77593
    7.69923
   0.774873
    2.49154
    4.61178
    2.92622
     2.4352
    5.60872
    3.12321
    1.21537
    1.28907
    1.35309
    2.11508
    -5.4221
    1.20147
    5.29185
    14.6839
    14.9965
    11.6705
    5.36117
   0.697404
    3.56868
     4.2192
    3.81144
    1.41185
    1.29546
    1.38992
    1.24517
    3.71767
    3.62537
    4.51747
   -2.64612
   0.998936
     1.6571
     4.2166
    10.0661
    9.31969
    5.61729
    4.19617
    2.52573
    3.80605
    3.69488
    2.80598
    4.10429
    1.58017
    1.58195
    4.22066
    5.78913
    1.07107
   -3.27169
    3.64812
    3.80952
    16.0528
    5.36811
    5.42677
    5.63655
    1.44477
    1.84132
    2.12152
   -4.79709
   -6.45751
   -2.15944
    2.26991
    6.63275
    7.15228
    13.2517
    3.00331
    3.98734
    2.37449
    5.80066
    6.66798
    5.02915
    2.46408
    5.13167
    5.00462
    5.36115
    1.73564
    1.61673
    1.44609
    1.52271
     1.5554
    2.77644
     4.6957
    5.74033
    3.96232
   -5.76367
   -4.66852
  0.0189913
    2.82638
    8.40547
     11.074
    10.5733
    3.32399
    6.91937
    4.33466
     3.4705
    4.63136
    4.93884
    1.79179
    1.62402
     1.5044
    1.93847
   -5.37057
   -6.86691
   -3.76859
   -2.34583
    4.74994
    5.73006
    5.72804
    9.68179
    15.1981
    17.3457
    17.7545
    12.8532
    6.33666
    4.12869
    4.00579
    3.79159
    4.12859
    1.98674
    6.21411
   -6.46389
   -5.23977
    1.17684
    1.59872
    4.43797
    9.21275
    10.5795
    16.2486
    16.1293
    4.74229
    5.75744
    3.28376
    5.73062
    3.25406
    2.79471
    1.77614
    1.69606
     1.5796
    1.68617
    2.29713
    3.68502
    6.62752
    7.64288
    8.09298
    13.2254
    16.9946
    17.6582
     5.5488
    5.28055
    4.58907
    2.00886
    2.41544
    1.55344
   -1.08929
   -3.22582
    4.31078
    7.76053
    16.7029
    18.1337
    14.7766
    9.80151
    6.46682
    6.93863
    5.29382
    6.44588
    7.03683
    5.93378
    3.12862
    4.94752
    5.76263
    4.03983
    2.03505
    1.60758
    2.13596
    1.59262
    5.79488
     5.8468
    2.64434
  -0.886286
    2.33049
   0.717415
     3.7461
    9.55088
    9.51024
    8.72662
    5.90926
    5.82866
    2.97598
    4.08001
    4.46656
    5.45651
     4.3456
    2.28686
    7.53164
    8.15068
     5.9102
    7.71806
    8.27333
    17.2708
    13.6566
    3.87763
    3.92909
    4.82791
    2.13612
    2.07898
    1.93645
    2.14926
    2.11609
    1.71373
    1.75435
    2.88085
    12.3134
    12.2104
    15.1777
    14.7433
    15.7029
    10.2406
    6.51916
    7.22838
     5.9277
    1.81526
    2.30599
    1.88927
    1.76528
    1.64148
    1.64396
    2.53398
    6.71687
    7.38998
    15.6489
    5.42868
    3.08456
    5.21613
    4.07875
    1.71103
    3.57179
    4.89525
    10.3681
    13.8569
    14.3061
    14.7253
    13.6095
    14.8823
    16.2621
    13.2879
    11.4445
    8.08787
    3.94641
    5.94564
    4.49439
    2.64637
    4.04985
    2.18909
    2.10946
    1.60134
    9.96461
     9.6882
     9.4505
    15.6057
    13.0051
    12.4686
     16.003
    6.28141
    2.82518
     3.4104
    5.71774
    2.16211
    2.23155
    1.72991
    1.55373
    6.74259
    11.1303
    10.6415
    4.97061
    4.52238
    5.37269
    5.87869
    3.85396
    2.17992
     1.9978
    2.18003
    2.20188
    1.89001
    2.28868
    2.10048
    2.43172
    14.4128
    15.2835
    12.4202
    13.7172
     16.706
    6.31616
    3.61685
    5.85142
    4.97473
    4.57951
    1.91167
    1.44072
    4.58784
    11.6891
    13.8933
    14.2948
    15.2431
    12.7618
    15.1199
    13.8313
    16.5884
    8.10575
    9.91941
    4.98389
     2.0619
      2.088
    1.42688
     1.3784
    14.6331
    16.6549
    10.5529
    6.24498
    4.46123
    3.00619
    5.26843
    3.05242
    3.81336
    5.24135
    2.10054
    1.94283
    1.29313
    2.20772
    3.61232
    4.58518
    17.2582
    13.3675
    8.51979
    15.4381
     13.307
    3.68782
    6.00992
    4.12079
    1.74785
    1.84518
    1.76338
    1.29731
    1.08098
    1.74642
    8.65779
    17.1701
    10.5704
    8.11198
    10.8799
    12.6582
    14.6175
    8.16275
    7.58444
     2.3169
    2.23357
    4.97551
    5.31727
    1.95196
    1.95077
    2.00577
    1.57765
    1.99058
    2.04087
    2.41669
    9.59872
    15.2899
    9.06147
    4.12616
    3.75071
    1.70574
    1.70255
    3.08381
    11.7226
    8.87682
    14.6842
    6.26237
     5.3289
    2.37468
    3.68634
    5.80038
    5.59468
    1.74649
    1.55983
    1.16845
    1.06421
    5.93763
    7.02138
    12.8003
    11.5502
    6.71383
    13.1895
    10.1015
    5.84708
    6.71128
    3.56405
    2.73877
    5.89281
    1.92837
    8.51787
    11.7347
    6.84803
    7.73366
    9.52753
    4.62901
    1.96228
    5.25278
    1.73844
    1.74059
    1.31599
    1.71466
    2.24588
    5.23757
    6.77472
    10.0461
    12.7745
    10.5486
    11.7179
    5.56087
    12.7985
    7.40065
    5.04835
    3.52899
    6.35809
    5.99081
    4.80463
    1.77238
    1.34721
    2.96183
    7.60295
    9.75343
    5.78979
    9.98884
    9.98628
    5.72713
    5.54973
    4.35647
    4.04693
    5.15906
    1.74772
    1.80779
    1.36686
   0.996537
    2.49187
    2.68331
    4.29097
    8.10403
    5.46945
    7.18262
    8.32614
    7.58414
    4.27433
    6.05261
    5.34075
    3.81376
    3.38853
    2.18137
    2.25196
    6.22964
    1.11697
    3.48791
    7.14305
    5.74223
    5.92839
    3.00502
    4.64065
    5.27149
    3.49075
    3.17113
    3.14172
    3.43169
     1.5833
    1.63223
    1.53097
    1.23073
   0.950241
    1.31882
    1.91443
    3.46033
    4.21472
    6.04889
     4.9079
    3.55589
    11.3742
    4.18417
    4.69209
     6.0075
    1.85973
    6.53054
     1.3662
      1.679
    2.11415
    4.55528
    4.26643
    5.19665
    7.82174
    3.90353
    3.96197
    3.21793
    3.39783
    3.43881
    4.47532
    1.53525
    1.59978
    2.81308
     3.0653
    3.95354
    3.08441
    4.11999
     4.8801
     2.9169
    1.68684
    3.08702
    4.94433
    1.53966
    1.59881
    1.38663
    2.53719
    3.52772
    3.41531
    3.20998
    10.4357
    2.57512
    3.09618
    2.74731
    2.71927
    2.18194
    2.67126
    6.58135
    5.99039
      1.134
    1.01337
    1.18937
    3.29067
    2.80699
     2.2386
    2.78688
    3.62903
     5.0271
    5.45245
    4.89976
    2.18405
    1.97083
    6.04146
     5.4379
    1.38585
    1.07795
    1.50151
    3.81734
    3.08528
    2.45716
    4.56941
    4.87554
    10.3351
    1.31971
    2.13485
    4.02928
    6.03194
    5.20671
    1.69869
    1.40333
    3.40026
    3.30152
     1.9804
    3.18686
    2.78074
    6.87095
    7.09878
    7.12486
    2.36609
    1.52656
     3.2679
    5.21207
    6.51091
    1.59535
    1.39992
     1.2352
    2.55875
    3.23155
    2.83269
    1.07005
    3.48295
    2.48196
    1.37407
    1.46324
    4.93522
    2.44063
    4.34943
    3.83404
    2.05982
    3.56592
    4.29848
    3.01481
    2.26382
    3.09571
     4.3465
    1.32863
    1.35919
    1.58218
    3.51709
    2.44362
     1.8791
    1.59191
    1.93516
     1.4683
    4.84927
    1.53553
    4.49949
    4.67658
    2.07621
    2.84405
    5.35068
    1.51767
    1.34601
    4.11945
    2.62641
    1.80183
    1.02018
    8.55162
    2.11591
    2.99015
    2.28306
    2.89057
    6.15602
    5.67008
    1.48278
    1.39014
    1.34846
    1.30744
   0.871655
    1.46489
    5.28225
    5.07024
    1.80672
    4.41689
    1.57406
    1.28244
    1.33476
    1.34286
    1.50403
     1.9331
    2.85936
    4.65763
  -0.384682
  0.0814463
   0.609532
     7.7389
     1.7506
    5.35663
    5.99559
    1.64917
      1.591
    1.34157
    1.31318
    1.51288
   -1.12259
   -2.68446
   -1.32178
  -0.140914
   0.769986
   0.879333
    2.56356
   0.368088
   0.588615
    1.62602
    3.43942
    1.99549
     2.9933
    2.07722
    1.73638
    1.87006
    1.42896
    1.81198
    1.74604
    4.66546
    4.16357
    3.81229
   -1.89773
   0.982458
    1.12085
    1.59193
    3.49283
    5.50386
    1.46724
    3.87762
     1.9268
    2.52019
    3.35956
    6.19403
    6.00576
    1.51336
     1.3495
    4.08458
  -0.174571
  -0.356308
   0.463135
    4.20352
    2.53411
    5.61903
    1.34606
    1.37996
    2.68253
    3.86989
    3.15502
  0.0627517
   -2.13057
    1.32222
    1.41962
    1.91234
    8.70771
   0.341641
    2.84256
    4.51452
    1.63392
    6.06668
    5.32758
    1.29834
    1.40966
   -2.08734
   -3.03239
     1.1693
    3.36878
    3.34744
    1.58969
    1.60679
    1.67253
    1.80247
   0.168104
   -2.13412
   -4.06477
   -3.31863
  -0.881651
    1.30317
    1.39116
    3.02466
    6.20476
    4.27684
    1.43096
    1.28715
    2.97925
    2.21827
    4.11924
     5.7428
    1.35591
    1.52341
    1.45904
    1.29767
    1.50016
    4.71269
   -1.69706
   -4.15558
   0.581437
      1.174
    1.55222
    1.02483
  -0.140887
    3.57901
    1.10126
    3.17241
    3.47166
    1.32697
    4.31922
    5.10783
    1.34906
    1.40354
    1.31238
    1.42191
    2.14266
    3.20679
    4.68013
    2.18036
   -4.94261
 -0.0798405
   -1.06143
   -1.18975
  -0.510116
  0.0726719
    2.85929
    1.41071
    5.27721
    1.27259
    1.28918
     1.4238
    1.62654
    1.63542
    3.59982
    0.57738
   -1.05986
   -2.00986
    1.80207
    5.63367
    3.57865
    5.51293
    1.06436
    1.25807
    1.36247
     1.3569
    1.74093
     3.6418
   -3.88611
    -5.6005
   -4.45519
   0.562819
    1.60647
    1.50655
  -0.998523
  -0.927774
    1.20253
    2.50431
    1.48697
    2.72021
    5.70846
    5.29757
   -3.28727
   -5.45234
   -1.14293
     1.4131
    2.46305
     3.3842
     6.7518
     2.7994
    3.29758
   0.376068
    4.78261
    1.08212
    1.23221
    1.17365
    1.37307
    1.58273
    5.05565
    1.49264
    -5.0775
   -3.16134
    1.47556
     2.4131
    2.67653
    3.53542
   0.844958
   -1.67388
   0.250747
    3.55566
    1.33575
    2.00232
    4.08718
    4.58078
    3.96371
    5.33037
   0.185564
   -4.67197
   0.597967
    1.91124
    3.75984
    2.55272
    1.42198
    4.71339
    0.96003
    1.24686
    1.46173
    5.32543
    4.59348
   -5.50871
  -0.320785
   -1.41496
    2.12526
     3.2611
    1.27602
    1.28108
    3.72607
    3.07093
   -4.53772
   -3.62294
   -1.28771
    2.34563
    2.55973
   -1.84396
    2.06823
    1.04915
    2.63089
    4.74638
    4.78936
    1.27203
    1.21063
    1.50082
    2.05674
    3.15959
    4.38209
    -1.9535
   0.553515
    2.09486
    1.65994
    1.16653
     1.2715
    1.19147
    4.28323
   0.680609
    1.24706
    5.01079
    1.85702
    -1.7193
   -2.34983
   -3.10427
   -3.55557
    -2.2126
     1.8969
   -1.02947
    3.17208
  -0.476652
   0.480784
   0.857225
    1.40445
    1.31986
    2.55723
    5.17124
     5.3573
   0.708342
   -1.78975
   -1.23332
   0.428794
    1.42463
    2.63942
   0.455707
  -0.125805
     3.5111
     2.9631
    4.56836
    1.20909
    1.24338
    1.24008
    1.44169
    1.59588
    3.97948
   -4.00447
    -4.1722
  -0.968671
    2.09112
    3.11455
    1.83443
   -1.22564
    1.43018
    4.00681
    4.58782
    4.10052
   0.707066
    1.12523
    1.15544
    4.53923
     2.7179
   -2.32642
   -3.19107
   -1.46334
    3.86457
    3.45555
    2.41931
  -0.896965
    1.59515
    2.56344
      3.437
   0.562208
   0.828547
    1.18233
    1.23862
    1.32937
    1.26155
    1.25799
    1.25738
    1.15075
  -0.308638
    2.47141
    3.03534
  -0.151192
    3.04806
    4.15586
   0.568601
    1.20918
   -1.16867
  -0.293972
     2.8074
     1.5449
  -0.532874
   0.284024
    3.81533
      1.203
    1.26073
    1.27289
   -1.15729
   -2.16178
   -2.23597
    3.43597
  -0.292468
   -2.20939
   0.521348
   0.648339
    2.03101
     3.3501
    3.49112
    3.74823
   0.611317
   0.676657
    3.05377
    5.42695
  -0.818743
    -1.6608
  -0.815048
    2.34071
     1.1833
    1.47662
    1.28949
    1.24378
    1.24917
    1.21866
    1.17022
    1.88018
    4.61649
    2.85303
   -2.54028
  -0.452921
    1.44839
    1.44604
   -1.30343
  -0.974646
    2.92827
    3.22459
    3.08278
    1.17941
    1.42909
    1.22232
    1.19404
    5.55552
    1.80522
   -1.57739
  -0.800318
  -0.284591
   0.423769
    2.91478
    3.38124
    2.62228
    2.60688
    2.97313
    -1.5326
 -0.0527427
   0.413053
    2.49335
    3.16062
     3.4292
   0.910294
    1.15726
    1.15461
    1.19595
    1.09886
    4.17905
    1.40569
    2.88881
   0.813062
   0.250127
  -0.317184
     1.3423
    2.01137
    2.75202
    2.59849
    1.15506
    1.16301
   0.334414
   -0.63521
   0.485985
   0.436103
   0.113296
    1.00564
   0.759671
    1.41861
    1.32378
    1.18611
    4.09915
    5.44728
    5.66726
    -1.0149
   -1.18499
     0.1165
    2.22903
     3.5626
    1.39364
    2.69861
    2.87314
     2.4096
    1.39607
     1.2749
    1.23602
    5.71862
   -1.09649
   0.316452
    1.49454
    2.91388
  -0.350864
    1.28316
    1.19512
   0.190537
   -1.93562
    1.88348
    3.24337
    3.10936
   0.926577
     1.1951
     1.9205
    4.81521
    4.52338
    1.70782
  -0.172611
    3.55669
   0.163178
    2.40787
   -2.43268
    2.40831
    1.62409
    1.20232
    3.38559
   0.933095
   0.845408
  -0.365829
    2.64819
    1.36122
    1.98788
   -2.68406
   -1.59542
    2.24873
    2.92375
    1.56422
    1.16503
   0.521407
  0.0241989
    1.48832
    2.25961
    3.58283
    3.42446
    1.05924
    1.54319
    2.44449
  -0.612618
   0.601663
   0.905644
     1.9246
    2.54068
    2.40836
    1.34316
    1.05926
    1.41048
   0.876001
  -0.149994
     3.0073
    2.12982
    2.60876
    2.94695
     1.2642
    1.22182
    1.24446
    2.06265
    4.43533
    2.05589
 -0.0384525
   0.558846
   0.292025
    1.81426
    2.26202
   -1.28009
   -1.54112
    2.21706
    2.37962
     2.6529
      2.373
    1.67545
    1.58423
     1.3013
    1.29506
    5.71086
   0.239667
  -0.265648
    1.12474
    3.31693
    4.03349
    4.87126
    3.45948
    2.17162
    1.64733
   0.857069
  -0.342881
  -0.140935
   0.414111
    1.61567
    1.96847
    2.72054
    1.61222
    1.25085
      1.196
    3.55504
    5.22629
    3.55105
    1.57915
    2.33893
    2.50158
     2.1046
    1.10991
   0.435507
    1.21782
    1.74057
    1.65953
    1.37337
    1.30338
    1.94146
    2.83453
    3.20561
     2.0333
    1.37585
    1.35742
    1.28096
    1.18956
    1.42181
    5.44755
    6.14075
     3.2985
  0.0772305
    2.80572
     2.0136
    1.29946
   0.555446
    1.21579
    2.22146
    2.48164
    2.41934
    1.44171
    1.16262
   0.859039
    2.04807
    1.15004
    2.55885
    2.24054
    1.84241
   0.641457
    2.31339
    1.91655
    1.77128
    1.52936
    2.76837
    1.92917
    2.06972
      2.182
    2.19715
    1.99974
    1.21655
    1.18694
    1.22471
    1.62362
    2.47155
   0.914071
    1.17127
     3.0894
   0.545508
   0.616079
    1.79018
   0.897934
    1.33218
    1.71095
     2.1506
    2.09824
    1.38347
    1.35385
    4.39222
    6.00307
    2.80187
   0.568102
     3.0231
    2.09705
   0.670596
    1.54853
    1.61063
    1.56998
    1.08649
    1.08074
    1.10646
    1.18228
    2.89086
     5.8937
    3.27004
    4.09994
    2.39194
    3.06735
    2.98978
    2.04626
     1.4596
    1.02139
   0.804903
    1.57551
    1.85854
     1.7728
    1.70183
    1.75353
    1.97261
    1.33774
    1.46362
    1.15224
    1.78385
    1.75679
    2.31939
    1.37691
    1.23156
    2.86366
     2.2257
    1.34618
    1.45635
    1.01108
    1.04753
    1.18219
    1.10056
    1.09268
    1.05977
    2.10144
    2.67058
    3.19672
    2.11873
    1.83978
    1.32315
    1.12086
    2.01915
    1.79652
    1.05227
    6.01877
    1.99322
    4.03952
    1.74927
     2.2911
    1.20429
    1.07628
   0.947956
    1.03897
    1.23594
    2.11124
    3.74359
    2.77302
    3.36492
    4.38828
    3.74387
    2.79868
   0.945629
    2.30753
    1.53185
    1.83318
    2.04195
    1.98734
   0.867358
    1.08742
    2.97976
    5.34415
    4.80135
    3.29142
    1.33114
    2.86086
    3.28825
    2.26024
    1.59902
    1.87262
    1.94393
   0.992387
   0.837752
     1.6344
   0.916898
    1.34314
    2.51395
    2.45896
    1.83309
    1.62852
   0.427912
   0.820122
    1.04979
     1.0898
    5.53684
    5.82725
    2.81926
     3.9669
    1.80592
    1.93631
    2.96091
    2.59041
    2.22464
    2.10605
    1.82706
    1.29664
    1.89952
   0.703827
   0.748818
   0.682497
   0.736159
   0.874268
   0.955138
    2.80302
    2.31924
    3.22565
    1.76236
    2.20156
      1.774
   0.910284
   0.728401
   0.926235
   0.921758
    2.34751
    3.25386
    3.78005
    3.88614
     1.9675
    2.23586
    2.17536
    1.80492
   0.566208
    4.13402
    5.31341
    4.15939
    3.32207
    1.70792
    1.53704
    2.07127
   0.297269
    0.53567
     5.9218
    5.44211
    3.19855
    2.81929
    2.45017
    3.59025
     2.0007
    2.91089
    3.04772
    1.66666
    1.45712
    2.23873
    2.39471
     1.8957
    1.68237
    1.52685
     1.6767
     1.4198
   0.412974
   0.510837
   0.537924
   0.624678
     1.1847
    4.26718
    2.56247
    2.71223
    2.23027
    2.05285
     2.5484
    2.21326
    2.30442
    1.15816
   0.347065
   0.666869
   0.830991
    2.83407
    5.18674
    2.19808
    2.30589
    2.71707
    2.75074
    1.99228
    1.58768
    1.80338
    1.81299
   0.852095
    5.75341
    4.25472
    2.17715
    2.99961
    2.57547
    2.10004
    2.28927
    1.35227
   0.178462
   0.300782
   0.294744
    3.39919
    1.37864
    1.77935
    2.57096
    2.24369
     2.2787
    2.84584
    2.42814
    1.85454
    2.26325
    2.23008
   0.361102
   0.297529
   0.641016
    4.31916
    2.36412
    2.00582
     2.1193
    1.77218
    1.80247
     2.0432
    1.38024
    1.23454
   0.295221
   0.392883
   0.609952
   0.699189
   0.801127
   0.940934
    2.69863
    5.28164
    1.93451
    2.71007
    2.11248
    2.17807
    2.70732
    1.89407
    1.74558
    2.10958
    2.01934
    2.13674
     1.6163
    3.13964
     2.4052
    1.65024
     1.7055
    1.99183
     1.7857
   0.322433
   0.240177
   0.836182
    0.96802
    1.00543
   0.886517
      0.829
    1.39362
    4.63459
    4.08378
    2.11544
    2.30577
    2.13914
    1.75656
   0.595959
   0.742491
   0.954194
   0.540659
   0.981517
    2.12948
    2.01905
    2.26639
    2.44029
    2.38458
    1.94351
    2.11747
    1.92047
   0.547938
    1.00633
    4.46069
     5.4141
    1.92018
  -0.230876
    2.45431
    2.31384
    2.54494
    1.93854
    2.11685
     2.0311
     2.0136
    1.36383
   0.412091
   0.765352
   0.832252
    1.01586
   0.961693
    1.00225
    5.54132
    1.73276
    2.12127
    2.60474
     2.4497
    2.26663
    2.02179
    1.97201
    1.52481
   0.989512
      1.213
    1.06147
     1.1898
    2.50769
    1.85792
    1.79655
   0.247771
     1.0657
    1.20353
     1.1828
    1.25798
   0.687381
 0.00368024
   0.746959
    2.36668
    2.61324
    2.13106
    2.19488
    1.97364
    1.77534
    2.42963
    2.18017
    2.41064
    2.42735
    2.45631
    2.24559
     1.8795
    1.53955
   0.834122
    1.38158
    1.38949
     1.1104
    5.43017
    1.29337
    1.01155
    1.47202
    1.68601
    2.26568
    2.58964
    2.53078
    2.73123
    2.22169
    2.09542
    1.33724
   0.587852
    1.04526
    1.02083
    1.29388
    1.72982
   0.808305
    2.70756
    1.36319
   0.636523
    1.29229
    1.27583
    1.14086
    5.16365
      1.611
    2.55107
    2.28016
    2.21538
    1.89603
    1.65534
    1.43584
   0.997071
   0.884654
    2.83148
     3.5608
    0.31826
    2.54774
     2.5073
    1.46529
   0.890869
    0.93578
    1.16338
     1.3613
    1.38935
    1.16775
    4.48626
    5.36384
    5.34553
    1.43529
    0.59329
   0.517965
    2.43088
    2.57342
    2.54681
    2.63526
    2.27379
    1.36163
    1.21795
    1.13538
    1.09575
   0.303322
   0.946171
    1.27903
    2.34564
    2.19413
    1.11023
    1.28371
    1.27987
     1.2002
   0.992867
    1.05073
    1.39681
   0.556333
   0.197962
   0.194746
     2.0597
    1.26691
    1.75487
    4.87705
    4.75065
     3.0113
    2.56622
    2.56798
    2.35988
    2.23068
    1.93487
    1.69717
    1.27649
    1.19155
    1.07085
    1.27387
    1.16436
    1.09985
    5.16685
   0.228524
    1.37181
    1.62449
    2.57215
    2.35447
    2.08604
    1.60234
    1.44459
   0.951227
    2.39853
    2.57705
    2.45818
     2.1757
    1.11789
    1.20812
    1.16817
   0.971754
   0.821095
    4.55014
    4.73858
    3.84116
     2.5222
   0.466064
   0.565665
    2.28829
    2.52864
    2.57586
    2.14642
    1.73472
    1.36613
    1.33878
    1.25187
    1.21409
    1.13058
    1.01152
     1.2282
    1.08902
     1.6087
    4.92509
   0.069102
-0.00598241
    0.28041
    1.52721
    2.60038
      2.458
    1.96331
     1.4404
    1.17948
    1.26507
   0.964554
    3.10185
    1.05122
  0.0958559
    1.34775
    2.02171
    2.61334
    2.21492
     1.9008
    1.26509
     1.2125
    1.05883
    1.13022
    3.95578
    3.11862
    2.50856
     2.5352
    2.68019
    2.46374
    2.06148
    1.94613
    1.65045
    1.28953
    1.22228
   0.947153
   0.860402
   0.999208
    3.58895
   0.380054
    1.06537
     2.3474
    2.68781
    2.54829
    2.57187
    2.00821
     1.2527
    1.20611
    1.22952
   0.745555
   0.885711
   0.408877
     2.3568
    2.67192
    2.10513
    1.72726
      1.157
   0.850937
   0.786602
    4.37219
    4.33125
   0.482892
   0.713596
    2.49657
    2.27502
    1.85777
    1.67662
    1.12178
    1.07244
   0.503955
   0.786277
   0.777576
     3.8474
    3.91166
    1.95047
   0.915634
    0.27721
     1.4525
    1.68123
    1.06854
   0.934487
     1.0333
   0.456099
   0.478165
    1.85405
    2.43689
    2.55812
    2.46516
    2.43328
    1.02389
      1.154
    1.11825
    1.06733
     1.2973
    2.66572
     0.9016
   0.499104
   0.784689
    1.10303
    1.69428
    2.58819
    2.52964
    2.46984
    2.07971
    1.04198
    1.05522
    1.12029
   0.931398
     1.0284
   0.830076
   0.655783
      2.535
    2.62652
    2.53052
    2.52792
    1.39597
    1.07306
   0.712091
    1.42168
    2.54261
    2.45696
    2.49071
    2.46084
    2.41356
   0.942108
   0.857653
    3.43901
    1.68277
   0.936916
    2.53849
    1.15919
   0.988829
   0.972769
   0.934362
    2.42648
    2.42953
    1.46167
     1.0375
    1.18622
    2.41101
    2.63401
     2.5839
    2.04139
    1.67908
    1.03015
   0.727464
   0.975657
   0.817912
   0.671259
   0.745995
    1.19965
    1.66535
    3.04535
    1.96205
    2.53134
     1.0605
   0.825462
   0.888838
    2.01891
    2.62951
    2.38548
    2.33087
    2.23078
    1.51919
    1.05853
   0.926173
   0.541771
   0.414413
    1.56588
    1.03639
   0.969604
    2.49557
    2.06536
    1.22588
    1.00716
    0.97277
   0.926777
   0.802492
   0.471345
    1.11252
    2.08783
    2.59187
    2.37997
    1.89857
    1.38543
    2.19106
     2.4914
    2.50469
   0.949568
   0.780207
   0.547231
   0.760638
   0.799154
   0.790516
    1.59149
    1.33921
    1.19393
    2.32806
    2.42637
    2.48249
   0.973064
   0.461027
    2.34714
    2.63767
    2.25073
    2.08646
    1.04251
   0.896774
    1.01295
   0.790363
    2.09594
    1.75012
    2.71292
    2.41768
    1.71762
    1.34402
   0.963015
   0.923819
   0.917066
   0.838427
   0.465464
   0.821277
    1.06218
    1.85737
    1.97737
    1.78109
    2.61061
    2.58246
    2.60391
   0.923347
   0.853559
   0.838909
   0.967125
    1.03685
   0.468989
    1.85193
    1.79761
    1.54854
    1.39911
    2.40651
    2.71001
    2.67507
    1.90918
    1.35982
    1.06561
   0.903671
     1.3439
    1.68607
    1.40437
    1.80782
    2.05591
    2.22402
    2.36359
    2.25969
    1.71574
   0.877765
   0.957082
   0.715672
    0.67141
   0.781986
   0.920149
    1.35628
     1.5208
    2.55216
     2.5636
    2.40726
    2.13352
    1.85847
      1.411
     0.9469
   0.479543
   0.582174
     1.6176
    1.97608
    2.42328
    2.61564
    2.55077
    2.23294
    1.19289
   0.627743
   0.816583
   0.922924
   0.722037
   0.868195
    1.70829
    1.48427
    1.45388
    1.73143
    2.24289
    2.40987
    1.73137
    1.46722
   0.781079
   0.887715
   0.933086
    1.39371
    2.01824
    2.07011
    1.91772
    1.35048
    1.14661
    1.07584
   0.799102
    1.55343
    1.49694
     2.2652
   0.940755
   0.590849
    0.78861
   0.641289
   0.813877
   0.809209
   0.663448
   0.933788
    0.78834
    1.17277
    1.29871
    1.85091
    2.08431
    2.45698
    2.28297
    1.46674
   0.903614
   0.737694
   0.938068
    1.41038
    2.08874
    2.38289
    2.06727
   0.708239
   0.165072
   0.295223
   0.668972
   0.501642
   0.686994
   0.655044
    1.43363
    1.37024
    1.86256
    2.23545
   0.582708
   0.757993
   0.651973
   0.696547
   0.905391
    1.08734
    1.17356
    1.33821
    1.86695
    1.83512
    2.20414
    1.71565
    1.01175
   0.347447
 -0.0720674
   0.689872
   0.841693
   0.593703
   0.503012
   0.934207
    1.62349
    2.10469
    2.03427
    1.89862
    1.30937
   -0.21074
  -0.201504
 -0.0437939
   0.229748
   0.675165
    0.47184
    1.20481
    1.16376
    1.24955
    1.67851
      1.847
    2.10073
    1.51795
    1.06569
   0.336263
 -0.0134556
   0.514661
   0.605293
    1.38197
     1.6761
     1.7317
    1.86147
    1.71421
  -0.417515
  -0.429138
   0.213728
   0.616123
    1.16646
    1.13854
    1.84142
   0.510775
   -0.25357
 -0.0983746
   0.357564
    1.59059
    1.49194
  -0.231894
   0.572645
   0.361194
    1.69838
    1.42474
  -0.309205
  -0.274629
   0.628121
   0.795617
   0.747012
    1.19229
    1.59243
    1.75613
     1.6864
   0.903948
  -0.445051
  -0.528021
  -0.406499
    0.85544
     0.9902
    1.57301
  -0.304971
   0.212724
    1.41576
    1.77877
    1.84041
    1.37939
    1.00428
   0.592224
  -0.163805
   0.372357
    1.11926
    1.57487
   0.448378
   0.674338
   0.876175
   0.919218
    1.16877
   0.986405
   0.909882
   0.907551
   0.709153
    0.73003
   0.613257
   0.715054
   0.744964
   0.687899
    1.29364
    1.23475
    1.82492
    2.62457
    2.20121
    1.53543
    2.63341
     2.1542
    2.87968
    3.35085
    3.42955
    2.45884
    2.78325
    1.42348
     4.4398
    3.39768
    3.68449
     2.9122
    2.33933
    4.13283
    3.49237
     2.9403
    5.10842
     5.0872
    4.45921
    1.95516
    2.40881
    1.07797
    1.34326
    1.87653
    2.36539
   0.981359
    1.89366
    3.82811
    1.79651
     1.3935
    4.71558
    7.39808
    1.18437
     0.8439
    1.20446
    3.52186
    3.75652
    4.50361
    2.70304
    1.54533
    2.11287
    3.00554
    1.82006
    1.98719
    1.57878
    1.81263
    2.01447
    1.30314
    2.43149
    1.86748
    3.06124
    2.03245
    2.55788
    3.55134
    2.69996
    2.90476
    2.66058
    2.41624
    1.40341
    1.26458
    2.71267
    1.77972
    2.78017
    2.22484
   -2.75981
    2.66768
    1.14528
    3.34094
    4.40825
    10.9931
     6.8461
   0.619566
    5.24587
    8.22339
    6.04248
    1.76512
    13.2018
  -0.459429
    2.02854
    4.24558
   0.513199
    2.06863
    8.19366
    6.60499
    6.37306
   -1.20669
    7.38688
    -1.4468
    6.31623
    9.13801
   -2.91328
    12.7787
  0.0162888
    11.5704
    8.16572
     11.995
    4.26397
    4.59171
   -1.46259
    2.27518
    1.23451
    1.21997
    1.55249
    1.19988
    1.98936
    1.82969
    2.74332
    2.35713
      1.263
    1.27383
    1.45026
    1.39044
    3.38824
    1.03263
     2.4192
    1.24157
     2.2544
   0.630878
    2.90947
   0.420286
     2.8305
    1.36029
    2.55035
    2.11948
    2.41941
   0.862724
   0.989276
   0.921039
    1.56954
   0.769745
   0.878817
   0.406101
    1.89718
    1.40261
    1.45405
   0.492604
   0.262854
    2.30658
   0.573406
 -0.0261103
   0.820151
-0.00459092
   -0.11674
     1.0881
    1.72428
    1.70283
    1.29563
   0.500505
      1.686
   0.778279
    3.13044
    2.46932
    2.57558
    1.96682
    3.32054
    3.39127
    1.77865
    2.60604
    2.36963
    3.56235
    2.93743
    4.12594
    1.35201
    1.88707
    4.10888
    2.06864
    4.19088
    2.15797
    3.79527
    3.84885
    2.41419
    4.62663
    4.88167
    1.81389
    3.59215
    3.68778
    3.18399
    1.33349
    1.81436
    2.11844
    2.25604
   -4.15376
    3.31922
   -2.46392
    4.94874
   -4.33405
    1.72236
    2.54316
    4.17636
    15.6526
    5.21066
    11.7257
    3.00254
    4.10845
    3.00859
    3.54972
    2.19105
    3.89977
    10.4477
    4.49564
    1.47533
    1.51751
    2.18384
    1.51837
    12.5849
    5.74013
    6.83154
     2.7818
    1.88327
   0.839421
    1.36838
  -0.305111
   0.840221
   -0.44027
    2.42614
   0.923864
    1.30549
   0.105005
   -0.96312
  -0.484137
    -1.0438
    3.04975
    1.17522
    2.73418
 -0.0334565
  -0.404489
    2.38314
    1.47326
    1.73793
    4.65899
    1.40233
    1.63899
    0.73397
    2.99406
    1.98522
    4.30459
     3.9172
    2.25073
    2.09172
    4.16711
    2.14541
    2.65467
    1.97564
    1.07702
     1.6967
    1.21429
    1.61488
    1.00893
   0.536758
    1.97236
    2.46277
    1.54601
     1.0101
   0.504625
    2.29486
   0.974223
     1.9227
    6.57928
    5.46028
    1.44969
     2.1298
   0.259731
 -0.0408149
     2.9274
    3.44331
    4.41778
    1.40304
    3.73586
    3.57305
    1.74975
    2.57407
    2.99213
    2.67368
    2.14995
    3.37733
    1.85969
    1.72734
    5.19109
    2.20631
    3.03377
     -1.089
    3.42135
   0.993012
    9.27056
    1.72893
    5.30085
   -5.11716
    0.82866
    1.80531
    5.74056
    14.8141
    10.8718
    1.62404
    7.31736
     7.9847
    2.76886
    7.30443
    1.61984
    3.76099
    -3.4737
    5.26208
    2.13947
    4.12204
   0.612542
  0.0932309
    1.16829
    1.04108
    1.98542
    2.99862
    1.58984
    1.32697
    2.00979
   0.674301
    2.00723
    1.64459
    0.97571
    1.03673
    2.63147
   0.631354
   0.937059
    1.13779
    2.52758
    1.57035
    1.15602
    1.04475
   0.272426
    1.02829
    2.30702
    3.87751
    5.65812
    2.16208
    1.07856
    2.81132
     5.9618
    1.38155
    6.23801
    3.23475
    4.65481
      3.414
    2.93503
   -1.00155
    2.68626
     12.886
    1.75725
    5.61528
    1.38303
    2.40861
-0.00827213
    1.26812
   -1.03407
    1.27795
    2.53048
    5.35867
    1.55345
    0.27509
    1.46284
    0.53416
     2.5117
    2.47409
     2.7744
  -0.141148
    2.14019
    1.25323
    1.66265
   0.841449
   0.429803
    2.41002
    3.39903
    1.85433
    1.07103
     2.1482
    2.75602
    2.38612
   -1.08216
  -0.976041
    4.51149
    1.90501
    1.96976
    2.18762
    2.01461
    1.77689
    9.07071
    5.77634
    5.74663
    3.39939
     1.5589
    1.04144
   -2.34905
    1.74401
    1.47392
    2.11002
   0.922884
    0.25599
    3.29729
    1.54972
    2.30224
    3.11816
    6.45396
     4.6171
    2.33564
   0.808603
    4.22404
    1.52523
     3.4083
    3.04878
   0.951751
   -2.06267
   -1.78715
    4.43137
     1.4887
     2.1236
    4.56702
    -2.9751
    2.54233
    2.15299
   0.749574
   0.847696
  0.0937725
    3.58813
  -0.336432
    2.72781
     1.6835
   0.761519
    1.06336
    3.29404
    4.50564
    6.25957
    10.5854
    2.15223
    10.4771
    3.53831
    1.33194
   0.246743
    1.17694
    2.28349
    1.50686
    1.87126
     2.2725
     0.4521
   0.444699
   0.808818
    1.24227
    2.32642
   0.575172
    3.51609
    2.25063
   -6.51671
    4.33845
    3.34799
    3.68716
    2.53195
    3.33746
 -0.0777181
   0.829744
    2.71268
    2.41419
    2.24557
    2.60678
   0.959531
     1.5142
   0.973996
   0.594794
   0.795886
    1.26756
    2.88147
    3.80747
    4.40504
   -2.61141
  -0.110066
   0.896112
    1.59061
    2.50267
   0.831702
  -0.146655
     2.1679
   0.651299
  -0.486723
    5.45431
    2.09579
    1.81405
    3.75287
    3.66013
    1.34603
     3.1491
   0.499676
    1.77442
   0.893075
   0.895514
    1.89783
    2.14746
   -5.71582
  -0.351374
    3.15225
    1.99373
    1.55786
    1.85856
   -1.08079
    2.64114
    2.65744
    2.41648
    1.40997
    5.12148
    2.09599
     3.5471
    1.94159
     3.0554
   -0.57258
    1.27038
    3.86393
    2.65612
    2.79216
     1.3046
    1.43378
    4.68117
    5.39384
    2.44907
    2.35726
   0.239797
  0.0769682
    1.23332
    1.15578
    1.65802
    2.10684
    5.46345
    1.80094
    1.24739
    1.25948
 -0.0315094
     1.5667
    5.12523
    4.87636
    1.57089
    1.19154
    1.55178
    2.03643
    1.24829
    5.12383
    3.82843
   0.384979
    2.66841
    1.40558
    3.18934
    2.82026
    1.29443
  -0.235688
    1.22081
    5.28004
    1.90639
  -0.237911
    2.03112
    2.77079
    2.76076
    2.14689
    1.07143
    2.92517
    4.65157
   0.598665
    1.83846
     2.3722
    1.94576
     1.7376
    7.65086
    1.12266
    1.02249
   0.739005
    3.01792
    1.13962
    1.79537
    4.67784
  -0.843134
  0.0937846
    1.15546
   0.845271
    7.74723
    1.82104
   -1.96203
    1.09612
    3.10712
   -1.38755
    1.39145
    1.48474
    1.28026
    1.49066
    1.33244
     3.0216
    2.97532
    2.07666
    2.58653
    1.64325
    1.13331
    2.96959
    3.27958
    10.0935
    1.60627
    1.29833
    2.42555
   0.922134
    2.88773
    3.98996
    7.59092
     2.3441
    1.53684
    4.59867
    13.9949
    8.48236
  -0.966891
    6.94532
   0.978117
    2.46615
   -1.15753
    1.61935
    1.25812
     1.7902
    2.52136
     2.6409
     1.2521
    2.13488
    1.37735
    2.46528
    2.27846
    1.56819
    10.0826
    3.24694
    10.1009
    8.92638
      1.501
    1.24332
    1.20223
   0.907976
    1.61846
    1.17413
  0.0855817
     1.5005
    14.2548
   0.236582
    1.57021
    1.41829
    3.75134
    1.83833
    1.50699
    1.16704
    3.60015
  -0.875618
    2.65327
    7.70688
    3.10201
    1.27049
    1.56941
    2.52174
    2.95801
    1.66734
    3.25411
    2.70306
    2.26774
    2.00691
    1.72669
    1.34646
    1.62386
    2.45325
    2.74442
    1.36261
    6.67434
    1.23753
    4.38235
    1.83879
   0.955381
    1.21191
    3.38769
   0.421064
    1.94342
    1.73879
    6.65988
    1.72143
    3.43058
    5.86405
    2.31537
    6.73869
    1.51338
    6.03979
    2.49637
    2.62181
    1.38775
   0.721188
    1.92386
    5.21534
    1.16133
    2.55934
    3.14083
    3.24735
    2.13031
    1.99188
    4.25182
   -4.34011
    0.81478
    1.61947
     2.1203
    2.30564
    2.32924
   0.813705
    1.86117
    2.65607
   -3.52193
    1.64378
    2.33646
   -2.21445
    4.54084
    9.07079
    3.17237
    2.12044
    1.27456
   0.532045
    3.82595
    6.36533
    1.63403
    1.26686
    3.99599
    4.17743
    1.07506
    1.33837
     2.1633
    1.50896
     4.0128
    2.13691
   0.447747
  -0.597519
    3.95751
   0.983876
    2.50209
     2.1127
    3.24244
    1.69986
   0.840722
    2.26618
   0.992117
   0.732699
    2.12525
   0.827926
    3.16634
    1.95422
    1.01321
    1.31535
    1.22809
   0.931026
    13.8779
    1.77092
   0.147819
    3.56842
     1.6244
    2.50365
    2.40774
    1.51272
    2.77742
    1.68405
    2.81857
    3.04961
     1.6862
   0.753696
    1.75779
    1.00395
    1.13759
    1.53946
    3.03012
    3.68221
    3.97821
    1.62426
    1.50936
   0.681546
    1.05503
   0.899262
   0.864335
   0.816744
    1.81493
    1.56621
    3.23857
    1.35445
    2.63703
   0.617541
    2.30725
    2.79456
    1.51091
   0.747058
    1.08135
   0.824994
    1.44021
   0.777612
    1.12287
    1.51916
    1.89483
    2.17044
    2.05629
   0.981558
     1.0761
    1.37307
    1.64326
    1.98296
    1.63907
   0.642383
   0.872681
    1.91167
    1.20526
    0.89229
   0.685039
   0.444571
   0.837635
   0.858253
    1.38818
    2.20534
    2.11726
   0.878519
  -0.112725
    1.75923
    1.05714
     1.1817
    3.23083
    1.53501
    1.15882
    3.52061
    1.53202
   0.790619
    1.96953
    3.81454
    4.87212
   0.856791
   0.243443
   0.560705
   0.779676
   0.817492
    1.27962
   0.916327
    4.42567
   0.887874
  -0.349972
    2.78298
    2.94649
     2.1292
    2.04221
    1.22883
   0.972327
   0.630187
   0.684588
    1.29396
    1.19558
   0.539918
   0.413778
    1.98375
    4.21215
    1.17924
    2.30179
    1.83119
    1.53427
    1.45979
    1.59821
   0.868443
   0.807045
     1.5835
    2.84814
   0.575154
    1.45129
   0.803109
    2.04552
    2.60654
    1.51564
    1.26002
    1.56658
   0.841998
      1.187
    2.20548
    2.22172
    1.21656
    2.28725
    4.83034
    1.55143
    1.55315
    1.19914
    1.80956
    1.18691
  -0.146767
 -0.0961223
    4.52533
    1.18674
    1.11219
   0.768102
    1.64085
  0.0288443
   0.364278
    1.85093
 0.00862725
   0.497249
    1.78052
    3.00795
    1.26177
   0.588334
    2.53483
    3.66772
    1.11046
  -0.235939
   0.919134
    2.56476
    2.38635
    2.32629
   0.995723
   0.984389
    2.06733
     3.1922
    1.29633
   0.802934
   0.745243
    2.77879
    2.79132
    3.09124
   0.972202
    1.50097