    -1.14082
    -1.26422
    -1.52053
    -1.80925
    -1.76185
    -1.52711
    -1.18496
   -0.639492
   -0.658803
   -0.690744
   -0.934823
   -0.993373
    -1.26345
    -1.58417
    -1.83138
    -1.95886
     -1.9068
    0.534555
     1.00934
     1.45253
     1.66927
   -0.343014
   -0.400771
    -0.43571
   -0.416682
    0.050406
     1.30267
     1.67432
       1.829
     1.77685
    -0.32517
   -0.301685
   -0.422346
   -0.554689
   -0.149363
  0.00879217
   -0.426376
    -2.01811
    -2.24748
     1.67036
   -0.425827
  0.00477645
    -1.64004
    -2.82463
    -2.24173
     -1.0538
   0.0243976
     1.89353
     1.86425
      1.6181
   -0.555176
   -0.547098
   -0.324609
  -0.0267453
    0.137323
   -0.547508
     1.82943
     1.63429
     1.67547
     1.42837
     1.46184
   -0.645948
   -0.459323
   0.0108832
     0.13637
     1.78974
     1.41402
   -0.536848
    0.474787
    -3.00534
    -1.61094
     2.16105
     1.48539
     1.30639
     1.20699
   -0.390477
    0.329408
    -3.46658
     1.23509
     1.53748
     1.42109
     1.20874
   -0.659635
   -0.205244
     1.70179
     1.82944
     0.13537
    -2.06904
    -3.44616
      1.3145
     1.71921
     2.13871
     1.77409
     1.34103
     1.45397
     1.18801
   -0.425874
    0.675084
    -3.03896
    -3.42663
  -0.0310355
     1.38547
     1.02773
   -0.200442
     2.34544
     2.24904
    -4.06527
    -4.53881
     2.20559
      2.3384
     1.42789
     1.19628
     1.29841
     1.76998
       0.363
   -0.614891
     2.83485
    -1.54609
   -0.197689
    0.563102
     1.86108
      1.9468
    0.945932
     2.29793
   -0.555812
     -1.0192
   -0.434092
     2.75829
    0.897407
    -3.79013
     2.23391
     1.49029
    0.905364
     1.69249
     0.42226
   -0.757313
   -0.213869
   -0.354211
   -0.335539
   -0.126175
     2.33029
     3.11072
    -4.03014
    -4.60698
    -3.81579
     1.04179
     2.15986
     2.11651
     1.94688
    0.857924
   -0.161169
   -0.715281
    -0.85845
    -0.12718
   -0.213621
     1.92891
     2.59962
     2.03588
    -5.63762
    -6.22984
    -3.52593
  -0.0384401
     1.41323
     2.40801
     2.72942
    0.830992
   -0.599618
    0.386891
    0.181252
    -2.92404
    -5.80337
    0.517899
     1.58027
     1.58573
     0.88676
     2.08283
    0.264678
   -0.487962
   -0.429869
   -0.915345
     3.18947
     2.87944
    -6.86374
    -1.56923
     1.49768
     1.89689
   -0.307039
   -0.335927
   -0.143811
     -5.7048
    -7.14566
    -5.37973
   -0.814864
     2.72955
     1.73651
     1.49756
    0.327647
   -0.483689
    0.192212
  -0.0362754
    0.239761
     1.02133
     2.10128
     1.93322
    -7.33027
    -3.27972
     2.78395
     2.34386
  -0.0825386
    -0.45783
   -0.252252
    -1.27722
   -0.389906
    0.116003
      -0.423
    0.383026
    0.495518
     1.82794
     1.19491
     2.98331
     2.42043
    -0.38233
   -0.664061
   -0.155917
   -0.278176
   -0.100801
    -1.33551
    0.202547
     2.47303
     2.81626
     3.02579
     3.32545
    -5.05999
    -5.20368
   -0.705129
     1.09475
     1.88318
     2.83701
   -0.504959
     1.12705
     3.15942
    -1.16255
    -3.36192
    -2.11762
    0.985283
    0.729466
     2.53013
  -0.0193809
   -0.298907
   -0.156622
  -0.0617463
    0.246191
    0.131073
     2.98543
     1.16169
     -4.0348
    -7.64131
    -3.24597
    -1.51074
     2.83394
     1.72126
    0.448589
   -0.163285
   0.0633832
    -1.05227
    0.304274
    0.874406
     2.00096
     2.68496
     2.99276
    -3.18126
    -7.53039
   -0.659303
     1.51566
     2.98821
     1.69757
     1.19651
    0.559983
   -0.316847
   -0.218079
   -0.121409
   0.0230467
    -1.35596
     2.21875
     2.07352
     2.60661
    0.319687
    -7.13701
    -7.30155
     1.37093
    0.726171
    0.603283
    0.520517
     2.40126
     3.04676
   -0.127671
     0.09778
   -0.074821
    -1.18439
   -0.701216
   -0.634364
    0.133255
     1.94374
     2.51495
     -5.2024
    -7.07826
     -2.1844
     1.76554
  -0.0342097
    0.210617
    0.398837
   -0.761363
    0.491476
    0.417986
    0.949373
       1.372
     1.43547
     1.63747
     1.61339
    -7.28254
    -7.87058
    -4.33153
    -1.42734
    0.379666
    0.208299
     2.88264
     2.77992
     1.03541
   -0.373584
   0.0275413
   -0.797756
   -0.456408
     1.71637
     1.51109
    -5.88274
     -2.4362
    -1.86169
     3.01189
     1.05317
   -0.375792
    0.399773
     0.28053
   -0.638336
    0.343195
     -3.4645
     -1.6043
     0.35808
   -0.012156
    0.716654
     0.43852
    0.568539
    0.426362
     1.14974
    -6.47561
    -1.64287
    -0.47219
     2.61285
    0.769392
   -0.432935
   -0.974136
   -0.635366
   -0.370246
     0.62755
    0.850431
    -4.83448
    -6.85457
    -7.98159
    -5.60085
    -0.17012
     3.13928
     1.94415
  -0.0996116
    0.515074
    0.634242
    0.564865
   -0.902465
    -0.11165
    -2.23624
     -1.3578
    -1.15803
   -0.935037
    0.578267
     2.61228
   -0.425332
   -0.191673
    0.187873
     0.54377
   -0.640138
    0.148161
     1.00225
     1.01641
    0.981685
    0.654132
    -4.00249
    -2.10159
     1.08812
     1.61486
     3.00695
     3.05626
      0.3495
   -0.463711
   -0.259376
    0.169932
    0.389106
      2.4313
     2.47015
     2.07538
    -0.70385
   -0.148112
     0.60599
    0.677023
   -0.298267
   -0.334109
   0.0938747
    0.371673
    0.456233
    0.930637
    0.783867
    -5.98465
    -6.87532
    -1.92716
    -1.18014
    -0.28647
     3.12964
     1.15703
     0.14982
   -0.342052
   -0.532315
    0.266026
     0.46229
   0.0297681
   -0.261289
   -0.555739
    -1.89348
    -4.54896
    -5.07598
    0.106177
    0.108669
    -0.10673
    0.597726
    -1.23415
    0.204788
     2.74847
    0.284473
     0.28134
    0.415094
     0.66654
     1.08304
   0.0938012
    0.834658
    -1.17158
    -1.18291
   -0.581484
     2.57408
   -0.386355
   -0.145494
   -0.393576
    0.150999
   -0.225288
    0.739922
    -2.65353
    -6.03648
    -3.49256
   -0.767607
    -1.09024
    0.619747
   -0.529672
   -0.154366
  -0.0828684
   -0.411406
    -0.29779
   -0.226018
   -0.240756
  -0.0785111
     1.16551
   -0.191999
    -1.16869
   -0.202682
     1.63643
    0.537903
   -0.510046
   0.0884095
   -0.729692
  -0.0529442
   -0.075383
     1.18073
    -3.05899
    -4.10821
     -5.9848
    -4.53084
    -2.08748
   -0.345536
     1.67786
     1.43522
    0.291658
   -0.548382
   -0.452394
   -0.362021
   -0.851982
    0.216081
    0.489982
    0.645227
   -0.720304
   -0.671619
   -0.601627
     2.03783
    0.082387
    0.164144
   -0.107873
   -0.399972
   -0.671116
   -0.721943
    0.843201
    0.074688
    -1.17651
   0.0537575
      1.2735
    0.132424
    -0.84491
   -0.841526
    -1.20442
  -0.0959412
     0.42324
   -0.158885
    -1.18458
    -5.91372
    -3.42537
    0.120696
    -0.53912
   -0.539431
    -1.33326
     -1.3889
   -0.578796
    0.187128
     1.49147
     1.67997
   -0.907437
    -1.22644
    -1.43374
    0.184696
   -0.818902
   -0.955593
    -1.20562
  0.00931103
    0.458483
     1.64547
     1.60323
    -4.85324
     -1.6637
   -0.557244
    -1.24046
    0.625118
    0.542631
    -1.35895
    -1.07606
    -1.36709
    0.171867
    0.483781
    0.668045
     1.62914
    -2.02253
    -4.67247
   -0.447995
    -1.75394
    -1.12331
    -1.49187
    -1.43398
    -1.48324
   -0.673434
    -1.36463
    -4.60083
    -0.68897
    -1.93165
   -0.910097
    -1.28098
  -0.0794812
    0.549402
  -0.0940034
    0.118402
     2.26753
    0.807487
    -3.06519
   -0.932831
    0.982887
    -2.68727
    -1.78701
     -1.5205
    -2.05387
    -1.52934
    -1.63549
    -1.47448
   -0.791207
    0.460239
     2.42921
    -3.49561
    -1.93526
   -0.845679
    -1.75353
    -1.58362
    -1.70466
    -1.45609
    0.111232
     1.88947
    0.985001
    0.329977
    -2.37782
    -4.33188
    -4.39749
    -0.48385
   -0.711817
    -1.19858
    -1.05224
    -2.62138
     -1.5965
    -2.55546
    -1.10609
    -1.54391
    0.268029
    0.912426
     2.32538
   -0.758318
    -2.85476
    -3.45042
    -2.97902
    -2.89273
    -1.62249
    -1.45487
    -1.47947
    -1.17758
    -0.13498
    0.594235
     2.39431
    -1.57615
   -0.907026
    -1.07505
    -1.83713
    -3.07663
    -2.18343
    -2.64579
    -2.07607
     1.40212
     2.43401
   -0.763062
    -3.52956
    -3.41573
    -1.48771
    -1.26869
   -0.974487
   0.0542003
    0.139204
     -6.0204
    -1.50609
    -2.23453
     -2.8188
    -2.84715
    -2.21592
    -3.48433
    -1.89841
    -1.67059
    -1.00393
  -0.0431161
    0.491812
    0.480678
     2.36102
    -2.98073
    -6.89185
    -4.51129
    -5.50645
    -3.57612
   -0.871898
   -0.192698
    0.167373
    0.287908
    0.471899
    0.949901
     2.39806
    -1.82654
    -4.35147
    -2.98824
    -1.64535
    -3.98706
    -3.23068
     -3.4797
    -2.22643
    -3.04812
    -2.80367
     -1.4026
   -0.249037
    -1.05848
    0.627596
     1.42306
  -0.0219645
   -0.902845
    -4.17017
    -3.98354
    -7.08828
    -2.38703
    -3.73043
    -1.45773
   -0.239402
   0.0418078
   -0.995801
    -3.31268
    -5.74826
    -3.07192
    -3.16275
    -2.88793
    -2.03034
    -4.62076
    -1.77084
    -1.11648
    -1.12478
   -0.680783
   -0.548181
   -0.169948
      2.0479
    0.845524
    -2.51149
    -5.41363
    -1.88479
    -3.62853
    -2.40245
     0.41998
    0.459355
  -0.0690495
    0.970732
     1.88623
      2.1039
      2.2282
     1.90618
    -7.40414
    -5.88183
    -3.75521
    -1.58145
    -2.51635
    -3.63425
    -1.41304
    -1.00148
    -1.12208
    0.881978
    -4.38845
     -3.7255
    -2.47897
    -2.48168
    -4.00399
    -5.69193
    -9.00417
    -7.35438
    -4.82461
    -1.02832
    -3.74716
   -0.981316
  -0.0480232
    0.924265
    0.518751
    0.173117
  -0.0285329
    0.454378
     1.67123
    0.333479
    -6.40721
    -6.79637
     -5.7347
    -5.05902
    -5.51758
    -7.51845
    -8.49684
    -2.20749
    -1.44539
   -0.204645
    -2.22109
   -0.602105
   -0.210395
    -1.28496
   -0.441745
    -0.15715
    0.313521
     1.77155
     0.92212
    -0.67895
    -2.95155
    -5.65953
    -6.38746
    -8.85652
    -6.51898
   -0.495074
   -0.603386
   -0.662713
   -0.474562
   -0.617857
  -0.0584937
    0.704412
    0.389845
      1.1303
    0.917018
   -0.377384
    0.539375
    0.608193
    -4.91079
     -7.6613
    -6.85437
     -3.5654
    -2.78008
   -0.588499
   -0.324452
     1.33469
    0.208359
    0.526583
   0.0149887
   -0.148675
     1.53359
     1.60065
    -1.69843
     -8.4186
    -8.21715
    -4.70396
    -6.08157
    -6.50042
    -6.01119
     -7.0594
    -4.85971
    -3.43934
    -1.82744
     1.31245
     1.28372
    -2.37847
     1.17164
    -1.34229
     0.11071
   -0.119246
    0.765392
     1.21373
     1.14346
    0.340359
   -0.480983
    -1.71921
    -6.64967
    -4.75683
     -2.8312
    -3.65833
    -1.10121
    -2.35246
    -2.90462
     1.54837
   -0.349312
  -0.0512058
    -3.68419
    -7.89818
    -6.88714
    -6.49661
   -0.732529
  -0.0497383
    -3.86394
    0.259016
     2.67011
    -2.59009
    -1.66445
    0.213749
    0.952957
   -0.226039
    -2.64082
    -4.65558
    -7.61948
    -9.96836
    -4.75957
    -7.25538
    -5.95543
    -4.57881
    0.928339
     -1.6892
    -5.16131
    -6.15245
    -1.62432
    0.802789
    -1.00283
   -0.197615
    0.278974
     1.97625
     -1.4735
     1.05882
    0.499881
    -1.35384
    -6.38145
    -5.74021
    -7.21542
     1.59944
    -2.08307
    -2.88976
    -6.29729
    -6.10705
    -3.53838
    0.922826
    -1.71049
    -2.22642
    -1.34609
   -0.914256
      1.9769
   0.0197326
    0.549848
     1.25095
     1.22959
      1.3243
    -8.90298
    -6.89233
    -4.14258
    -1.32412
     2.81829
    -5.56304
  -0.0700865
     -1.6894
    -1.31771
   0.0462914
    0.159686
   -0.206528
    0.382575
    0.453727
    -3.73736
    -6.73385
    -6.81769
    -5.13333
    -5.21146
    -4.60039
     1.57123
     2.64745
    -1.23037
    -2.80022
     1.75778
     2.43329
   -0.946463
    0.635378
    0.909497
     -2.8785
     -4.7467
    -8.25196
    -3.86211
     3.57781
     4.69107
     3.67918
     3.99919
   -0.816055
   -0.766824
     2.45598
     3.24655
    0.248544
    0.444694
  -0.0174392
    0.737066
    0.991426
   -0.501859
    -3.76374
    -5.14801
     -5.3943
    -8.56591
    -4.30184
    -0.57252
     3.02536
     4.88055
     7.54864
     1.70203
    -3.98415
    -7.26989
   -0.221405
    -2.71013
    -2.68968
   -0.329395
     2.91334
   -0.254435
    0.605672
    0.123884
    -6.24677
    -2.43882
    -2.05558
   -0.898499
    0.169146
     3.40337
    -3.22093
    -2.80762
     4.31819
    -3.20651
    -2.16041
     3.44278
     1.36853
   -0.949456
    0.467134
  -0.0176549
    0.897951
    -6.66979
    -1.96261
     1.63627
     11.5733
     8.85356
      3.8888
    -3.49384
      -6.785
     2.87413
    -1.47327
     2.66768
     -1.4065
   -0.640021
    0.317541
  0.00727063
     1.01871
    0.831218
    -3.17163
    -5.84887
   -0.565986
   -0.453278
   -0.808274
      3.5112
     4.82477
     3.90844
     2.66401
     1.32504
   -0.344716
    -2.44457
    -1.94906
    0.430751
    0.780406
    0.798024
    0.843547
   -0.264011
    -5.57177
    -8.55688
   -0.367712
     -0.6571
     8.73287
     3.53528
   0.0902522
     3.81291
    0.517147
    0.754191
    0.934373
     -6.6643
    -7.60245
    -5.15768
   -0.393787
    0.129935
     2.22231
     5.65516
    -5.74343
     1.86237
   -0.612724
     1.08095
    0.538199
    -1.24397
    -3.29388
     3.21982
     2.76293
     3.62594
     0.59429
    0.899825
   0.0656829
    0.189359
    0.418505
     1.12332
     0.11973
    -2.34964
    -4.31426
    -8.77939
    -9.09936
    -1.25164
   -0.188765
     1.08926
     2.30436
     2.81408
    -7.95637
     4.31145
    0.414654
    -1.66961
     1.69281
     3.54602
    -1.59322
   -0.784464
   -0.190858
    0.971939
    -7.96371
    -8.28035
    -6.03598
    -3.30773
   -0.566036
   -0.502024
   -0.625231
   -0.514731
     3.81758
      6.1781
     12.7955
     5.29407
    -3.88234
    -4.73746
    -1.44358
    -3.02883
   -0.637709
    0.918758
    -3.13721
     -6.9042
    -6.66523
    -2.77073
    -1.31837
    -1.28383
   -0.105295
    0.293702
     2.09698
     12.1399
    -5.48016
    -8.34702
    -8.35332
     3.38301
    -3.67374
    -4.97323
    0.781544
    0.574792
    0.563625
    0.728449
     1.01963
    0.747664
     -1.8837
    -1.04505
   -0.727796
    0.879458
     3.76988
     13.2393
     3.08962
    -1.27569
      3.7442
     1.13445
    -5.79643
    -6.79728
    -6.87686
    -6.11996
    -2.39943
   -0.797816
    0.753942
     14.7978
      9.2221
     1.51661
    -6.31582
    -7.28086
    0.241889
     1.44979
     1.38982
   -0.195712
    -5.03231
     3.08638
     4.09161
     3.82732
    -1.67035
   -0.361804
     0.74961
    0.380158
   -0.601918
    -5.71118
    -6.24025
    -6.14385
    -5.55042
    -4.01544
    -3.65756
    -0.94293
    -6.80077
    -8.73152
    -3.84553
    0.993752
    -5.07829
    -1.30152
     1.32851
     3.92267
     2.91406
     1.17162
    -1.65604
    -3.26368
    -4.21547
     -2.7409
    -1.87368
     9.03095
     7.26687
     1.21829
    -2.85707
     3.44893
    -1.51866
   -0.548163
   -0.740539
      1.0337
    0.872867
    0.412152
     1.04051
     1.12984
    -1.78721
   -0.880811
  -0.0809059
     5.95837
     12.7972
  -0.0933298
     2.80025
     3.97857
     4.12766
   -0.325753
      1.0387
    0.609568
    0.355404
     0.31658
    0.809121
     1.26487
    -5.39536
    -4.06035
   -0.654124
     -1.0676
    -2.93152
     3.79242
     2.97817
     0.51225
    0.781752
   0.0241705
     -5.3299
    -4.18809
    -2.96358
    -1.40607
   -0.848404
   -0.890666
     13.2538
     6.05759
     2.51181
    -7.90367
   -0.291813
     1.46293
    -1.06899
    -5.42927
    0.631041
    0.952957
    0.821137
    0.545311
    -2.72298
    -4.15066
    -4.89571
    -1.99093
   -0.609007
     11.2871
     7.69751
    -4.79984
    -5.98201
    -4.01536
     4.19301
    0.600624
    0.788051
    0.505273
    0.718441
    -1.13265
    0.540088
    -6.22772
     0.81741
     2.89216
     3.97698
     3.86862
     3.74861
    0.396711
     1.03325
     1.02381
     1.00492
    0.622281
     1.07721
    0.863708
     1.40705
    -5.93462
   -0.833114
     3.99253
     8.16616
     10.1289
     3.49461
   0.0862837
     4.10798
     3.10076
      3.5042
   -0.227004
    0.639247
   -0.185282
    -3.69381
    -1.88506
       -1.05
   -0.320842
    0.741764
     2.05766
     9.21627
     9.56635
    -1.80479
    -8.71633
     0.81938
    0.529267
    0.928998
    0.524568
    0.718053
    -5.25439
    -5.66684
     5.76539
    -5.88689
    -2.91278
   -0.719167
     1.37592
    -3.05096
      1.9582
     3.00042
    -1.22712
    0.839008
    0.750888
     1.28664
    0.356888
  -0.0363111
    -5.21417
    -0.63853
     3.95971
     7.15226
     3.33598
     1.07055
      3.8941
     3.45798
  -0.0566115
    0.681617
    0.578519
    0.772112
    0.820864
    0.581272
    -2.23305
    -4.10114
   0.0128858
     5.01686
     7.46137
     6.65077
      5.5382
    -7.63075
    -7.82862
  -0.0776513
     -6.6699
     3.61645
     3.15062
    -0.94013
    0.645001
    0.938165
    0.526028
    0.589476
    0.811951
    0.955275
    -3.85985
    -4.82264
   -0.393867
   0.0295427
    0.852032
    0.862899
    0.769007
    0.563286
    -1.03706
    0.907902
     5.48166
    -5.75585
     2.86904
    -5.18885
   -0.461598
     4.06634
      3.0464
    0.248467
    0.563207
    0.581911
    0.710998
    -1.19089
    -2.69772
    -4.81659
   -0.853744
    0.175328
     5.39741
     1.10526
    -3.69137
    -8.20362
      1.1746
     -1.7499
     4.00898
    0.535507
   -0.277534
   -0.667178
     3.22958
     3.49531
     5.63677
     1.34013
      -6.386
     3.02009
   -0.659107
    0.961059
    0.744709
    0.584488
    0.580981
    -2.75012
     -3.8697
    -4.48654
    -3.59616
    -2.43525
    -1.70634
     1.75251
      3.7553
  -0.0375608
    -6.12808
     1.40294
     3.75771
      3.0957
     3.36547
     0.72141
    0.528576
    0.328791
  -0.0671948
   -0.495534
   -0.361008
     4.58206
     1.67223
    -1.54554
     2.87912
    0.645916
      3.2385
     3.72466
   -0.231523
    0.569182
    0.515475
    0.621483
    0.779302
     0.74391
    -1.17182
    -4.39012
    -3.41449
     -2.8548
   -0.627531
   -0.402784
    0.910092
       1.923
     -6.5827
    0.236514
   -0.963338
    -3.81722
    -5.16103
     3.82398
    0.478073
   -0.785045
   -0.942412
 0.000612582
   -0.159891
    -6.27892
    -4.02146
     3.22808
     1.34523
    0.589934
    -2.73758
   -0.377743
    -0.85696
   -0.518691
    0.834357
    0.385909
    0.856244
    0.757238
    0.807718
   -0.842405
    -2.52707
    -1.73409
   -0.605807
   -0.360653
     3.32555
    -1.16133
     2.23014
     3.97775
    -5.61368
     3.59356
    0.837061
    0.587034
    0.578754
    -3.45932
    -4.40095
    -0.09188
     2.51216
    -7.59415
    -4.61285
    -2.09237
     1.84514
     2.97487
     3.17499
    0.101422
    0.726286
    0.539884
    0.504273
    -4.83794
    -3.57661
    -2.28734
   -0.108015
    0.056553
    -7.52769
   -0.284095
     3.27128
   -0.241245
    0.875266
    0.783173
    0.805428
    -2.15626
    -3.31803
    -4.99785
     1.27548
    -3.87205
    -6.53153
    0.142069
    -1.89703
    -4.84809
    -2.59562
     3.66421
     3.11309
    0.308754
    0.671839
    0.710812
    0.176008
   -0.556018
   -0.411712
   -0.313204
     1.10181
     3.40804
     3.86027
     0.93799
    -4.72382
    -5.75366
     3.63074
     3.11993
    0.535987
    0.482485
     0.90106
   -0.389098
    -4.98112
    -2.43878
   -0.702094
    0.153974
     1.82099
    -6.15547
  -0.0665188
    0.988354
     3.45903
      3.2267
    0.750952
    0.723867
    0.709238
    -2.57845
    -4.33232
    0.207777
    -0.21476
     0.98983
    0.178781
    0.304175
    -2.68242
    -7.29086
     2.96983
      3.2855
     3.37818
   -0.432349
    0.914915
      0.6349
     1.17933
     1.05482
    -4.30619
    -5.47028
    -1.32488
   -0.253905
   -0.685127
   -0.737314
    -1.34446
    -1.18618
     2.82901
     2.05503
   -0.247726
    0.696834
    0.441747
     -1.6111
    -2.44893
     1.70023
     3.04789
     0.50031
    0.849361
     1.15897
    -1.47386
    -3.48282
    -5.60584
    0.357666
    0.111868
   -0.285984
  -0.0990078
    -3.53419
     3.39025
    0.794318
     -4.4919
   -0.187928
     3.34257
    0.869151
    0.786138
    0.881981
    -2.40192
    -1.20033
    0.400696
    0.724427
    -4.36946
      1.2653
   -0.291707
     1.53283
      3.0383
     3.15228
    0.510733
    0.880244
    0.649147
    0.355802
   -0.780347
     -1.0928
   -0.188565
     1.46973
    -4.19372
      2.9445
    0.827678
    0.834238
    0.871021
     0.43438
    0.480695
     1.22174
     1.37878
     1.41688
    -4.31735
    -1.85985
  0.00561759
    0.511176
   -0.262553
     3.19497
     3.18766
  -0.0405404
    0.659517
    0.409814
    -4.80489
    -5.43869
    -5.52078
    -4.62492
    -1.55306
    -0.51412
    -1.00862
    -1.55889
    -2.29928
    -6.51989
    -4.62604
   -0.725078
     2.56661
    0.824443
    0.507683
    -3.96303
    -5.19106
    -2.32246
    0.817833
     1.27256
     1.33955
      1.0037
    0.163891
   -0.641346
    -6.27651
   -0.511628
   -0.447756
    -1.95975
   -0.778139
   0.0142708
   -0.303276
   -0.468472
    -3.67374
   -0.421859
     2.57253
     2.85308
     2.81805
    0.840399
    0.538996
   0.0357171
    -4.69042
    -5.67547
   -0.752747
    -1.06911
     1.10594
     3.08991
    0.872485
    0.426107
     1.53034
     1.44613
   -0.990211
    -5.97202
    -2.83984
    -1.59628
    -1.18592
    -2.99497
     0.31304
    -1.78231
     2.02718
    0.633061
    -3.84156
     2.96366
      2.8957
    0.870535
     -3.6807
    -5.68403
    -4.25155
    -1.50629
   0.0533388
     1.97369
   -0.104098
    0.661194
    0.854927
    -2.28123
    -3.33228
    -6.33039
    -6.76585
    -6.07807
    -3.02892
    -2.50894
    -3.16877
    -3.29657
   -0.316918
    -1.45508
    -4.32339
    0.104282
     1.01682
    -2.26905
      2.5181
     2.59958
   -0.201714
    0.752029
    0.907162
    0.961329
    0.485455
    0.948291
     -4.1363
    -5.91695
     -2.1463
    -2.92366
    -2.23145
    -2.63608
   -0.915026
    0.616862
    0.192249
    0.692148
   -0.715909
    -3.34395
      2.5793
     2.86033
    0.495152
    0.697762
    0.460575
    0.464053
     1.64817
     1.51212
     1.64576
   -0.951216
    -6.85624
    -3.36327
    -5.06718
    -4.40945
    -3.32185
   -0.718391
   -0.212493
    -3.06327
     2.75392
    0.882598
    0.795615
    0.369982
     0.72199
    0.995495
  0.00378455
    -2.08794
    -2.62867
    -4.71644
     -4.2623
    -1.57481
     1.96328
     2.59026
 -0.00396281
    0.484431
    0.775104
    0.381514
     1.42157
     1.57087
    -6.46396
    -6.53526
     -7.2186
    -3.61534
    -3.32028
    -4.18607
    -4.74812
    -1.91841
   -0.490964
    -1.16233
    -2.13059
    0.942022
     2.82442
     2.49394
    -4.97247
    -6.77311
    -4.85481
    -3.46014
    -5.31113
    -3.31631
    -1.61148
    -0.19898
     1.63185
   -0.412956
      2.1386
    0.511161
    0.763024
    0.850963
    0.523145
     0.64213
     1.42966
   -0.866418
    -6.51701
    -7.11172
    -3.71391
    -5.79778
    -3.81815
     -2.7316
    -4.57219
    -4.05803
   -0.937512
   -0.457888
     -2.2793
   -0.503708
     2.07119
     2.33326
     1.49073
     1.22175
    -1.44595
    -5.43539
    -3.98593
    -5.26776
    0.517822
    0.771589
    -1.56186
     2.46016
    0.135197
    0.819004
    0.422372
     1.18858
     0.65853
    -5.89325
    -4.72077
     -2.4987
   -0.845681
     1.29208
     1.03624
     0.61042
    0.203215
  -0.0965112
    -6.10989
    -5.49952
     -5.9474
    -4.59959
    -6.62887
    -4.22005
    -1.92464
    -2.40743
    0.436117
     2.21284
     2.11506
     1.02766
    0.992329
     1.15958
     1.35397
      1.3786
     1.22399
    -6.67938
    -4.10409
    -4.00126
    -5.66488
   -0.450612
   -0.906541
     -1.6176
     2.16916
   0.0321033
    0.304531
    0.861376
   -0.563062
    -2.29473
    -3.06695
    -4.26886
    -5.80692
     -5.1255
    -3.80713
    -5.35179
    -1.03749
   -0.899569
    -1.05323
    -1.89429
    0.393184
     0.33537
     1.00462
    0.928259
    0.687867
    -1.28324
    -3.95245
    -5.93952
     -3.6158
    -3.73406
    -3.60509
    -5.92652
    -1.78615
   -0.306614
    0.135468
     1.77773
    0.848016
    0.638382
    0.452314
    0.559928
     1.05632
    0.998065
    -5.74333
    -4.51356
    -5.57013
    -3.54595
    -4.97722
     -1.5218
    -1.94118
    -1.61111
     1.94644
     1.97206
     1.85708
   0.0666157
    0.739894
    0.240978
    0.378033
   -0.504161
     -5.6785
    -6.37153
    -4.08114
   -0.988246
   -0.560503
   -0.423731
    -1.62965
   -0.922028
  -0.0730205
     1.24747
   0.0387101
    0.329972
    0.979581
     1.11138
     1.08882
     1.07463
    0.821438
    0.286596
    -1.25638
    -1.69634
    -5.40872
    -1.46158
    -1.59702
    0.645205
     1.56835
   0.0169361
    0.588895
    -4.68612
    -4.51316
    -4.31106
    -2.84492
    -2.51243
    -1.42091
     1.61675
    0.424513
    0.382089
    0.917343
    -2.75022
    -6.38954
    -3.39364
    -2.99968
    -2.69672
     -2.4809
     -1.1608
    -1.32218
   -0.654329
     1.03542
     1.16927
     1.67544
   -0.103132
    0.196828
    0.841901
    0.382337
    -2.83812
    -5.84107
    -2.99515
    -2.62655
     -4.8265
    -1.11668
   -0.836087
    0.965104
     1.13328
    0.559069
    0.232829
    0.843448
    0.947522
   -0.777061
    -3.47191
    -4.52815
    -3.00942
    -1.93922
    -2.53261
    -1.74578
    0.263606
    0.937619
     1.46752
    0.797036
     1.09972
    0.664963
     0.27697
     0.69179
    -1.32317
    -4.61283
    -4.93049
    -3.72458
    -2.58759
    -2.84482
    -3.48679
     -3.5124
    -1.50462
   -0.758911
      -2.004
   -0.848623
   -0.806024
   -0.381002
    0.722502
     1.23927
    0.453721
    0.328451
    0.255502
    0.418786
    0.621626
    -0.27112
    -1.90922
    -1.41516
    -2.06634
    -1.22727
    -1.26367
   -0.769307
   -0.679864
   0.0402354
     1.28991
    0.507964
    0.246445
    -1.64301
    -2.97366
    -1.44515
     -1.7344
    -1.16149
   -0.823421
   0.0624094
     1.07936
    0.834515
    0.417712
    0.752064
    0.909291
    0.541988
    -5.95739
    -5.51446
    -2.95286
    -1.71532
    -1.68652
    -1.99217
    -1.13737
   -0.617994
   -0.442386
     0.54354
    0.552071
    0.318153
    0.790655
    -3.28981
     -2.7427
     1.03384
    0.654534
    -3.84592
    -1.13378
    -1.02028
    -1.58597
    -2.55106
   -0.773904
    0.802581
    0.685254
    -0.20316
    0.237641
    0.755979
   -0.157122
   -0.309142
    -1.15537
    -2.64951
    -1.67718
    -1.64544
   -0.474146
    -2.74323
      1.2508
     1.13639
    0.339477
   -0.846569
    -1.05603
    -1.63874
    -3.51395
   -0.673707
   -0.957516
    -1.44359
    -2.96267
    -2.53818
   -0.793299
     0.36676
    0.899427
    0.497453
    -1.65112
    -3.64151
   -0.518495
   -0.709531
   -0.274824
   -0.109467
   -0.248317
    -1.74321
   -0.927767
    -1.91591
    -1.61226
     -1.2557
    -1.04802
   -0.223826
     1.05731
   -0.220001
    0.291621
   -0.759606
    -1.72734
    -2.03105
     0.73454
    0.815127
   -0.127779
    0.523294
    0.465979
    0.279898
    0.248841
    0.607591
     0.73573
   -0.382348
    -5.65492
    -4.32826
     -1.1697
    -1.01845
   -0.688439
    -1.57548
     -2.2546
   -0.914295
   -0.616672
   0.0349772
    0.752353
   -0.332369
    0.999233
    0.659401
    0.310955
    0.568265
    -4.85155
    -2.65376
   -0.466138
    0.862253
    0.887557
    0.753936
   -0.315445
   0.0700386
     0.20149
   -0.305024
    -0.83766
    -1.28129
    -1.78045
    -1.34133
    -1.22963
  -0.0358047
     0.92614
    0.233223
    0.302325
    0.689015
    0.499338
    0.207676
    -1.83093
   -0.121764
    0.179341
  -0.0259201
    0.365582
  -0.0052444
    -1.58656
  -0.0290595
     1.04699
    0.603737
    0.234076
    -3.66825
    -1.41492
     1.37367
    0.469735
    0.456959
    0.438744
     0.24926
    0.105396
     0.59382
    0.912193
    0.838463
   0.0170961
    -1.47661
     1.58207
  0.00738174
    0.511517
    -1.41972
     -1.4929
   -0.677931
   -0.401659
   -0.341275
    0.805256
    -2.61586
    -5.65012
    -4.55207
    -1.33427
      1.8498
     1.42077
   -0.535544
   -0.555735
   -0.782839
    0.129083
    -1.02515
    0.292932
    -4.84344
   -0.714064
    -1.35112
    -1.22071
    -1.07811
   -0.783441
    0.442981
    0.301389
    0.250593
    0.637722
   0.0970577
    -1.23927
    -4.88348
  -0.0744636
     -1.0812
   -0.818394
   -0.259443
    0.331635
    -1.08861
    -1.54394
    -1.24877
   -0.379745
    0.717263
    0.702294
     0.98633
    0.873805
    -4.02648
    -1.84948
     1.44651
    0.973931
   -0.188114
     -1.6069
   -0.301037
   -0.955911
    0.299892
    0.145311
   0.0502618
    0.463796
    0.893647
      1.1484
    -2.30377
   -0.211669
    0.563086
    0.934096
       1.718
    0.207327
  -0.0755482
    0.341131
    0.694877
   0.0315549
   -0.249806
   -0.809934
    -1.13493
    -1.37113
    -1.29616
    0.777967
    0.907679
    0.349365
    -3.50915
    -5.57917
   -0.661465
    -1.40473
   -0.338574
     1.98238
     1.83536
     0.12196
   -0.799039
    0.533022
    0.649045
    0.606598
    0.442487
 -0.00817186
    -1.38419
     0.57478
     1.09931
     1.80444
    0.350033
     0.28611
    0.179543
     0.40743
     -0.9059
   -0.979225
   -0.017204
     1.28015
    -1.31013
     -3.3651
    -1.32582
     1.29117
   -0.698902
   -0.133629
    0.559982
    0.508639
    0.378119
    0.877443
     1.20498
    -4.55284
    -4.85589
     -0.3279
    0.154741
    -0.78282
   -0.758015
     1.79828
    0.228856
   0.0816496
   -0.962032
   -0.885903
    0.455004
    0.348268
     1.08994
     1.40554
     1.29773
    0.997905
    -1.54168
     1.37747
     2.00187
     1.07734
   0.0430998
    -0.84631
    -1.10699
    -1.10896
    0.396497
    0.792909
   -0.935601
   -0.472577
     0.80349
     1.92024
   -0.758041
   -0.840748
   0.0338151
    0.604077
    0.136159
  0.00993593
     1.40071
     1.22916
    -0.40691
   -0.300257
   -0.571886
    0.183356
     1.91432
     1.89171
     1.45044
    0.788099
    0.554314
   0.0575256
   -0.915262
    -1.16277
   -0.432568
    0.466262
    0.429228
    0.189601
   -0.143298
    -3.35161
    0.368432
     1.77591
  -0.0499713
    0.333057
    -1.14902
   -0.979674
    0.528317
  -0.0517441
   -0.050658
     1.02982
    -4.43331
    -2.60104
    -1.14109
  -0.0593326
   0.0152717
 -0.00181432
    -0.61503
      -1.069
     1.35438
     1.58625
    -3.75625
    -4.25916
   -0.153396
   -0.155434
    0.237187
     0.13315
    0.333178
     1.33205
     1.42133
    0.970654
   -0.918863
    -2.12753
   -0.905687
    -1.16137
     1.24476
     1.69663
    0.614122
  -0.0373174
       0.463
    0.437063
   -0.416553
   -0.328812
   -0.220705
   -0.478855
   -0.498757
   -0.341007
    0.442777
    0.422646
    0.440677
    0.503694
     1.55038
    0.368096
    -5.26438
    -1.50579
    0.163788
    0.669243
      1.7596
    0.419334
   -0.626861
      0.3225
    0.294117
   0.0244893
     1.25244
     1.53368
   -0.541481
    0.230317
    0.967276
     1.64616
     1.51135
   -0.188836
   -0.148825
    0.212361
   -0.286908
     1.43861
      1.7242
    -1.50976
     1.43115
     1.54819
    0.141901
    0.525519
   -0.101127
   -0.733409
  -0.0377663
    -0.02561
     1.49072
    -5.33859
    -5.50361
     -3.9124
    -1.52238
   -0.817575
       1.506
     1.72491
     1.13258
    0.595747
    0.508251
   0.0793812
    0.159103
    0.493453
     1.49206
    0.194472
    0.375422
     1.75715
    0.844388
   -0.169442
  -0.0190103
    0.277788
  -0.0832647
   0.0828638
    0.254692
    0.380534
    0.441677
    0.315979
   0.0839357
     1.36015
     1.58171
    -2.83909
    -1.41637
    -1.11832
    0.235951
     1.25845
    0.747256
    0.225438
    0.695427
    0.627768
   -0.102627
    -4.27033
    -1.56113
   -0.194314
    0.365047
  -0.0783499
     -0.1605
     0.58896
   -0.255203
  -0.0895568
      0.5157
    0.485867
   -0.139716
   -0.304838
   -0.379225
     1.14194
     1.64155
     1.65093
    -3.05448
    0.341193
    0.561619
    0.715958
    0.336573
    0.277889
  0.00522374
     -6.2284
    -5.17212
      -1.896
    -1.37767
    0.931033
     0.81742
     1.66536
   -0.181702
    0.312416
    0.539565
    0.170526
    0.270879
      1.6831
     1.72605
    -1.80459
    -6.92666
    0.816457
    0.292015
     1.31168
     1.23394
      1.0034
    0.489169
    0.013207
    0.614005
   0.0732676
     0.17042
    0.441113
   -0.404475
   -0.361509
    -0.40276
     1.70102
    -1.49478
   -0.459152
     1.05797
     1.48213
      1.6596
    -0.21844
    0.270184
    0.723921
    0.580781
    0.595514
    0.502736
    0.263792
    0.937121
    -1.88906
    0.633341
   -0.164937
    0.409962
    0.502525
   -0.089057
     1.00001
     -4.7423
    -5.98857
    -4.61933
    -2.04178
     1.45578
     1.61075
     1.29431
   -0.145444
    0.321701
     1.38971
    0.715787
    0.688452
    0.693263
     1.65968
    0.666344
   0.0371314
    0.665701
    0.604173
    0.493678
    0.321099
   -0.375652
     1.82778
    -2.33015
    -3.82456
     -2.4473
   -0.628085
    0.616474
     1.62003
    0.845393
     1.38498
    0.897559
   -0.167339
    0.792175
   -0.193327
    0.272987
     0.25538
     1.08587
    0.262995
    -2.64401
     1.68923
    0.653095
   -0.198927
     0.44134
  -0.0971411
   -0.406392
      1.7294
    -1.56076
     1.27098
     1.08344
    0.259653
   -0.138365
   0.0173779
    0.777139
     0.39514
   0.0391845
     1.42372
     1.49613
    -5.99595
     1.04095
    0.900664
    0.548441
   -0.138957
   -0.286732
   -0.802196
    0.524929
    0.343838
   -0.428791
     1.76164
     1.79549
     1.67101
   -0.619921
    -4.59233
    -4.17153
     1.56855
     1.88184
     1.32159
    0.993462
      1.3993
    0.458154
    0.639172
    0.662103
   0.0232721
    -5.05265
    -2.79491
    -1.57596
      1.5143
    0.374898
   -0.074899
    0.217933
     0.26118
   -0.240671
   -0.508958
    0.830635
     -1.9621
     -3.2249
    -5.47071
    -5.55296
     1.26845
    0.193559
      1.1156
     1.76347
     1.50157
     1.01848
     1.13346
      1.1937
     1.37628
    0.729298
  -0.0941381
   -0.191787
    0.600095
    0.640875
    0.490582
   -0.325317
    0.119524
     -0.4082
     1.65055
    -4.79079
   -0.639551
    0.101341
     1.81999
     1.36765
    0.482797
   -0.136897
  -0.0103509
    -1.77538
      1.8333
      1.5748
     1.13873
     1.03129
    0.354594
    0.136176
  -0.0308759
    -0.22406
   0.0406588
     1.60917
     1.28891
     1.03544
   0.0589373
     -4.1768
    -2.97424
     1.77968
     1.37085
     1.18548
     1.05076
   -0.156062
  -0.0401604
    0.227874
    0.581118
    0.661025
    0.591911
    0.189115
   -0.192119
   -0.298575
    0.898662
     1.48254
    -5.41473
    -5.77001
    -4.58021
    0.399648
     1.33539
     1.28934
    0.111707
   -0.192996
     0.15557
   -0.584679
   -0.419241
     1.30802
    -2.08577
    -5.30884
   -0.402748
     1.29607
     1.63208
     1.18631
    0.287868
   -0.319915
   -0.232973
   -0.102629
    0.108247
     1.34381
     0.14776
     1.30926
     1.22775
     1.29553
     1.35224
     0.75853
    0.610356
   -0.199676
    0.238595
   -0.533432
  -0.0621476
   -0.332327
    0.227047
    0.766339
    -4.10776
    -1.36177
     1.83596
     2.04433
     1.53522
     1.35733
    0.912115
  -0.0877731
    0.433368
   -0.149573
   -0.388084
   -0.400628
    -4.04214
     1.60041
      1.9192
     1.14192
    0.565467
    -0.60462
    -0.21831
   -0.361334
     1.19983
     1.24972
    -4.03166
    -2.74553
     1.33176
     1.25509
    0.862634
    0.264277
    0.447549
    0.444406
   -0.528106
   -0.200969
   -0.515296
     1.01978
     0.78854
   -0.919095
    -2.51558
    -4.96471
   -0.079468
    0.684912
    0.421965
    0.162054
   -0.293443
   -0.682882
   -0.687615
    0.448161
     1.33699
     1.74457
     1.42184
      1.3352
    0.327494
    0.601263
   -0.110663
   -0.686816
    0.279128
   -0.481548
    -2.96072
     -3.6965
    -2.49321
     -1.2864
   -0.341392
     1.71569
     1.33462
      1.3027
     1.14909
   -0.527987
   -0.249388
    0.109439
  -0.0964617
   -0.083431
   -0.176418
    -3.51912
     1.60753
     1.62642
     1.50915
     1.28878
    0.135507
   -0.610349
    -3.78411
    -1.34854
     1.67085
     1.35297
     1.38383
     1.36903
     1.35515
   -0.344642
    0.077966
    0.665345
    -1.46177
    -3.02204
     1.57465
   -0.480329
    0.266023
    0.302374
   -0.673438
    0.616482
   -0.367303
    -2.06719
    -3.01681
    -2.28457
      1.0107
     1.40133
     1.57801
     1.22175
    0.991573
   0.0198006
  -0.0973572
   -0.326787
   -0.684692
   -0.764246
   -0.190709
    0.220252
    0.382146
    0.699192
   -0.460609
     1.46385
    0.227585
  -0.0341548
   -0.391478
    -1.04908
     1.43108
     1.35656
      1.3698
     1.34217
     0.64013
   -0.445446
   -0.341853
   -0.637322
   -0.865221
    -1.66687
    -2.87509
    -3.18146
     1.47625
     1.33972
   -0.172266
   -0.611789
   -0.573999
   -0.101098
   -0.157286
   -0.922366
   0.0423199
    0.426547
    0.518636
   -0.334265
   -0.937948
    -2.24397
    0.329686
     1.47874
     1.36406
   -0.598284
  -0.0532854
   -0.973328
   -0.724868
   -0.356606
   -0.180651
    0.312143
    -2.10714
    -2.48662
  0.00930015
     1.37548
     1.40347
   -0.333594
    -0.95056
  -0.0366834
    0.704536
     1.34841
     1.30671
   -0.517091
   -0.716402
  -0.0192312
   -0.704342
     0.41485
     -1.2802
     1.19878
     1.37397
     1.18283
    0.441647
   -0.185803
   -0.178205
   0.0643336
   -0.504303
   -0.891555
   -0.702324
     0.02499
     0.13803
    -0.36698
    -1.49658
    0.522002
      1.1839
     1.28963
   -0.595429
   -0.838352
   -0.778502
   -0.598464
   -0.415146
     -1.1805
   -0.222831
   -0.846199
    -1.59059
    -2.20006
   -0.263162
    0.969814
     1.09205
     1.30663
    0.319413
    -0.20913
   -0.567082
    0.196633
    0.321757
    -1.88969
     -1.5801
    -1.11705
    -0.75547
   -0.291403
     1.31206
     1.36232
   -0.738857
   -0.544487
   -0.589782
   -0.373171
   -0.459947
   -0.210215
    0.228437
    -1.10311
    0.387952
     1.12349
     1.21514
     1.29131
     1.30868
    0.493999
   -0.229274
   -0.626325
    -1.09767
    -1.60466
    -1.28395
   0.0529305
    0.737806
    0.858473
     1.20099
  0.00519688
   -0.923129
   -0.465515
   -0.640266
     -1.0469
   -0.331705
    0.120252
   -0.350556
    -1.40679
    -1.22496
   -0.596138
    0.865433
     1.10783
     1.20242
   -0.802884
   -0.432479
    -0.94425
    0.127665
   -0.888376
    0.974174
      1.0746
     0.89777
    0.848848
    0.385661
    -1.08857
   -0.120937
     -1.2249
   -0.266619
    0.809325
   -0.564393
   -0.570605
    -0.90815
   -0.581315
   -0.528576
   -0.861155
    -1.14102
    -1.04551
    -0.10705
   -0.534914
   -0.954107
   -0.441205
    0.635984
    0.621757
    0.822011
    -0.60163
   -0.617749
   0.0178729
   -0.996879
   -0.158994
    0.218696
    0.601617
    0.429783
    -1.01737
    -1.08045
   -0.839857
   -0.895631
   -0.656459
    -0.18127
   -0.737535
   -0.884477
    -0.62626
    0.323513
   -0.310383
   0.0664372
   -0.736659
   -0.984666
   -0.114207
    -0.41393
   -0.790006
   -0.928488
   -0.326677
   -0.208231
   0.0726553
    0.491581
    0.258484
   -0.703793
    -1.34215
   -0.748126
    -1.04496
   -0.485984
    -0.48646
   -0.551858
   -0.727139
  -0.0190076
   0.0479946
    0.294373
    0.215952
    -1.42349
     -1.4963
    -1.43333
    -1.21474
    -1.10963
   -0.377295
   -0.609881
   -0.566031
   -0.805478
   -0.301417
   -0.091912
   0.0922003
    0.116503
   -0.293698
   -0.487424
    -1.09654
    -1.12649
  -0.0807623
   -0.776581
   -0.439954
   -0.189948
  -0.0594637
   -0.162851
    -1.48817
    -1.43428
    -1.43347
  -0.0709802
   -0.398157
   -0.714014
   -0.141559
   -0.823102
     -1.4929
    -1.52251
   -0.304555
   -0.226238
   -0.295849
    -1.40573
  0.00269273
   0.0409757
   -0.221491
    -0.53175
    -1.43213
    -1.45377
   0.0704275
  -0.0933001
   -0.887486
    -0.45867
   -0.249591
   -0.141487
   -0.297541
   -0.921881
    -2.00996
     -1.8991
    -1.59509
   -0.863109
   -0.531097
  -0.0829426
    -1.95372
  -0.0345566
    -0.24112
  -0.0818593
   -0.495937
    -1.25259
    -1.31682
    -1.67004
    -1.95533
   -0.231345
   -0.312933
  -0.0784067
   -0.543737
   -0.795365
   -0.764195
   -0.429859
   -0.145615
   -0.730587
   -0.627132
    -0.36696
   -0.844376
   -0.946262
   -0.552724
    -0.86517
    -0.81734
    -0.62442
    -1.70781
    -1.96822
    -1.87739
   -0.228569
  -0.0489047
    -0.19631
     0.75245
    -2.49688
    0.773561
    0.269117
    -1.19772
    -1.36887
   -0.677736
    -0.26796
    0.705321
     1.76468
    0.531443
    -1.53626
    -2.29775
     1.05804
     2.03716
     1.00031
     1.21545
     1.08092
    0.188727
    -2.64377
      1.5944
   -0.491147
   -0.098648
    -2.87386
    -1.20647
   -0.489912
    -2.18963
     1.05542
    0.843343
    0.537866
     2.31556
      2.5314
  -0.0863309
    -0.20179
   -0.564449
   -0.356676
     2.48057
     2.45216
     1.47261
   -0.222227
       1.656
    -1.39242
    -1.67184
   0.0730993
   -0.702782
   -0.144365
 -0.00461757
     -5.2613
   -0.522212
   -0.442159
   -0.446574
    0.387857
     0.37683
   -0.179045
    0.639355
      1.2479
     0.65562
    0.505384
   -0.168542
   -0.286459
   -0.428625
    -1.66788
    -1.56757
    0.290596
      -5.134
     1.54688
  -0.0270086
    -6.63166
    -3.59227
     0.45291
   -0.150689
    -2.05795
      -1.987
  -0.0471424
    0.855815
    -1.26274
     5.53379
    -5.03489
   -0.947142
   -0.466676
    -3.09315
   -0.771607
  -0.0970435
     -1.8754
   -0.742223
    -2.20313
    -1.65791
    -6.32357
   -0.517913
     0.59385
    -4.46309
   -0.395061
    -4.99093
     3.98044
    -3.97708
    -1.33558
    -4.86815
    -1.31932
    -3.13052
   -0.605203
    -1.11509
    0.344865
    0.726853
     0.65401
   -0.160724
   -0.242442
     1.13749
   -0.285915
    0.607124
    0.496164
   -0.308554
   -0.409256
      1.0989
    0.229655
     1.50275
    -0.47272
     1.27409
   -0.483408
    0.817985
   -0.790533
    0.230268
    0.279994
     1.39461
     1.33958
     1.30728
   -0.640558
   -0.106817
   -0.624639
   -0.572204
    0.466535
   -0.166438
   -0.888192
    0.810714
   -0.734396
    0.551327
-0.000580728
    -1.13768
    0.281762
 0.000724932
   -0.892249
   -0.213833
   -0.882375
    -1.40043
   -0.736579
   -0.160563
   -0.291038
   -0.457815
    -1.18276
   -0.985432
    -0.73497
   -0.150786
     1.61385
     1.63168
    -2.81866
     1.40551
     1.54476
    -2.95311
     1.53199
      1.8094
     2.52531
     2.10854
     1.42601
   -0.733631
    0.510101
    0.689377
     0.23637
     2.57678
   -0.516378
     1.87704
     2.33376
    -0.35395
     1.28988
    -1.23506
    0.793439
     2.50767
     1.94371
    -1.24031
   -0.938496
    0.155703
    -1.60775
    0.258757
    -4.50352
    -8.60577
    -9.31251
     2.51603
    -7.80201
     -2.5653
     0.26658
    -2.44346
     15.1968
    0.359048
     6.69658
    0.362388
     3.53939
    -3.73303
    -2.78478
    0.611005
       3.198
    -2.68796
    -2.91151
    0.863141
    0.552344
   -0.329199
    0.744838
     3.10568
     3.35137
     -4.1182
    0.231195
   -0.475385
    -3.09799
    0.535712
     -1.6642
    -1.95675
    -5.74734
     1.44039
    0.214724
    0.572898
    -2.38996
    -2.70158
     -1.5513
    -6.25835
    0.598355
    0.288335
    0.742165
    -1.64635
    -1.89532
   -0.194078
  -0.0242819
   -0.584307
     1.32132
   0.0695822
   -0.255565
   -0.962793
   -0.957394
    0.202026
     1.60034
     1.75772
     1.69472
   0.0273879
     1.71359
  -0.0779174
     1.26665
    0.402893
  -0.0463663
  -0.0715659
   -0.525591
      0.5971
    0.188374
   -0.540359
     1.27084
     1.42046
    0.828462
    0.131835
   -0.622647
 -0.00171776
   -0.667077
   -0.210732
     1.95974
    0.645352
   -0.158662
    0.746978
     -1.7532
    -2.23831
    0.374934
     2.10329
     2.90953
   -0.695001
     2.27543
   -0.290696
    0.228814
  -0.0710729
     2.02778
     1.07568
   -0.533182
     1.32332
    0.332453
     1.13885
     2.12153
    0.135068
    -1.15144
    -4.53926
   -0.891104
   -0.549529
     2.11441
    0.764041
    -1.18247
    -8.04332
    -3.09492
     0.83591
     3.18336
    -2.71189
     2.00293
    0.618101
     2.16927
    -4.49968
    0.675302
   0.0834078
    -6.04329
     1.22454
    -6.04829
     2.54194
   -0.291826
     1.64179
   -0.881125
    -2.91086
    0.578904
   -0.147493
   -0.995565
    0.386993
  -0.0512544
     0.33284
     1.09532
  0.00451276
   -0.507941
    0.534503
    0.442917
  -0.0510259
     1.29301
   -0.565827
    0.172853
   -0.154426
    0.129023
    0.985817
   -0.182055
     0.53509
   -0.423762
   -0.201483
   -0.686139
  -0.0734537
   -0.344145
    -1.06976
    0.633611
    -2.06213
     1.62929
   0.0304814
     1.33713
    0.187473
     1.16866
     2.16037
     2.37534
    -7.55927
     2.06704
     6.58778
  -0.0566785
    -4.50905
     0.85053
    -3.88232
    -6.24291
    -1.60284
    -1.91527
    0.676865
   -0.489503
        0.94
    -1.20418
    -1.55757
  -0.0479732
    0.461037
     0.60417
     1.26569
     1.42778
    -6.80184
   0.0536785
     -2.3983
     1.31999
   -0.883169
   -0.343618
    0.623655
     1.57136
    -2.50903
     -0.4973
     1.13234
    -1.40373
    0.621308
     -4.0505
    -4.95454
     3.32043
   0.0492967
     0.95111
    -5.76519
     1.41588
    0.862255
    -3.90875
    0.910127
     -4.5264
    0.472292
    0.952136
    -6.00617
    -6.56364
  -0.0974908
    0.552288
   -0.968783
   -0.730809
   0.0281189
     0.17806
     1.08703
    0.997596
    -1.01602
     1.73651
     3.61706
     1.41596
   -0.562771
     1.38287
    0.371171
     1.13006
    -1.49426
   -0.434101
    -8.01895
    -9.07334
      1.3856
    0.105521
    -4.53932
    -4.48169
    -6.02912
    0.372182
    0.401324
   -0.191576
   -0.604884
    -1.04205
    -4.00158
    -4.79685
   -0.509708
    -2.38737
    -2.16832
    0.406782
    0.984279
     1.02764
     3.29568
      1.9364
     1.41483
    0.886438
     2.40192
    -3.67559
    -1.29996
    0.242119
     1.62581
    0.255333
     1.07579
    0.824441
   -0.718101
   -0.612118
   -0.267463
   -0.260145
    0.290799
    -5.54403
   -0.617911
    -4.40661
     -9.7856
    0.321867
     2.11166
     2.16227
    -5.69601
    -1.09695
     -2.0506
   0.0769472
    0.892167
     1.41287
     1.25732
     1.30277
    0.299653
    0.643825
  -0.0239567
   -0.396281
   -0.951619
   -0.381201
    -4.83552
     3.08362
     1.02831
    -3.16418
    -3.28146
   -0.179855
    0.287081
    0.484434
   -0.850437
    -1.41331
   -0.250373
   -0.686371
    -3.99517
   -0.693911
    -5.94704
    0.886635
    -2.31677
   -0.419315
    0.805045
     1.20449
    -2.06384
   -0.889954
   0.0265724
    0.154298
    -1.26157
    0.378897
    -6.73522
    -4.44801
     1.18982
   -0.841589
    0.596558
  0.00342788
    -2.84779
     1.08547
     1.82349
      1.3965
    -1.41289
     1.06297
    0.379297
   -0.061596
   -0.765847
    0.405713
    -5.92176
    -4.37454
     1.12376
    -2.34431
    0.231157
    -1.08484
    0.926525
    0.405567
     1.62578
      1.2624
     1.56984
   -0.309641
   -0.941359
    0.405258
   -0.639761
    0.271541
  -0.0895301
     3.63336
    0.537563
    0.431095
    0.433978
    -5.91647
     0.31883
     1.41199
     2.86737
    0.972177
    0.687808
    -1.10082
     1.56882
   -0.264664
    0.879691
     2.02496
   -0.875404
     1.61774
   -0.159956
    0.292253
    -2.32074
   -0.471612
    -5.95085
    0.318987
     1.71455
  -0.0280999
    -2.00763
    0.630131
   -0.530313
     1.46771
   -0.683681
    0.776796
    0.496296
     1.28338
     -2.0111
    0.293997
     1.25065
   -0.429657
   -0.390595
    0.640084
    0.103671
    0.533586
   -0.363875
     1.43729
    0.614797
    0.268486
     2.20402
    -1.66123
     -2.1462
    0.629241
   -0.555257
     3.05545
    -1.57634
    -2.60362
    0.759651
    -1.56732
    -4.57884
    0.925569
    -1.19154
   -0.552428
    0.777393
    0.921258
   -0.553492
    -2.62933
     1.12029
     1.08469
   -0.876083
    0.762738
    0.971965
    0.986583
    -3.50552
    0.858017
    0.136073
     1.07396
   -0.895212
    0.756838
    0.788546
      1.6765
   -0.895357
    0.450203
   0.0161426
     6.60685
    0.424402
    -7.47273
    -1.25801
    0.707537
    -4.76167
    -5.87296
   -0.192289
    0.149816
    -1.21747
    0.885607
     1.18555
   -0.518388
   0.0530361
    0.791558
     1.00519
     1.27377
   -0.332421
     0.68498
    -1.29608
     1.87963
    -1.38839
    0.494953
    -7.68659
  -0.0364737
   0.0101354
    0.368684
  -0.0546311
    -5.31981
   -0.538054
    -1.26788
    -1.72415
   0.0842412
    0.217365
    0.365939
     1.28709
    -2.06396
   0.0914088
    0.172744
    -4.94651
    0.733494
     2.85462
    0.351748
    0.577637
    0.320184
    0.791408
   0.0949395
    0.961292
     1.25415
   -0.846299
    -5.52984
    0.180637
    0.657797
    0.546283
     1.05084
    0.490698
     1.10147
  -0.0986394
     1.34813
   -0.123698
    0.963052
      0.9038
    -6.31129
     0.36018
    -1.67427
   -0.161385
   0.0463161
    0.884682
      1.7164
    0.576532
     1.33383
     2.89623
    0.118027
     1.10442
    0.122164
     3.04072
     0.59073
    0.496833
    0.191915
    -1.09024
   -0.375359
    -7.75796
  -0.0898175
    0.243552
    -2.68497
   0.0742451
    -2.07811
    0.559476
     2.56668
     -7.3039
   0.0560567
    0.450726
   -0.468441
    0.328244
    0.429089
    -1.81242
    0.580789
    -9.56922
    -6.50762
    -7.04453
    -8.08077
     -7.4375
     1.27767
     0.53676
    -1.91796
     1.44711
    0.738791
    -4.48605
   -0.508896
     0.07588
   0.0337033
     -1.5318
   -0.481146
    -1.83305
    0.427713
   -0.670906
   -0.589965
    0.193325
    0.616308
    0.195154
      0.3866
    -1.91084
     0.94539
     -0.6779
     0.57538
   -0.892087
    -0.33942
    -2.54958
    -1.43512
    -1.97355
   -0.699031
   0.0472006
    -1.89413
   -0.508106
       1.481
     -0.2864
    -0.71177
    0.612029
   -0.354539
   -0.602259
   -0.755577
    -1.09297
    -1.08656
     0.54838
   -0.451351
    0.356587
    0.986887
   -0.337227
     1.43767
     1.37372
     1.90775
     1.62549
    -0.60448
   -0.453513
   -0.591312
  -0.0936527
  -0.0369839
  -0.0627753
  -0.0797311
     1.01439
     1.68819
 -0.00305208
    0.385363
    0.457886
    0.381486
  -0.0606716
  0.00600134
   -0.544048
   -0.305509
   -0.714078
   -0.720115
    -0.24466
   -0.771364
   -0.736899
     1.48501
   -0.485066
   -0.171858
   -0.644525
    0.280127
   -0.358578
    0.300497
   -0.746649
   -0.564765
    -1.90762
     -2.5884
    -2.26114
    -1.83278
   -0.598418
   -0.377687
    -0.41007
   -0.846865
    0.165808
    0.390062
   0.0865063
   0.0825177
   -0.776084
    -1.23405
    -0.80182
   -0.450047
  -0.0603086
  -0.0692411
    -0.08789
   -0.076705
   -0.280595
     1.66266
    0.124414
    -1.34463
   -0.548063
   -0.319595
   -0.313468
    -1.10344
     0.36185
   -0.447684
     1.51454
    0.364044
   -0.505902
    0.244587
     2.00537
     2.47076
    0.204797
  -0.0575958
   -0.865831
   -0.695942
   0.0210004
   -0.398647
     -0.8356
     2.85199
   -0.690381
    -1.60864
    -1.06969
      1.5311
     -2.6048
   -0.333929
    -1.25516
   -0.691504
   -0.119633
   -0.603003
    0.456163
    0.343631
     0.13576
   -0.855597
    0.614368
     2.22087
    0.268444
     -2.2278
   -0.230291
   -0.446905
    -1.15821
    -1.09849
   -0.363272
     0.13351
     0.67623
   -0.645257
   -0.515028
   -0.561466
   -0.705487
   -0.720069
    0.330245
    0.099508
    0.333077
  -0.0279828
  -0.0563102
   -0.416572
    -2.15038
    -2.57156
   -0.156988
    -2.25564
     3.37485
    0.365945
    0.695069
   -0.968701
    0.532929
   0.0307389
    -1.53248
    -1.24712
     3.58431
    0.207987
    0.012667
    0.271429
   -0.569974
    -1.20428
    -1.25828
    -2.03324
    -1.59527
    0.286368
   -0.459332
     1.48167
    0.835794
  -0.0894602
   -0.825222
     2.54464
   -0.164279
    -1.37062
   -0.285686
   -0.412757
    -1.54804
    -1.38499
   -0.498141
   0.0367794
    -1.61176
   -0.722889
    0.183664
   -0.711285
    0.410226
      1.5314
    -1.86471
    0.947479
     0.16423
    0.392426