    -2.25535
    -2.41856
    -2.46132
    -1.92373
    -1.80716
    -1.72436
    -1.84243
    -1.88025
    -2.07868
    -2.39679
    -2.41401
    -2.50248
    -2.51933
    -2.23415
    -1.77802
    -1.31273
    -1.16795
    -1.03312
   -0.783809
   -0.750232
   -0.696504
   -0.708146
   -0.730316
   -0.639665
   -0.802012
    -1.02666
    -1.29158
     -1.3392
    -1.34458
    -1.22551
   -0.962383
     -0.8339
    -1.40499
    -1.60143
    -1.79687
    -1.82066
    -1.76609
    -2.32118
    -2.34631
    -2.36073
    -2.15285
    -2.43361
    -3.37017
    -3.39124
    -3.71438
    -3.91926
    -4.20401
     -4.1957
     -3.8752
    -4.58287
    -5.38579
    -5.58681
    -5.71764
    -5.62237
    -5.66617
    -5.26065
    -5.08505
    -4.18777
     -4.0434
    -3.42218
    -3.00249
    -2.41993
    -1.85669
    -1.66383
    -1.49599
    -1.47496
    -1.41198
    -1.04603
   -0.926691
   -0.655568
   -0.589167
   -0.421629
   -0.532134
   -0.805122
    -1.05296
    -1.17744
      -1.245
    -1.20002
     -1.0732
   -0.986168
   -0.916851
   -0.846029
   -0.822817
   -0.871282
   -0.909101
   -0.928975
   -0.899239
   -0.778663
   -0.608731
   -0.400464
   -0.192484
    0.112717
    0.372478
    0.358536
    0.367513
    0.242871
     0.14234
  -0.0415671
    -0.19782
   -0.530705
   -0.918865
    -1.37498
    -1.75378
    -1.88257
    -1.87514
    -1.64181
     -1.2517
   -0.977122
   -0.848294
   -0.925817
   -0.764796
   -0.685585
   -0.692136
   -0.595379
   -0.490011
   -0.227168
   -0.124506
   -0.507395
   -0.356195
   -0.400461
   -0.434366
   -0.533946
    -0.62552
   -0.716701
   -0.785595
   -0.767179
   -0.683843
   -0.557129
   -0.467998
   -0.515478
   -0.619786
   -0.772064
   -0.893231
    -1.02817
    -1.15307
    -1.20448
    -1.23742
    -1.18715
   -0.964135
   -0.649424
   -0.417665
   -0.297478
   -0.352892
   -0.518192
   -0.909116
    -1.28473
    -1.60744
    -1.68654
    -1.51416
    -1.18411
   -0.834915
   -0.579802
   -0.526359
   -0.798107
    -1.17811
    -1.49107
    -1.64298
    -1.66558
    -1.66275
    -1.67326
    -1.86394
    -1.99575
    -2.10965
    -2.08398
    -1.93407
    -1.57548
    -1.24163
    -1.05447
    -1.03105
    -1.37836
    -1.71271
    -1.96791
    -2.10945
     -2.0604
    -1.81585
     -1.4291
   -0.983492
   -0.727717
   -0.700518
   -0.910304
     -1.2943
    -1.61334
    -1.72284
    -1.68759
    -1.61214
    -1.35933
    -1.13101
   -0.911301
   -0.826909
   -0.903472
    -1.10077
    -1.35417
    -1.50796
    -1.63307
    -1.60715
    -1.79491
    -1.93963
    -2.60047
    -2.52495
    -2.64549
     -1.6173
    -1.76249
    -1.01131
    -1.16442
    -1.92287
    -2.07374
    -2.04659
    -1.95465
    -1.66684
    -1.80125
    -1.53376
    -6.60658
    -1.57275
    -6.09754
    -2.22845
    -2.09619
    -1.17921
   -0.457901
    -1.03591
    -1.37263
    -1.37931
    -1.54469
   -0.612238
    -1.60651
   -0.894405
    -1.48877
     -1.3666
    -5.85071
    -2.52871
    -3.54378
    -5.82488
    -1.05001
    -5.70244
     -2.1877
    -1.69318
     -1.5479
    -1.68447
    -2.16012
   -0.985666
    -1.00131
    -2.25893
    -1.31145
    -1.14945
    0.065181
   -0.215964
   -0.986139
     -0.1069
   -0.795288
    -1.52579
    -1.27682
    -1.05711
    -1.08671
   -0.807542
    -1.06001
    -1.67935
    -1.89928
     -1.0155
   -0.742331
   -0.363429
   -0.489314
     -1.3328
    -1.51335
   -0.711667
      -1.614
    -1.59724
    -1.84402
    -0.77699
    -1.24153
    -2.59329
    -6.14414
     -5.6499
    -1.47386
     -2.6089
    -2.50247
    -1.84411
    -1.68735
     -3.4577
    -4.71113
    -2.93074
    -4.87875
    -5.12681
    -1.05623
    -1.40832
   -0.664661
    -5.66728
    -6.25369
    -5.34285
    -2.34713
    -2.06023
    -1.31627
    -2.86959
    -1.59203
    -1.58212
    -2.29155
    -2.07564
    -2.29683
    -2.11585
    -2.20346
      -1.066
   -0.910756
   -0.776251
    -2.04104
    -1.66566
    -3.23369
    -1.00709
    -1.06981
    0.131917
   -0.550636
    0.410725
    0.326372
   -0.857438
   -0.165232
    -0.69312
    -1.61148
    -1.23911
    -1.06373
    -1.07207
   -0.739087
   -0.940407
   -0.580319
    -0.66323
   -0.776457
    -0.67755
     -1.0945
   -0.775876
     -1.1636
   -0.316169
    -0.42497
   -0.468068
   -0.716979
    -1.16753
    -1.61906
    -1.31138
   -0.723435
    -1.55691
    -1.50876
    -1.66648
    -1.86828
     -1.8307
    -1.27902
   -0.898586
    -1.46998
    -1.90995
    -2.00628
    -6.39588
    -5.76038
    -5.60659
    -4.78104
    -1.29613
    -1.80788
    -1.82682
    -2.30258
    -1.59365
    -2.93723
    -1.31517
    -1.10176
    -3.16661
    -3.03331
    -4.00634
    -4.15127
    -2.32352
    -4.63209
     -4.9222
   -0.672293
   -0.587379
    -5.11864
    -2.21633
    -2.07465
    -1.94747
     -1.8819
    -1.27629
   -0.974002
    -1.84968
    -2.49797
      -1.458
    -1.10676
    -1.03636
    -2.84842
    -2.73289
    -1.62449
    -2.29379
    -2.04755
    -1.08033
   -0.924834
    -0.85938
    -0.84206
    -0.81641
   -0.852155
    -2.02235
     -2.6483
    -1.47381
    -1.08608
    -3.59713
    -0.89098
    -1.11544
    -1.15916
   -0.910052
   -0.242234
    0.298354
    0.363958
    0.191268
    0.164415
  0.00242684
   -0.808586
   -0.741377
   -0.286936
    -1.59935
    -1.76958
    -1.14043
    -1.01784
   -0.995355
   -0.731841
   -0.826216
    -1.01785
   -0.472417
   -0.585364
   -0.655263
   -0.648625
    -0.75069
    -1.24902
   -0.347408
   -0.284284
   -0.509813
   -0.407563
   -0.732536
   -0.565218
   -0.726914
   -0.337764
   -0.850825
    -1.19067
    -1.31576
    -1.42136
    -1.50522
    -1.68044
    -1.61321
    -1.77436
     -2.0075
    -1.95177
    -1.43953
   -0.989504
    -2.08104
    -2.12597
    -1.67474
    -2.02955
    -1.69552
    -6.04745
     -6.2749
    -5.75684
    -5.17079
    -4.60341
    -1.19771
    -1.51109
    -1.49415
    -1.39894
    -1.46665
    -1.24211
    -2.31702
    -2.53046
     -1.5049
     -1.0066
    -2.19614
    -1.09098
   -0.812276
   -0.866384
     -1.2015
    -2.87727
    -3.45197
     -3.9703
    -3.16302
    -4.06228
    -4.53824
    -2.18555
    -2.24362
    -4.88382
   -0.597325
    -2.21322
    -2.33849
    -2.17618
    -1.88891
    -1.78436
   -0.886043
    -1.67747
    -2.05195
    -1.49555
    -1.99421
    -2.28109
    -1.65012
    -1.81202
   -0.918617
   -0.719989
    -1.03219
    -2.61106
    -2.96997
    -2.12738
    -1.20191
    -2.60644
    -1.35084
   -0.968953
    -1.80299
    -1.05789
   -0.897014
    -3.66537
     -1.0915
   -0.830713
   0.0980723
   -0.716011
    -0.55697
   -0.382587
    -1.61286
    -0.96477
   -0.821271
   -0.750213
   -0.970942
    -1.01324
   -0.894002
   -0.586822
    -1.07506
    -1.20303
   -0.633714
   -0.972843
   -0.464799
    -0.80787
    -1.35621
    -1.05027
    -1.65987
    -1.06562
    -1.62382
     -1.9116
    -1.93166
    -1.64911
    -1.01353
   -0.856993
   -0.715017
   -0.944458
     -4.6953
    -5.02107
    -4.15269
    -1.01593
    -2.44159
    -1.56546
   -0.992992
    -2.01254
   -0.964542
   -0.852884
    -2.12251
    -1.37404
    -1.39048
    -3.11573
    -2.51009
    -2.05138
    -4.41792
   -0.637443
    -3.12478
    -1.78019
    -1.99857
    -0.98144
   -0.850387
     -1.7324
    -1.61131
    -1.09817
    -0.77151
    -1.95824
    -2.10184
     -2.9962
    -2.93853
     -1.9176
    -2.22288
    -3.19206
   -0.946937
    -1.09841
   -0.700974
   -0.575323
   -0.607774
   -0.679446
   -0.833913
   -0.726795
    -1.89939
    -1.54664
   -0.956821
   -0.753197
    -0.63418
    -1.24387
   -0.701442
   -0.785753
   -0.988136
    -1.12879
   -0.478137
   -0.574314
   -0.801425
    -1.00454
   -0.983441
    -1.06362
    -1.50456
    -1.60316
    -2.07385
    -1.81561
    -1.14027
    -5.38644
    -5.45862
    -4.13468
    -2.40665
    -2.66731
   -0.884213
    -1.04724
    -1.06679
    -2.38042
    -2.69037
    -2.34118
    -2.10262
    -1.78171
    -1.19928
    -2.76348
    -2.57989
    -1.87913
   -0.865147
    -1.79253
    -1.74311
    -1.59678
    -1.30268
    -1.40584
   -0.692911
    -1.20773
    -2.35381
    -3.88522
    -2.33492
    -1.33374
    -3.00392
     -2.5658
    -3.36564
   -0.728527
   -0.985225
   -0.852872
    -1.75945
    -1.11151
    -1.13228
   -0.590763
   -0.406034
   -0.784217
    -1.50559
   -0.787749
   -0.709878
     -1.5344
    -5.99141
    -2.48405
    -2.44719
    -2.48543
    -2.18035
    -3.01685
    -1.32062
   -0.902991
    -2.41845
    -1.67691
    -1.35726
   -0.832661
   -0.749338
    -0.47479
    -2.16964
    -1.27589
    -2.93962
     -1.5381
    -3.08944
    -3.39266
     -2.9226
   -0.860105
    -1.70952
    -1.79786
     -1.1411
    -1.22995
    -1.32839
   -0.747759
   -0.590301
   -0.382248
   -0.951948
   -0.767668
     -1.0317
    -1.61707
    -1.35483
    -1.54348
    -1.27481
    -1.55849
    -1.35546
    -5.41599
    -5.62824
    -2.40424
    -2.86527
    -2.76051
    -2.33151
    -1.21665
    -1.08108
    -2.60503
    -2.33652
    -1.33978
     -1.4426
    -1.18998
    -0.73324
   -0.743427
   -0.694567
    -1.65282
    -2.82476
    -2.90594
     -3.3208
    -3.11855
    -2.22177
    -3.58967
   -0.964551
    -1.70622
    -2.66302
   -0.781915
   -0.839167
   -0.974912
   -0.937569
   -0.946969
   -0.998766
    -1.72242
    -1.60165
   -0.486136
   -0.930959
   -0.917218
    -1.43781
    -1.52959
    -1.25865
    -5.99759
     -6.0959
    -2.70183
     -1.7085
    -2.27857
      -3.011
    -2.68147
    -2.64408
    -3.00645
    -1.15478
    -1.39596
   -0.780229
    -2.47964
    -2.13992
    -1.06106
    -1.15694
    -1.18503
    -2.90707
    -1.14854
    -1.40553
    -1.93274
    -2.80167
    -2.34136
    -2.97494
    -1.03136
    -1.40082
    -1.70099
   -0.362178
   -0.377781
    -0.52585
    -1.33623
      -1.044
    -1.38148
    -5.84658
    -6.43559
    -2.71985
    -2.44205
    -3.01941
     -2.3183
    -1.13551
    -1.43139
    -1.53414
    -1.83326
    -2.14276
   -0.946525
     -1.2071
   -0.992113
    -4.46459
    -1.36094
   -0.253808
     -1.6554
    -3.27612
     -2.1353
    -1.08141
    -1.62818
    -1.30709
   -0.456202
    -1.33001
    -1.32578
   -0.725718
    -5.95795
    -5.53347
    -2.85131
    -4.37615
    -3.37815
    -1.09739
    -1.29049
    -1.26502
    -1.30102
    -1.27616
    -1.47097
    -1.34919
    -1.26265
    -1.90418
   -0.847057
    -1.50097
    -3.92926
    -1.68941
    -2.14482
    -1.88597
    -2.27694
    -1.47235
    -2.74173
   -0.629946
    -2.02884
    -2.83907
    -1.03504
    -1.20468
   -0.941948
    -3.55371
    -3.26145
    -1.53937
    -2.06562
    -1.40453
   -0.961075
    -3.06148
   -0.722898
    -3.13065
    -1.19716
    -2.71787
    -3.61185
   -0.670093
    -1.59897
    -3.62685
    -3.00571
    -1.30525
    -1.72064
    -2.90217
    -2.62216
    -2.84678
    -3.34331
   -0.786747
   -0.879238
   -0.580625
    -1.04183
     -1.1971
    -3.27388
    -2.30935
     -3.6485
    -4.13042
    -3.31946
    -2.91175
    -1.29681
     -1.4243
    -1.12697
    -1.32623
    -1.36582
    -2.03586
    -1.94095
    -3.16323
    -3.88604
    -3.26673
    -2.69254
    -2.08279
    -3.62463
    -3.92476
    -2.73612
    -3.08683
    -2.58411
    -3.78729
    -3.63358
    -3.22814
    -2.33069
    -2.68774
    -1.93781
    -2.42715
    -2.38194
      -2.535
    -3.39127
    -3.79145
    -3.24348
    -3.97396
    -3.58573
    -4.73531
    -4.15648
    -4.23655
    -3.96447
     -3.5459
    -3.18067
   -0.892033
   -0.993609
    0.308762
 7.78464e-05
   -0.476517
  -0.0576545
   -0.178866
   -0.542669
    -1.02783
   -0.496401
   -0.767942
   -0.312529
    -2.18939
    -1.87827
    -1.36434
    -4.38043
    -4.41085
    -5.67774
    -4.86098
    -4.95416
    -5.29454
     -5.8041
    -5.43524
    -2.48841
    -1.19445
    -1.36394
    -1.04849
    -1.06283
    -1.04153
    -1.09302
    -1.12594
   -0.976429
    -1.14382
    -1.09767
    -1.10163
   -0.954628
   -0.927108
    -1.06496
    -1.24914
    -1.21894
   -0.935165
    -1.28521
   -0.582457
    -1.59243
   -0.806166
    -1.20244
    -1.98722
    -1.57263
    -1.57431
    -0.96508
    -1.11658
    -1.56102
    -1.03376
    -1.42762
    -1.86173
    -2.32598
    -2.31388
    -1.80739
    -2.38753
    -1.77686
    -1.96618
    -1.74619
    -1.32779
    -1.53993
    -1.71977
    -1.69198
    -1.57811
    -1.67823
    -1.95982
    -1.74093
    -5.70448
    -5.18266
    -4.63172
    -4.71575
    -5.05907
    -2.35783
    -2.77948
     -3.0665
    -3.02113
    -2.72674
   -0.941498
    -1.10917
   -0.929475
   -0.902357
   -0.613375
   -0.458022
    -1.74928
    -2.22665
    -2.11112
    -2.00212
    -3.29726
    -2.95102
   -0.948134
   -0.893934
    -1.21187
    -1.17161
    -1.14681
   -0.810763
   -0.816289
    -1.53734
    -2.77283
    -2.21074
    -1.04305
     -1.0912
    -2.40353
    -2.29518
    -1.89159
    -2.69902
   -0.742863
   -0.975279
   -0.867831
   -0.729496
   -0.937681
   -0.847803
   -0.861209
   -0.773426
    -1.14713
    -1.15946
    -2.19082
    -2.58873
    -2.93362
    -2.82038
    -2.85645
    -2.59883
    -3.05631
   -0.791811
    -1.63314
    -1.49052
    -2.31361
    -2.12934
     -1.8696
     -2.0736
    -1.86729
    -2.46581
    -2.70265
    -2.62528
    -2.37503
    -2.48111
   -0.424942
   -0.434982
   -0.428097
   -0.730283
   -0.562558
    -0.79296
   -0.822048
    -2.35919
    -2.32124
    -1.85405
     -2.2793
    -2.00754
    -2.59099
    -3.60491
    -3.03389
    -4.25602
    -4.26574
     -1.1852
    -1.52733
    -1.33194
     -1.5138
    -1.29929
    -1.59836
    -1.51662
    -1.18921
     -1.5195
    -1.40736
    -1.29981
   -0.269316
    -2.59145
    -3.35139
   -0.204349
    -1.58138
    -1.80564
    -4.25891
    -4.42615
    -4.29438
     -4.0309
    -2.30098
    -2.71969
    -2.54596
    -2.76894
    -3.52967
    -2.54534
    -3.23279
    -3.61559
    -1.08519
    -1.10104
   -0.957839
   -0.832399
   -0.758118
    -1.29979
    -2.14235
    -1.55335
    -1.31738
    -4.85683
    -1.09849
    -1.47836
    -1.89271
     -1.9181
    -1.80891
    -1.59315
    -2.17404
    -2.20196
    -1.52421
     -1.9656
    -1.01636
    -1.23278
    -1.04401
    -1.43194
   -0.995348
   -0.774727
    -1.11648
    -1.40493
    -3.53703
     -2.4527
    -2.01989
    -2.27876
    -2.62615
    -2.76998
    -1.72556
    -1.98154
    -1.14919
    -1.50703
    -1.59607
    -1.97995
    -1.50935
    -1.58564
    -1.31499
    -1.44169
     -1.6551
    -1.48048
    -2.48042
    -1.77834
    -1.92001
    -1.79318
    -2.17821
    -2.10133
     -1.9503
    -4.20385
    -5.41815
    -5.44406
    -4.87292
     -3.0096
    -2.54376
    -2.21336
    -2.73122
    -0.82587
   -0.830609
     -1.0553
    -3.42912
    -5.69462
    -4.96572
   -0.932712
    -1.06008
    -1.03165
    -1.28334
    -1.44563
    -1.23252
    -2.08791
    -2.70816
    -3.88067
     -3.6968
    -1.02315
    -1.35297
    -2.02769
    -2.44774
    -1.35533
    -1.44641
    -1.51817
    -1.27129
    -1.26174
    -3.01122
    -2.50926
   -0.646366
  -0.0148994
    -1.63958
    -1.59375
    -1.70933
    -1.59518
    -1.67176
    -1.49392
    -1.44161
    -1.54438
    -1.53881
    -1.48865
   -0.877274
    -2.29389
    -3.07829
    -2.33208
     -2.4048
   -0.979605
    -3.29258
    -2.61773
    -1.40365
    -1.09029
   -0.565676
    -1.79955
    -5.15077
    -1.87506
    -1.58375
    -1.51935
    -2.08301
    -2.16893
    -2.39513
    -2.31688
    -3.01726
    -3.08213
    -2.23733
    -2.44745
    -3.64439
    -2.98079
    -3.40292
    -1.24308
    -1.29544
    -1.08028
    -2.22908
    -1.94266
    -2.22472
    -1.88824
    -4.85362
    -2.34801
    -1.04386
   -0.591548
   -0.806683
    -3.57728
    -3.97279
    -5.73096
    -4.40849
   -0.932419
    -1.01799
   -0.995925
   -0.987596
    -1.51242
    -1.41821
   -0.852297
    -1.23353
    -1.11428
     -1.2489
    -1.44009
    -1.44595
    -1.69796
    -2.79056
    -3.20281
    -3.29934
    -1.36976
    -1.12825
    -2.00863
    -1.36853
    -2.00084
    -1.63137
    -1.82002
    -1.66281
    -2.62523
    -1.17961
    -1.53988
    -1.48843
    -1.60852
    -1.37105
    -1.63617
     -1.3654
    -1.47012
    -1.40833
    -1.41022
    -1.45924
     -1.7649
    -1.38508
    -1.46203
    -1.31234
    -1.43861
    -1.46479
    -1.36317
    -1.22746
    -1.36965
    -2.32088
    -1.39523
    -2.00586
    -1.94611
    -1.30804
    -1.39046
    -1.19024
    -1.32202
    -1.35519
    -2.93608
    -3.33234
    -3.37248
    -3.43518
    -3.95435
     -1.7675
    0.285167
    -0.39567
   -0.391705
   -0.998263
   -0.685875
    -1.42239
    -0.29202
     -4.9571
    -1.98134
    -2.05005
    -2.20287
    -1.98138
    -2.22073
    -1.81371
    -1.56416
    -1.69336
    -2.34501
    -1.57516
     -2.5111
    -2.61893
    -1.99344
    -2.08682
    -2.29304
    -2.00563
     -1.2865
    -2.07282
    -1.78599
    -1.86052
    -1.97185
    -1.64633
    -1.70609
    -1.74011
    -1.72282
    -1.91043
    -3.15762
     -3.8074
    -3.07055
    -3.64804
    -3.06912
    -2.53093
    -2.82313
    -3.49508
     -3.9996
    -4.24546
    -3.79629
    -3.70743
    -4.48779
    -4.73922
    -4.42327
    -4.06732
    -4.63596
    -3.75125
    -3.90878
     -4.0818
    -3.83505
     -4.5956
    -4.83577
    -3.91271
    -4.09385
    -3.87136
    -1.15057
    -1.93606
    -1.67264
    -1.75986
    -1.97242
    -2.00567
    -1.91061
    -1.98618
   -0.817636
    -0.40609
     -4.8319
    -3.85395
    -5.53643
    -1.02003
    -1.23712
    -1.19959
    -1.25573
    -1.21261
    -1.02787
    -1.42056
    -1.37133
    -1.22961
    -1.41137
    -1.80319
    -1.57423
    -1.79914
    -1.74277
    -1.62827
    -2.08786
    -1.45215
    -1.85864
    -1.93235
    -1.87343
    -1.35378
    -1.64188
    -1.33189
    -3.55769
    -3.70188
     -3.2258
    -4.10599
    -3.41004
    -1.66407
    -2.03472
    -2.54821
     -2.4158
    -2.18195
    -1.71343
    -1.25215
    -1.21941
    -1.42206
    -1.79992
    -1.10845
     -1.5253
    -1.81573
    -1.75236
    -1.16313
    -1.14277
    -1.07112
    -1.28404
    -1.31629
    -1.34573
    -2.41849
    -1.40778
    -3.37101
    -3.72117
    -3.68167
    -3.67731
    -4.34125
    -2.43651
    -3.99526
    -4.39219
    -4.20841
     -4.1541
    -3.25887
     -2.9568
    -3.35773
    -3.16282
    -3.78961
     -2.5864
    -3.50191
    -2.59638
    -3.15757
    -3.59742
    -3.37203
    -3.28566
    -3.29975
    -3.30231
    -4.49775
    -3.87451
    -3.53531
    -3.70777
    -3.25072
    -3.65956
    -3.42682
    -3.71389
    -1.92244
    -1.76726
    -1.65102
     -1.7174
    -1.31917
    -1.51512
    -1.61168
    -1.84321
    -0.74903
    -1.63086
    -3.42129
    -4.40765
    -4.06887
    -3.77081
    -3.86538
    -3.93606
    -3.76979
    -4.07035
    -1.49029
     -1.3541
   -0.440044
    -3.33776
    -1.10102
    -1.25064
    -1.17769
    -1.30153
    -1.43043
    -1.52779
    -1.95363
     -2.1205
    -1.35631
    -3.25158
    -4.75325
    -3.44463
    -1.88735
    -1.83189
    -2.53457
    -2.53327
    -2.16102
     -2.1478
    -1.38762
    -2.23867
    -2.26853
     -2.6001
    -2.16283
    -2.60564
    -5.06026
    -4.18994
    -1.06853
    -1.64097
    -3.30482
    -4.60041
   -0.204582
    -2.17987
     -1.3461
    -3.94236
     -3.5186
    -1.43662
    -1.74439
    -1.87372
    -1.56729
    -1.25662
    -1.67422
    -2.15369
    -1.82574
    -2.08292
    -1.23149
     -2.0606
    -2.34108
    -1.48207
    -1.80252
    -1.75567
    -2.25739
    -1.69019
    -1.57367
    -1.94611
    -2.13744
    -2.33866
    -2.37594
     -2.3684
    -2.05706
    -2.31177
    -2.06526
    -1.81611
    -2.16469
   -0.560609
   -0.434235
    -4.55102
    -2.45976
    -1.11201
    -1.13171
    -1.21817
    -1.24346
     -1.2578
    -1.21581
    -1.16153
    -1.67615
    -1.27937
    -1.19946
    -1.21208
    -1.21712
    -1.33717
    -1.13325
    -1.25251
    -1.12753
   -0.975972
    -1.18946
    -2.72907
    -1.96619
    -3.66561
    -3.04123
    -4.28753
    -3.99722
    -4.30522
    -4.25003
    -2.57777
    -3.80479
    -2.84051
    -2.24762
    -2.22322
    -3.03402
    -3.51096
    -1.86504
    -2.11065
    -2.07056
    -1.98455
    -1.81686
    -2.27277
     -1.8101
     -2.2786
    -2.22642
    -2.34764
    -2.20261
    -2.14687
    -2.17429
    -1.86133
    -1.92464
    -1.64831
    -1.65551
    -1.72162
    -1.87662
    -2.74913
     -4.6027
    -4.45784
    -1.84406
    -1.89791
    -1.15741
    -2.01271
    -2.23922
    -3.23131
    -2.85744
    -2.91587
    -4.64978
    -3.97926
    -4.04136
   -0.812744
   -0.465287
   -0.845867
   -0.556964
    -1.22019
   -0.968201
    -1.44624
    -1.56016
    -4.44908
    -1.30381
    -1.25344
    -1.39448
    -1.69343
    -1.53132
    -1.05522
    -1.44228
    -1.77166
   -0.563034
    -1.69574
    -1.53447
    -1.23274
    -1.46842
    -1.37404
    -1.59017
    -1.45058
    -2.01614
    -1.71741
    -2.35147
     -2.0852
    -2.25832
    -1.94407
    -1.73473
    -1.98199
    -1.49287
    -1.50518
    -1.86161
    -3.72446
    -3.24947
    -3.76683
    -3.50473
    -3.52971
    -1.99255
    -2.77375
    -2.38728
    -1.82766
    -2.16387
    -1.47877
    -1.22884
    -1.42471
    -1.30094
    -1.17525
    -1.17724
    -1.12959
    -2.00107
    -2.24738
    -1.21168
    -1.02457
   -0.862212
    -1.45227
    -1.59523
     -1.3541
    -1.09436
    -4.56731
    -4.12244
       -5.03
    -4.25135
    -3.96359
     -4.2274
    -4.50915
    -4.81853
    -4.95673
    -4.42254
    -5.01932
   -0.679654
   -0.241615
    -2.89996
    -3.32198
   -0.668059
   -0.266196
   -0.450973
   -0.582883
   -0.863146
    -0.41931
   -0.748655
    -2.17937
    -1.53537
    -1.27363
     -3.1436
    -1.12395
    -2.25963
   -0.670919
    -1.26524
    -1.16018
    -1.73645
    -1.53963
    -4.61079
   -0.749223
   -0.830054
   -0.894625
   -0.982739
      -1.076
    -0.56732
   -0.313252
     -1.3134
    -1.28909
    -1.44868
    -1.10294
   -0.999767
    -1.46245
    -2.31926
    -1.28477
     -1.3326
    -1.55417
    -1.39313
    -1.82078
    -2.15026
    -1.88038
     -2.0557
     -2.5104
    -1.82281
    -1.81101
    -3.85804
    -3.88787
    -2.57916
    -3.37082
    -1.68477
    -3.14553
    -3.30591
    -2.56259
    -2.29754
    -2.28681
    -1.97573
    -1.63706
    -2.29587
    -1.39728
    -1.46696
    -1.47355
    -1.15121
    -1.32006
    -1.73539
    -4.58476
    0.329662
     0.39138
   -0.418408
   -0.868918
    -1.32694
    -1.81141
    -3.01906
    -1.20214
   -0.437827
    -1.53138
   -0.321265
   -0.245739
    -1.88251
    -2.30943
     -1.2246
     -1.6332
    -1.78365
    -2.30406
    -1.82908
    -1.48952
    -2.03948
    -4.27034
    -2.57719
    -2.14417
    -2.42984
    -2.46115
    -1.94488
    -2.08294
    -1.74341
    -1.65256
    -1.20818
    -1.29928
    -1.25522
    -3.19984
    -1.52913
    -1.87363
    -2.03037
    -2.95507
    -2.70129
    -2.31731
    -2.27939
    -2.92084
    -3.99426
    -2.40679
    -2.59144
    -2.04977
    -2.59435
    -3.83858
    -3.67552
    -4.37796
    -4.82869
     -2.9651
    -2.04392
    -1.52123
    -1.85501
    -2.21521
    -2.27022
    -2.15826
    -2.15883
    -1.97245
     -1.8979
    -1.94733
    -1.36796
    -3.44268
    -2.65162
    -3.65408
    -4.56322
     -2.0011
    -1.99316
    -1.93056
    -1.46526
   -0.152274
   -0.757459
    -2.11092
    -1.77759
    -1.19001
    -1.44748
     -1.1465
    -1.20995
    -1.96328
    -1.54657
    -1.21732
    -3.21325
    -3.37318
    -3.65254
    -4.94095
    -5.51009
    -3.34383
    -3.30167
    -5.36204
    -4.75885
    -4.61649
     -5.0354
     -3.0849
     -3.6852
     -2.4304
    -2.97384
    -2.85452
    -2.44057
    -2.48452
    -3.29056
    -1.77325
    -1.68048
    -1.62171
    -1.28878
    -1.35134
    -1.87238
    -1.38345
    -1.92099
     -2.1618
    -2.04577
    -1.88163
    -1.98587
    -2.06996
    -1.99023
    -1.87803
    -2.07623
    -2.17148
    -1.99103
    -2.30346
    -2.04749
    -2.01532
    -2.33943
    -2.15236
    -1.85234
    -2.18906
    -2.30453
    -2.06294
    -2.22375
    -2.05486
    -2.31165
    -1.63163
    -2.26458
    -1.90943
    -2.23881
    -2.01001
     -1.9893
    -1.93139
    -1.73544
    -2.16943
    -1.14978
    -2.07062
    -2.19197
    -2.30781
    -2.57099
    -2.45444
    -2.33622
    -1.27595
    -1.47118
    -1.71575
    -1.58737
    -1.89142
     -2.3787
    -2.33358
    -2.21362
    -2.47413
    -2.14673
     -2.1231
    -2.22639
    -2.42196
    -2.04746
   -0.701901
    0.856176
   -0.489377
    -2.31494
    -3.04299
     0.50208
   -0.784845
   -0.600755
   -0.243864
     3.49699
    -1.65901
    -2.32789
     2.47741
    -3.70045
    -4.40168
    -3.08059
     1.71541
     1.78158
    -4.51132
    -3.86013
    -2.16153
    -3.44918
    -2.40539
    -1.69259
    -1.68173
    -1.87376
    -5.50866
    -4.60005
    -4.07945
     -3.5619
    -3.53414
    -3.44514
     -3.9645
    -3.58337
    -4.02909
    -1.98955
    -2.14779
    -2.18492
     -1.5233
    -2.13723
     -2.3209
    -3.68097
    -2.96979
    -1.44441
     4.08319
    -1.44342
    -1.28808
    -2.03922
    -1.43849
    -1.69251
    0.313226
    -3.44373
    -3.35585
    -2.78746
    -2.78766
    -2.93141
    0.304373
   -0.926046
    -2.32648
     -1.7272
    -1.58267
    -5.08156
    -5.12762
    -5.76414
    -5.57001
    -2.31452
    -2.11857
    -1.97126
    -1.78908
     1.11961
     3.97389
     1.01935
     3.34476
    -0.14194
   -0.607491
    -1.49796
    -1.86543
    -2.70668
     -1.9451
    -5.11598
     -5.5321
    -2.02514
    -2.04699
    -1.81503
    -1.88806
     -1.9918
    -1.60543
    -1.85489
    -1.98855
    -1.98616
    -1.78243
    -1.64812
    -2.19209
     -1.5288
    -1.24368
    -1.79871
    -1.14314
     -1.3056
    -1.19736
    -1.09878
     2.86549
   -0.118215
   -0.425217
    0.106117
    -2.31535
      3.2198
    -1.62064
    -1.56515
    -1.51034
    -1.37386
    -1.43799
    -1.35505
    -1.62143
    -1.55623
    -2.78958
    -5.27645
    -1.83599
    -1.81629
    -1.24677
    -2.07323
    -1.46574
    -1.42974
    -2.02071
    -2.38896
    -2.22733
    -2.16507
     -2.3477
    -2.30074
    -1.92979
    -1.38809
    -4.18773
     3.71179
     2.83604
    -1.75373
    -1.18734
    -1.51379
     -1.7712
    -1.48662
    -1.97672
    -1.96966
    -1.44561
     -1.4499
     -1.4053
    -1.55462
    -2.42758
    -2.65007
     -2.2169
    -5.04022
    -3.91259
    -4.48035
    -4.24554
    -3.62828
    -4.18686
    -3.56332
    -3.94051
    -4.39603
    -5.17986
    -5.27953
    -5.35474
    -5.59295
     -1.1911
     -1.9238
    -2.09986
    -2.22063
    -2.24167
    -2.30177
    -2.43047
    -2.22829
    -1.24396
   -0.968537
    -2.13296
     1.03233
    0.683587
    -1.55366
    -1.61881
     -1.5895
    -1.76076
    -1.64675
    -1.76202
    -2.05486
    -1.50644
     -1.3534
    -2.74595
     -4.9619
    -2.97503
    -2.89027
    -2.28302
    -2.37669
    -4.62934
     -3.8497
    -3.52897
     -3.0708
    -3.82496
    -2.08218
    -2.58193
    -3.32468
    -4.57764
    -4.01601
     -4.1777
   -0.548783
    -1.79736
    -1.80064
      -1.926
    -2.19482
    -1.96735
    -1.94958
    -1.25093
    0.247148
    -1.61172
    -2.02363
    -1.87887
    -2.40317
    -1.91263
    -1.81397
   -0.862565
    -1.18272
    -1.25455
   -0.886511
    -3.13651
     -1.2901
     1.13256
     3.35528
     3.47551
    -4.40359
  -0.0815166
    0.314202
     1.21492
  -0.0110896
    0.250962
     1.96266
     2.39107
     1.46052
      1.1003
      -4.263
     1.75339
    -1.87983
     3.90922
   -0.773535
   -0.172826
   0.0387185
   -0.313762
     1.46283
    -2.82778
    0.531311
     2.21617
    -6.47987
    -4.53593
     -3.0735
    -1.53972
    -1.53988
    -1.55419
    -2.24475
    -2.07649
    -2.58133
    -3.47482
     -3.6864
    -3.54579
    -2.78227
     -2.8556
    -2.88914
    -3.21395
     -2.6958
     -2.4001
    -4.03585
    -1.50642
    -1.77519
    -1.99608
    -2.11053
     -1.9468
    -1.61879
     -1.8518
    -1.38267
    -1.70643
    -1.32404
    -1.92719
    -2.13219
    -2.23017
    -2.23335
   -0.639585
    -2.44856
    -3.16017
    -2.48381
    -3.14928
    -2.16047
    -3.10965
   -0.010799
    0.223163
    -3.73995
    -2.90633
    -3.84919
    -2.56006
    -2.84008
   -0.458964
    -3.30148
   -0.918366
    -2.32403
    -2.22988
    -2.36137
    -2.18746
    -2.35698
    -2.11361
    -1.82821
     -1.5333
     -1.7823
    -2.01349
    -1.57984
    -2.00815
    -2.62797
    -3.73367
    -2.40746
    -3.12201
    -3.53243
    -4.38906
    -4.60575
    -3.77697
    -3.60437
    -3.31142
    -3.29135
    -3.04011
     -2.9269
    -3.04228
    -3.11574
    -2.84525
     -3.2936
    -1.62278
   -0.706073
    -3.55455
    -3.64115
    -2.40359
    -2.39928
    -2.54899
    -3.43247
    -3.09162
    -3.28052
    -2.90099
    -1.95823
    -2.35895
     -1.6151
    -1.18176
    -1.45475
    -1.49167
    -1.88107
    -1.28065
     -1.8974
    -3.15222
    -2.63809
    -2.38678
    -2.36778
   -0.542779
    -2.35736
    -2.76519
    -1.89327
    -2.92141
    -2.07499
    -2.52208
    -1.76607
     -1.1022
    -1.09633
    -3.58455
     1.71692
    -2.27661
     -3.5195
    0.380488
    -4.31836
     -3.7504
    -3.89072
     1.01715
     1.14322
    -3.73164
    -1.79473
    0.734115
   -0.955349
   -0.670186
     1.86708
    -1.85449
    -2.80442
     1.25174
   0.0181375
    -1.23166
      0.6125
    -1.29472
    -1.89958
    -2.20717
   0.0097798
      1.9892
   -0.939905
    0.961444
     1.32164
    -1.43023
     1.80861
   -0.386476
    0.543972
    0.437381
   -0.359803
     1.41993
     1.75083
    0.475439
     2.38531
    0.736129
     1.52629
   -0.416845
    -3.11967
    -3.17384
    -2.91425
      -3.099
    -2.85742
    -1.04605
    -3.36769
     -1.6453
    -1.80266
   -0.930297
   -0.647907
    -1.85564
    -1.47428
    -1.90878
    -3.23407
    -5.51425
     -2.3812
    -2.19671
     -1.7845
    -2.74378
    -3.12482
    -3.09269
     -2.5995
    -2.92601
     -1.7119
    -1.83864
    -4.14432
    -3.37661
    -3.68683
    -2.98625
    -3.55481
    -3.85346
    -2.86921
    -2.94107
    -3.13444
    -2.39356
   -0.991935
   0.0483852
   -0.773034
    -1.27337
    -1.70004
    -1.74477
    -1.61808
    -1.27836
    -1.81506
    -1.41048
   -0.981108
    -1.33951
      -2.036
    -1.89796
    -1.92722
    -1.92997
     -1.0834
   -0.191877
    0.205499
   -0.954559
    0.550832
    0.867647
      1.1678
   -0.993263
    -0.76041
    -4.70798
    -2.68282
    -1.90071
     -1.6279
    -1.57265
    -1.69271
    -1.55753
    -2.01739
    -1.47649
    -2.77613
    -3.15653
     -3.1257
    -3.78382
    -2.91884
    -3.19347
     2.37037
    -1.61754
   -0.526026
    -1.11608
    -1.19453
    -1.46271
    -1.52771
    -1.98399
    -2.00708
   -0.238678
    -5.15735
    -4.15818
    -5.41591
    -5.00672
    -4.56959
    -1.83879
    -1.66239
    -2.01946
    -2.36902
     -2.5104
     -3.2479
    -3.37053
     2.84124
     2.55722
    0.915642
    0.983556
    -1.13887
    -1.22756
    -2.22083
    0.228519
       1.488
     2.01375
   -0.291385
     1.23103
    0.798326
   0.0098094
   -0.780985
     -5.0329
    -3.78052
    -1.97768
    -3.01285
    -1.43411
    -1.73666
    -1.96537
    -1.94991
    -3.00847
    -1.66904
    -1.27839
    -1.57641
    -4.74402
    -2.92132
    -3.99113
    -4.64958
    -2.34971
    -1.81618
    -4.10647
    -2.81667
    -1.58323
    0.426167
    -1.14316
    -1.58406
    -3.06623
    -3.29733
    -4.94461
    -1.71847
    -2.35003
    -1.86354
    -1.60569
    -1.80813
    -2.01292
    -2.15117
     -2.0711
    -2.60571
    -3.22083
    -3.42707
     -4.5229
    -2.55136
    -1.88309
    -1.77801
    -1.97596
    -2.33084
    -2.05551
    -4.09542
    -5.00645
    -3.26354
    -4.45731
    -3.13627
    -3.97823
     -3.2403
    -3.82547
    -3.73776
    -2.09095
    -2.11915
    -1.98994
    -2.08002
    -2.17193
    -1.18955
    -2.35642
    -3.09618
    -2.14742
    -2.84405
    -4.04171
     -4.2491
    -3.02213
    -1.50805
    -1.69605
    -1.57197
    -2.24879
    -2.26287
    -1.40411
    -2.35108
    -1.95447
    -2.03509
    -2.82022
    -1.99013
    -2.60162
    -3.24468
    -2.63831
    -2.35595
    -1.35768
    0.488135
    -2.98792
    -2.16277
    -1.86639
    -3.17855
    -4.51238
    -3.88019
    -1.55453
    -1.72191
    -1.53117
    0.637483
   -0.190614
    -1.84329
    -4.67486
    -2.12077
    -3.92689
    -1.80396
   -0.822066
    0.246792
    -1.16883
    0.554839
    -0.57356
     1.01624
    -1.14866
    -1.79196
    -1.86407
    -1.94148
    -2.66511
    -2.89127
    -2.13147
    -2.16161
      -2.246
    -5.03614
    -4.25088
    -4.01719
    -3.95017
    -4.35674
    -1.79331
     -2.3563
    -2.03798
    -5.23465
    -4.86158
    -2.53264
    -3.68168
    -5.09489
    -3.84563
    -6.14019
    -3.27524
    -2.19022
     -6.0755
    -2.96428
    -2.36346
    -1.89387
    -3.18034
    -3.62714
    -6.51891
    -6.16923
    -5.01204
    -4.89298
    -6.17078
    -5.54739
    -4.99035
    -2.01593
    -3.90115
    -6.81545
    -5.68161
    -5.71296
    -4.61188
    -3.08908
    -4.33166
      -3.078
    -3.02167
   -0.187406
   -0.217022
  -0.0338467
   -0.649549
   -0.719202
   -0.218061
   -0.467583
   -0.499947
   -0.811789
    0.107182
   -0.847066
   -0.909526
   -0.628668
   -0.902898
   -0.840181
   -0.816434
    -0.94571
   -0.808326
    -1.67876
     -1.0671
    -1.28675
    -1.03222
    -1.04251
   -0.953597
    -1.08014
   -0.936347
   -0.976557
    -1.15328
    -1.02756
    -1.27083
    -1.31017
    -0.98567
    -1.34296
    -1.44643
    -1.04822
    -1.05299
    -1.15876
    -1.16666
    -1.42364
     -1.2507
    -1.61294
    -1.16628
    -1.76723
   -0.977186
   -0.994611
   -0.936026
    -1.19121
    -1.27864
    -1.27747
    -1.72185
    -1.49859
    -1.45934
    -1.71533
    -1.43493
     -1.6201
   -0.950082
    -1.00654
    -1.03427
   -0.964145
   -0.974019
    -1.93142
    -1.38448
    -3.11912
     -2.5559
    -1.78758
     -2.6809
   -0.955977
    -1.07887
    -2.21843
    -2.45585
   -0.861834
    -2.01718
    -1.63862
   -0.774451
    -1.53429
    -1.48936
    -1.06701
    -1.16986
    -1.17684
     -1.1901
    -1.14411
   -0.390916
   -0.152426
   -0.667285
    -1.00951
   -0.806166
    -1.73459
     -1.3606
    -1.40435
    -2.02004
     -1.8342
    -1.71827
    -1.30388
    -1.04156
    -1.10751
    -0.88076
   -0.719405
    -1.47545
    -1.01522
   -0.798418
   -0.538757
    -1.26947
    -1.25089
    -0.80448
    -0.41328
    0.126953
   -0.743462
    -1.15595
   -0.750964
     -1.0701
    -2.57716
    -2.69222
    -3.24002
     -3.6321
    -3.16697
    -3.63415
    -3.54602
    -3.52748
    -3.39676
     -3.6522
    -4.06147
    -2.20586
    -1.35787
    -1.37894
    -1.42507
    -1.39883
    -1.38628
    -1.28832
    -1.39406
    -1.34794
    -1.28708
    -1.32472
    -1.28395
    -1.20203
     -1.1797
     -1.2255
     -1.3848
      -1.328
     -1.3421
    -1.32577
    -1.41271
    -1.56767
    -1.46972
    -1.34278
    -1.23316
    -1.29218
    -1.34108
    -1.34656
    -1.27573
    -1.14931
    -1.42032
    -1.40599
    -3.94575
    -1.44107
    -1.71575
    -0.93664
    -2.12394
    -3.44006
    -3.74839
    -3.75228
     -3.6068
    -3.73607
    -7.40311
    -1.07012
    -1.18844
    -1.18889
    -1.01141
    -1.31068
    -1.35071
    -1.84187
    -3.74629
    -3.72509
    -4.18188
    -4.04615
    -3.98575
    -4.13947
    -4.41387
    -4.57031
    -4.11386
    -4.30201
    -3.72193
     -3.6475
    -3.31723
    -2.53771
    -2.49123
    -1.82633
    -3.24341
    -3.56261
    -3.22068
    -3.69206
    -3.16951
    -3.35983
    -2.71188
    -2.11643
    -3.75759
     -3.0587
    -2.78921
    -3.80055
    -3.53836
    -3.61274
    -3.82007
    -1.62963
    -2.54191
    -2.18091
    -2.05399
    -1.78868
    -2.41752
    -2.04885
    -2.17407
    -2.25995
    -2.34667
    -2.16696
    -2.46034
    -2.00523
    -2.29122
    -1.86865
    -2.06476
    -2.29199
    -2.44267
    -2.39924
    -2.28702
    -1.91155
     -1.5132
    -1.09368
    -1.67556
    -1.12603
    -2.46213
    -2.50752
    -2.64015
    -2.68718
    -2.55685
    -2.61938
    -2.59611
     -2.5277
      -2.468
    -2.50805
    -1.44306
    -1.02777
    -2.02112
    -2.58643
     -2.6602
    -2.58251
    -2.11632
    -2.41063
    -2.42251
     -2.0664
    -2.38361
    -2.46679
    -1.79949
    -2.10021
    -2.45939
    -2.32463
    -1.70298
    -1.81599
    -2.52071
    -2.46922
    -2.55876
    -1.47213
    -2.59585
    -2.37645
    -2.55605
    -2.67013
    -2.43415
    -2.33574
    -2.43223
    -2.48813
    -2.43215
    -2.44538
    -2.34058
    -2.47284
    -2.41127
    -2.43913
    -2.46817
    -2.46182
    -2.53576
    -2.54126
    -2.49413
    -2.51214
    -2.50475
     -2.4784
    -2.52247
     -2.4901
    -2.47226
    -2.56677
     -2.5739
    -2.50187
    -2.59179
    -2.57957
    -2.53703
    -2.65575
    -1.70065
    -2.61028
    -2.56283
    -2.51158
    -2.45291
    -2.47608
     -2.4939
    -2.09499
    -2.31914
    -2.05591
    -2.47983
    -2.49373
    -2.51415
     -2.5656
    -2.58659
    -2.66227
    -2.71053
    -1.59808
     -2.6553
    -2.61551
    -2.57273
    -2.00887
    -2.50331
    -2.36713
    -1.96472
    -1.29892
     -1.6867
    -1.79226
    -1.48463
     -1.0008
    -1.74179
    -2.27377
    -1.87903
    -1.17514
    -1.36889
    -1.55753
    -2.16457
    -1.81657
    -2.25062
    -1.97408
    -2.30558
    -2.20447
    -2.15309
    -2.50052
    -2.48649
    -2.56818
    -2.59901
    -2.51817
    -2.50801
    -2.66813
    -2.59606
    -2.60615
    -2.59955
     -2.6235
    -1.67301
    -2.15539
    -2.46778
    -2.62009
    -2.47167
    -2.52504
    -2.53086
    -2.48005
    -2.24571
    -2.55378
    -2.49889
    -2.10282
    -2.49072
    -2.58155
   -0.719391
    -2.53552
     -2.5199
    -2.49533
    -2.54769
    -2.48163
    -2.50604
    -2.52541
    -2.47119
    -2.51746
    -2.48308
    -2.52291
    -2.58869
    -2.60236
    -2.63769
    -2.63754
    -2.55479
    -1.80494
    -1.56454
    -2.11004
    -1.89848
    -1.61223
    -1.74768
   -0.947435
    -2.53907
    -2.62098
    -2.54617
    -2.40744
    -2.50715
    -2.56783
    -2.76484
    -2.67672
    -2.56852
     -1.3994
     -2.3042
    -2.57005
    -2.40508
    -2.62002
    -2.52448
    -2.58394
    -2.34933
    -2.22706
    -2.35888
    -2.64877
    -2.65222
    -2.72365
    -2.77671
    -2.90695
    -2.60209
    -3.07443
    -2.71659
    -3.02278
    -2.78294
    -3.15266
    -2.99537
    -3.25811
    -3.00847
      -2.448
   -0.680016
    -1.57736
    -2.20092
    -2.32702
    -2.43086
    -2.40865
    -2.32825
     -2.3742
    -2.29029
    -2.43388
    -2.38447
    -2.31731
    -2.39859
    -2.57404
    -2.25361
    -1.63642
    -2.00136
    -2.07281
    -1.38102
    -1.14025
   -0.889037
   -0.878081
  -0.0460732
    -1.80751
    -1.70976
    -3.15443
    -3.32374
    -2.73857
    -1.81667
    -3.51471
    -2.66003
    -2.77152
    -1.68175
    -3.27687
    -3.40354
    -2.99673
    -3.28336
    -3.24404
    -2.99459
    -2.42474
    -3.12808
    -3.50929
    -3.25298
    -3.25203
    -2.88272
    -2.33502
    -2.45843
    -2.59403
    -2.22595
    -2.27409
    -2.51905
    -2.66172
    -2.35187
     -2.7073
    -2.11879
    -2.38257
    -2.40343
    -2.17079
    -1.79639
   -0.403421
   -0.409191
    0.414078
    -2.47846
    -3.16333
    -2.03701
     -1.8859
     -2.7701
     -2.5422
    -3.58028
    -3.36712
    -2.72283
    -2.40169
    -2.32768
    -2.46026
    -2.17699
    -2.24499
    -2.75135
    -2.93471
     -2.3005
    -1.88103
    -4.61403
      -2.303
  -0.0405551
   -0.975169
   0.0539708
    -1.89633
    -2.98202
    -1.11675
    -2.82607
   -0.518094
    0.926436
     1.83123
     1.50158
    -2.54618
    -2.26932
    -2.61863
    -1.75578
    -1.77443
    -2.14789
    -2.19684
    -2.31241
    -2.11082
    -1.99225
    -2.15889
    -2.34655
    -1.51305
    -1.01397
    -1.82796
    -2.18655
    -3.26637
   -0.590735
    -0.56732
   -0.224942
   0.0249488
   -0.193296
   -0.720501
   0.0623044
    0.184609
    -1.09886
   -0.115289
    0.212305
  -0.0594193
     0.26775
   -0.217532
    0.228846
    -1.35473
    -1.63093
    0.155885
    -2.59412
    -3.17919
    -1.75201
    -2.86471
      -2.533
    -3.08356
    -2.37767
    -1.95746
    -2.45526
    -3.29796
    0.360095
     1.82025
     0.49665
    -2.00384
    -1.99981
     -2.8608
    -1.13698
    -1.31732
     3.24839
    -1.44104
   -0.414917
   -0.613872
    0.851952
    -2.04625
    -1.63925
     -2.2496
    -1.81814
    -1.96115
    -5.31194
    -1.55177
     0.72362
  -0.0646029
    -3.11428
    -2.42014
    -1.97145
    -3.32122
    -4.86706
    -1.35326
    -4.80523
    -2.70348
    -7.34507
   -0.457137
    -2.31557
     0.22078
    0.955288
     0.23192
   -0.256635
   -0.248284
    -6.75107
    -4.07589
    -5.44579
     -6.3768
    -4.99832
    -4.64608
    -6.88913
    -5.50802
    -2.72753
     -2.9835
    -5.49868
    -6.29287
    -7.35387
     -6.2914
    -9.62736
    -13.6256
    -14.5919
     -6.5991
     -12.069
    -7.79368
    -5.45236
      -11.05
    -9.38916
    -4.53671
     -5.3417
   -0.443779
    0.746797
    0.339627
   -0.317836
    0.507905
    -1.16921
    0.773012
     1.00097
   -0.322606
     -3.0555
    0.413298
    -2.47314
    -3.13805
   -0.852051
    -7.34188
    -18.5059
    -14.8685
    -8.25348
    -7.96494
     2.34399
    0.490386
   -0.943556
    -1.84045
    -1.66389
    -1.88052
    -6.58101
    -4.58633
    -4.43544
    -3.49595
     -3.4597
    -2.33473
    -3.37574
    -2.44945
    -1.31158
     1.50531
     1.27669
     1.74368
     2.02929
     3.56468
     1.64013
     1.97763
     1.87206
   -0.761219
     1.64147
     4.75928
   -0.419638
     3.80667
     5.33464
     4.69091
     4.56865
     3.07302
    0.661521
     3.56163
     3.68191
    -1.42309
      -2.177
    -1.43477
    -1.87327
     0.10478
    0.913308
   0.0271902
    -1.36753
    -1.12079
   -0.764151
   -0.762175
    -1.48113
    -1.65408
    -1.17415
    -1.22889
      -1.584
    -1.14242
    -1.73053
    -1.45663
    -2.07779
    -1.90308
    -1.84728
   -0.987907
    -5.15962
    -3.33314
    -3.38058
    -4.80292
     -3.0418
    -13.5857
    -6.39311
    -3.43792
    -1.00637
   -0.805291
    -8.14475
     -12.516
    -6.36966
    -8.73139
    -11.6969
      -3.489
    -10.1134
     -14.664
    -1.10839
    -1.13463
    -1.13803
    -1.24022
    -1.17183
    -1.35271
    -1.32676
    -1.56182
    -1.04766
    -1.06614
    -1.22653
    -1.49434
    -1.14946
    -1.18673
   -0.297703
    -4.00026
    -4.20067
    -3.68887
    -4.04479
    -1.67942
    -3.85199
    -4.13945
    -2.61229
    -3.59653
      -3.321
    -3.14372
    -2.81805
    -2.83794
    -2.23798
   -0.968591
    -2.52987
    -1.84569
    -1.60954
    -1.36745
    -1.36431
    -2.69499
   -0.863104
    -1.53771
   -0.269701
     -0.3181
  -0.0484033
     -1.8009
    -2.89172
    -2.18106
    -3.07898
    -2.01988
    -1.46333
   -0.750468
    -2.45597
    -3.45735
    -3.35576
    -2.95656
    -1.11763
    -1.76069
    -2.59728
     -3.5885
    -3.92075
    -1.41433
   -0.781788
     -1.1628
    0.197019
    -1.59974
    -1.63217
    -2.90134
    -2.70285
    -3.06962
    -3.18496
    -2.52008
    -3.36558
    -3.56384
    -3.83455
     -3.6567
    -4.03057
     -3.4423
    -3.77437
      -3.757
     -3.6247
    -3.67118
    -3.39693
    -4.34247
    -4.17048
    -4.21656
    -4.23476
    -4.13115
    -3.90815
    -3.92827
    -4.01578
    -4.00016
     -3.2699
    -3.65949
    -2.71389
    -3.09861
    -2.26454
    -2.63889
    -2.22922
    -3.13657
     -2.6738
    -1.80323
    -2.75716
    -2.52974
     -2.1907
    -2.61806
    -3.15487
     -3.4538
    -1.46957
   -0.642019
    0.072815
   -0.909134
    -1.73557
    -2.68519
    -2.10564
     -2.4815
    -1.57021
    -3.28621
    -2.56259
    -1.23735
    -3.03453
    -1.90812
    -3.61587
      -3.007
    -3.05308
    -3.68274
    -3.17397
    -2.69165
    -2.35165
    -3.47519
    -1.71184
    -3.55026
    -3.13374
    -3.46148
    -2.48486
   -0.260037
    -2.54369
    -3.16691
    -3.18531
    -3.11618
    -2.30805
    -1.86753
   -0.363875
    -2.80705
    -1.10854
    -3.06291
    -0.13955
    -3.68774
    -0.35214
    -2.89163
    -2.80131
    -3.41957
    -1.17031
   -0.194899
    0.727435
    0.632958
    0.469531
   0.0835839
    0.476651
   -0.109128
   -0.246575
    0.102665
   0.0130051
    0.383357
    -4.09275
  -0.0890561
    -1.13433
      -1.601
    -1.32478
    -1.56723
    -1.52393
    -2.32154
   -0.769272
     -1.8665
    -1.42997
    0.759826
    -1.27167
    -1.28723
    -2.82754
    -2.81082
    -2.49453
     -1.3193
    -1.32221
    -1.55171
    -0.97176
    -1.01183
    -1.14828
    -1.11213
    -1.38316
   -0.960047
   -0.946955
    -1.25481
    -1.20459
    -1.63215
    -1.48192
    -1.28274
    -1.35548
    -1.51335
    -1.30457
    -1.11507
    -1.46814
    -1.10603
     -1.6974
    -1.41337
     -1.3242
    -1.60552
    -3.32806
    -2.24583
    -1.87541
    -1.52213
    -1.28965
    -1.47057
    -1.70033
    -1.69664
    -1.42375
    -1.94489
    -1.72012
    -1.61104
    -1.77213
    -1.68341
    -1.65967
    -4.50437
    -2.66536
    -2.30109
    -4.00748
    -4.03958
    -3.71684
    -4.55556
    -4.35466
    -3.58651
    -5.48406
    -5.39217
 -0.00714305
     0.21178
    -2.89639
    -2.06931
    -2.61756
    -2.18885
    -3.39265
   -0.121136
    -1.68786
    0.872244
      1.7994
    -4.38498
    -4.58629
     -4.3955
    -4.66707
    -2.92705
    -2.15474
    -2.11459
    -2.10252
    -2.07445
     -1.8017
    -1.62426
    -2.07712
    -2.10051
    -2.31555
    -4.37533
    -3.23386
    -6.33289
    -4.64638
    -4.85399
    -7.78374
    -6.62245
    -2.22025
    -3.85918
    -4.87903
    -7.69773
    -6.88453
    -5.14882
    -3.02092
    -2.51739
    -1.92728
    -4.24425
    -7.07061
    -7.60673
    -3.52236
    -3.79599
    -2.39148
    -7.20206
    -6.85604
    -6.20037
    -5.65168
     -8.0382
    -8.07613
    -5.32971
    -7.62601
    -6.23951
    -5.95112
    -6.47287
    -4.78144
     -6.2225
    -4.28525
    -5.31796
    -3.43618
    -2.30993
    -6.90978
    -6.69214
    -5.31778
    -5.37795
     -2.9858
    -7.49262
    -6.30209
    -7.52207
    -5.19136
    -1.85271
    -2.76671
     1.30201
     0.47098
    -1.62489
   -0.228166
   -0.139948
    -1.24282
      1.5668
    -1.72644
    -6.83769
    -7.18782
     -4.9112
    -5.57626
    -1.86674
    -2.82268
    -2.94773
    -1.59197
    -4.42124
    -3.46019
    -3.91214
    -4.37535
    -3.33052
    -2.14301
    -2.97879
    -2.39519
    -2.85588
    -3.23862
   -0.711266
   -0.739236
    -1.03376
   -0.719628
     -1.0514
   -0.884006
   -0.886549
    -1.02766
    -1.15432
    -1.19979
    -1.25222
    -1.01352
    -1.27337
    -1.19163
    -1.16522
   -0.944261
    -1.01852
    -1.23116
    -1.06767
   -0.948267
    -1.02495
    -1.15092
    -1.10645
    -2.24737
    -1.13163
    -1.18102
    -1.95022
   -0.931604
    -1.30154
    -1.12469
   -0.987494
    -1.42602
    -1.14826
   -0.987979
    -1.22195
    -1.03829
    -1.42854
   -0.692286
   -0.890834
    -1.29011
   -0.938062
    -0.87584
    -1.05947
   -0.922301
    -1.11186
   -0.960562
    -4.57052
    -3.08797
    -2.13124
    -1.32742
    -1.25492
   -0.991037
   -0.818806
    -1.22978
    -1.23782
   -0.969347
    -1.03032
    -2.99665
   -0.866169
    -1.85891
    -2.94629
    -0.92488
    -1.13624
   -0.957062
   -0.897081
    -1.09912
    -1.30368
    -3.20796
    -1.96941
    -2.13538
    -1.41336
    -2.15295
    -3.46674
    -1.09779
   -0.797992
   -0.938605
   -0.734189
   -0.556771
   -0.918403
   -0.861435
    -1.71973
    -2.49502
    -1.13665
    -1.72215
    -3.98148
    -4.60247
    -3.12063
    -1.09186
   -0.654596
   -0.555624
    -0.58055
   -0.600151
   -0.625617
   -0.537861
   -0.453869
    -1.22535
    -1.32875
    -2.13624
    -5.72195
    -1.04284
   -0.913796
   -0.805662
    -1.04531
   -0.851922
   -0.662499
   -0.489273
    -1.21465
    -2.43944
    -4.65214
   -0.981983
    -2.43527
     -1.4617
     -1.1675
     -1.9067
    -1.39855
    -1.20753
    -1.29225
    -1.48371
    -1.79589
    -1.73474
    -1.41501
    -1.62823
    -5.22279
     -3.8724
    -5.87779
    -1.43622
    -1.53744
    -5.36762
    -5.46569
    -5.91571
    -5.02321
    -4.57058
    -5.76512
    -1.97433
    -2.06977
    -2.16226
    -1.63566
    -1.49743
    -1.33527
      -2.185
    -1.13625
    -1.32112
    -1.23397
    -1.25018
     -1.1993
    -1.28499
   -0.935504
   -0.625926
   -0.832254
    -3.78849
    -4.46757
    -1.67424
    -1.89928
    -2.03325
    -1.79828
    -1.74671
    -2.21281
    -1.90191
    -1.58485
    -1.72727
     -1.4877
    -1.69836
    -1.85501
    -2.11245
    -2.14958
    -1.24285
    -1.63353
    -1.94759
    -3.34066
   -0.727301
   -0.970424
    -1.32519
    -2.98903
    -2.58313
    -1.54682
    -2.07302
    -4.00887
    -3.85193
   -0.560327
    -1.20679
     -3.7236
     -3.9568
    -4.34607
    -4.63558
     -1.9812
    -8.36944
     4.68221
    0.703715
     3.80973
     5.10609
     1.47516
     3.31284
     3.55979
     1.20035
     2.43551
    -1.67325
     0.71156
     -1.4913
    -5.26324
     -3.8283
    -9.82417
    -7.46073
    -7.22508
     -4.6293
     -2.7046
    -2.72789
    -3.54774
    -1.36213
    -2.74278
   -0.326567
     1.29082
     0.61211
     1.60562
   -0.684088
     2.18258
    0.738967
     2.57187
    -1.83407
   -0.487026
    -5.12491
    -4.92026
    -7.97442
    -4.98391
    -2.79673
    -8.30942
    -5.83228
    -6.24589
    0.371892
   -0.569881
     -7.5309
    -6.77188
    -6.91891
    -8.27454
    -4.42194
    -17.9741
    -5.12081
    -3.24576
    -12.8265
    -13.7601
    -14.7875
    -10.9629
   -0.839835
    -1.04088
   0.0219553
    -2.26733
    -2.08105
     -2.9701
    -3.52307
    -5.31329
    -2.98647
     -3.8183
    -3.40829
    -4.46705
    -1.54353
    -2.65461
    0.411529
   -0.254841
    -1.19541
    -1.00271
    -1.60339
    -1.48317
    -1.22294
    -2.14598
    -2.42163
    -2.17661
    -2.71249
    -2.75646
     -2.0899
    -4.14926
    -2.07321
    -2.69939
    -1.44126
    -2.93735
     -2.0859
    -1.60408
    -1.96312
    -3.13424
    -5.09235
    -3.00765
    -2.97627
    -2.26818
    -1.10914
   -0.986125
    -2.22723
    -1.75356
    -4.79837
     -1.3152
   -0.891373
    -1.28527
    -3.92179
    -3.90119
     -4.0756
    -4.06277
    -3.26805
    -4.68406
    -4.34506
    -5.06983
    -3.36429
    -4.54972
    -3.83629
    -4.92471
    -3.37944
    -1.25631
    -4.73555
    -3.72279
    -2.49117
     -3.5174
    -5.25518
    -4.10677
    -3.37149
    -2.78141
    -1.42031
    -3.32655
    -3.73709
    -1.13199
    -1.34893
    -1.47802
    -1.47819
    -2.18908
     -1.1165
    -5.16855
    -5.56837
    -4.85323
    -5.06654
    -5.42809
    -4.41299
    -4.99434
     -5.2312
    -3.50969
    -3.30256
    -3.48805
    -2.30927
    -2.29322
    0.019543
    -1.72137
    -1.77614
    -1.82546
    -1.75159
    -1.81409
    -1.56558
    -1.67084
    -1.40592
    -1.71075
    -2.11623
    -2.01885
    -1.93862
    -2.13397
    -1.93594
    -3.05834
    -2.81029
     -2.5766
    -2.75064
    -2.34041
    -4.40402
    -3.29295
    -2.74553
    -4.54587
    -2.64251
    -3.95687
    -5.58242
    -5.52509
     -4.5534
    -3.95217
    -3.23848
     -3.5815
    -3.83755
    -3.94208
    -3.56609
    -2.60461
    -4.64304
    -1.63523
    -1.48002
-0.000703256
    -3.41408
    -4.01978
    -3.43502
    -4.91722
     -2.1046
    -2.27417
    -1.61644
    0.359843
    -1.52391
   0.0310774
    -1.55499
    -1.81065
    -1.64076
    -1.63119
    -1.89351
    -1.88585
    -1.78147
    -2.95109
    -1.65588
    -1.58786
    -2.08305
    -2.95658
    -2.15136
    -2.30489
    -2.78202
    -2.27568
    -2.24972
    -1.83765
    -2.54262
    -2.42273
    -2.35719
     -3.2913
    -4.28992
     -3.8476
    -3.68924
    -2.95197
     -3.5178
    -3.32285
    -3.21049
    -1.00357
     -1.8466
     0.34507
   -0.573366
     2.95539
     4.92915
     5.09851
     3.67957
     1.82863
     2.38838
     1.84015
     1.50319
     2.16468
     1.76526
     1.68996
    -3.57134
     -4.6512
    -3.09878
    -5.91827
    -3.53174
   -0.619539
     -2.5135
    -3.54524
    0.217979
    0.653129
   -0.944046
     2.31191
     3.00452
     1.93725
     2.66535
    0.369418
     -5.6265
    -6.63171
    -6.25442
    -4.43812
    -6.25518
     0.42549
    0.827993
    -5.31639
    0.979438
     1.60629
    0.458593
     1.05178
     1.21225
    0.785284
     -2.5238
   -0.891831
   0.0268903
    -6.33122
    -6.06533
    -6.62845
    -4.53407
    -3.61347
    -5.27575
    -3.85104
    -2.51098
    -5.71022
    -3.18615
    -5.22502
    -5.65805
    -4.98202
    -6.44605
    -5.41721
    -5.33865
    -4.25288
    -5.57618
    -6.07808
    -6.06725
    -5.36947
    -7.09062
    -5.25114
    -6.41409
    -4.03246
    -8.53688
    -4.71429
    -7.17367
    -5.34349
    -3.75921
    -7.59174
    -5.06338
     -4.5295
    -3.77335
    -3.35148
    -3.91837
    -4.41749
      -4.243
    -3.90167
    -4.56714
    -3.39808
    -6.41774
    -8.47479
    -4.82855
    -2.57042
    -5.26794
    -2.73856
    -1.51765
    -1.36985
    -3.03741
    -2.84575
    -2.25443
    -1.93544
    -3.96129
    -4.39109
    -2.10331
    -5.24568
    -7.92898
    -6.98999
    -5.90932
   -0.136475
     -3.2652
    -3.91452
     -3.6292
    -3.49037
    -5.61421
    -6.73035
    -4.69479
    -2.18913
    -4.05987
    -2.78003
     -0.4288
    -1.06368
    0.436758
    -1.23086
    -4.20095
    -4.37111
    -3.16583
    -3.38089
    -5.00612
    -3.36787
     -6.4251
    -5.23451
    -4.66163
    -3.41002
    -3.52361
     1.20147
    -3.01569
    -5.73784
    -4.37871
     -4.0947
   -0.892306
    -2.41222
    0.104443
   -0.920853
    -9.25276
    -4.49809
     -3.7596
    -5.50759
    -6.99661
    -6.25434
    -4.47268
    -2.24653
    -2.27081
    -1.93168
    -4.28353
    -2.05697
    -2.08407
    -4.60603
    -3.32099
     -3.5359
    -5.14502
    -4.72803
    -4.45838
     -5.0192
    -4.95415
    -3.33361
    -3.27753
    -3.89685
    -3.48664
    -4.55494
    -5.32346
    -4.43914
    -4.74639
    -4.89071
    -3.92821
    -3.25406
    -3.08241
    -5.54893
    -5.32507
     -5.4868
    -5.56666
    -3.56227
    -5.25596
    -5.61097
    -5.61055
    -5.14077
    -3.87866
    -5.12179
    -5.63499
    -4.97825
    -1.74498
    -3.86055
    -4.56053
     -4.3971
    -3.22482
    -5.43491
    -5.73865
    -5.46568
    -5.52024
    -4.69922
    -5.52288
    -5.85289
    -3.36264
    -5.26702
    -6.00826
    -6.03895
      -6.252
    -6.34399
    -5.46482
    -4.64863
    -4.19952
    -2.67707
    -3.94063
    -4.03981
    -5.28119
    -1.13078
    -1.23966
    -1.06237
    -1.28086
    -1.19661
    -1.13853
    -1.17186
    -1.01033
    -1.08292
    -0.98451
   -0.865236
    -1.13614
    -1.11472
    -1.24688
    -1.17823
    -1.12719
    -1.14378
    -1.06809
    -1.30026
    -1.20045
    -1.21443
    -1.24593
    -1.26914
    -1.08869
    -1.15724
    -1.19017
    -1.23479
    -1.26777
    -1.24209
    -1.26596
    -1.27052
    -1.15207
    -1.25721
    -1.28336
    -1.17667
    -1.13994
    -1.10397
    -1.27551
    -1.39434
    -1.16159
    -1.18467
    -1.35202
    -1.11946
    -1.07649
    -1.16533
    -1.13793
    -2.05082
    -2.55403
       -2.03
    -5.72872
    -5.95379
    -7.15502
    -6.93819
    -1.59042
    -3.01699
    -3.65459
    -1.78945
    -1.57988
     -2.3034
     -0.1711
   -0.393803
    0.109384
   -0.714745
   -0.462245
    -1.02122
   0.0116958
    -1.02264
   -0.131322
     0.29021
    -0.41539
   -0.788346
   -0.514627
  0.00305396
    -1.15812
    -1.56391
   -0.551039
    -2.31832
    -2.10845
   -0.461303
    -1.85072
   -0.100528
   0.0312897
    -1.80869
    -1.01025
    0.295417
  -0.0827635
      0.6571
    -0.12873
    0.466126
    0.207543
   0.0132073
    0.140945
   -0.741671
      -1.065
   -0.533271
   -0.476873
   -0.227246
   -0.801209
    -0.23455
    -0.57196
    -1.48281
    -2.36295
   -0.848941
   -0.934622
    -1.48613
    -1.27722
    -1.56456
    -1.42058
    -0.56388
    -1.93648
    -2.57446
    -2.02564
    -2.09411
   -0.929303
   -0.620527
     -2.4061
    0.736437
     1.23306
    -3.36926
    -2.20631
    0.332648
   -0.437207
     2.73849
     1.43049
    0.378808
    -1.46624
    -2.53793
    -3.19652
    -2.26008
    -3.18443
    -4.16944
    -1.60657
    -2.14817
    -1.46929
   -0.470016
     -4.4148
    -3.25793
    -1.99897
    -3.86677
    -4.16846
    -4.45587
    -4.48366
    -4.33735
    -4.04368
    -5.44419
    -2.37526
    -2.66757
    -4.27659
    -4.25281
    -2.04452
     -5.3566
    -2.19725
    -3.18173
    -2.38869
    -4.47001
    -3.70098
     2.24835
   -0.423026
    -2.68119
    -4.14623
    -2.64278
    -1.33076
   -0.830015
     -2.2312
    -3.50037
     1.42695
     2.48649
     3.69039
     4.28154
     5.63053
    -2.35987
   -0.168741
    -14.4091
    -10.7947
    -12.9383
    -13.3811
    -13.9902
    -12.0538
    -8.32756
    -17.9425
    -18.9888
    -16.7388
    -11.7669
    -12.8078
    -12.5819
     -15.678
    -13.0717
     -16.824
    -11.5057
    -18.4432
    -16.3567
    -14.8731
    -15.0709
    -10.9724
      -8.722
    -11.1863
    -13.8835
    -9.05234
    -5.53373
    -5.06507
    -5.48923
     -3.4251
    -5.71251
    -5.34003
    -1.96268
    -0.80496
    0.617494
    -3.66287
    -3.25638
     -2.9782
    -5.04785
    -4.19878
    -3.70593
    -4.75469
    -3.35947
    -2.51824
    -2.45708
    -2.57921
    -2.22199
    -2.63577
      -4.635
    -5.02978
    -1.10806
    0.298588
   -0.948988
    -2.48707
  -0.0743003
    -4.60485
     -2.7498
    -3.07317
    -2.19391
    -2.45844
   -0.765309
   -0.821862
    -2.96452
    -10.3773
    -9.36177
    -11.3733
     -9.5663
    -8.34104
    -11.4561
    -7.43214
    -7.77518
    -6.52763
    -7.78856
    -4.39743
    -4.47574
    -3.44064
    -6.92521
    -7.28463
    -6.42228
    -2.35273
    -1.66807
    -4.97313
    -4.25747
    -3.71689
    -1.59931
    -1.61612
    -4.05296
    -5.67912
    -5.55222
    -4.28884
    -2.22664
    -1.97783
    -4.48018
    -15.7247
    -9.97729
    -10.9805
    -10.5819
    -13.3147
    -12.7122
    -13.3777
    -14.1514
    -3.29769
    -5.69088
    -6.65616
    -6.02829
      -14.01
    -9.25105
     -3.3419
    -4.52967
    -4.78425
    -4.54009
    -6.25342
    -4.70284
    -6.19072
    -8.47493
    -8.50773
    -6.99499
    -3.78927
    -5.27562
    -4.03543
    -2.78749
    -3.67019
    -2.58952
     -3.4762
    -1.71774
    -2.38976
   -0.606365
   -0.342376
   -0.133161
    -2.20523
    -4.17802
    -1.07673
    -1.98625
    -1.58886
    -2.27364
    -0.82105
   -0.630868
    -1.60984
    -4.56391
    -1.38612
    -1.17908
    -2.46786
    -4.00211
    -3.13612
    -1.81921
    -2.26214
    -3.45664
    -2.48395
     -2.7765
    -2.08056
   -0.286429
     1.06036
     3.02951
     -9.8832
    -10.0686
    -14.0738
     2.60286
    -9.10987
    -10.0944
    -3.16169
    -5.75415
    -3.60663
    -3.74232
    -5.68671
    -7.13327
    -3.60633
  -0.0165289
    -5.50739
    -1.36666
     1.87183
    -1.32428
    0.442596
     1.39969
    -2.13014
   -0.927934
    0.115177
   -0.397744
   -0.120001
   -0.467225
  -0.0658491
    0.641235
   -0.817932
     2.71882
   -0.850222
     2.09437
   -0.916828
    -1.16833
    -1.00615
   -0.884882
     1.11082
     1.59008
    -1.67617
    -2.37807
   -0.919124
    -1.51977
    -2.61628
    -1.57521
    -2.33895
    -1.83106
    -1.39497
     -1.3629
    -2.35952
     -2.6493
    -1.19842
    -1.33062
   -0.611234
    -1.92821
     1.17722
     3.03475
    -2.30677
     2.54693
     1.35243
      2.2944
    0.258022
     3.92604
     2.40943
     2.25749
     4.72442
     3.92616
     2.84294
     4.16798
     2.88897
   -0.547512
     5.29397
     5.01607
    -4.16375
     -3.6905
   -0.810969
     6.40017
     3.90777
     5.35014
     3.25051
     5.38528
     5.21401
    -3.90628
    -1.01853
     3.73445
     1.62535
   -0.708884
    0.998686
     1.43725
    -1.35323
      0.9234
    0.707985
    0.675607
      1.3915
    -1.25335
    -5.05813
   -0.135165
    -3.37448
    -2.11109
    -4.02715
     1.10976
    -2.44325
    0.186151
     2.92138
    -5.34674
   -0.728636
    -4.05259
    -5.42413
    -5.14009
    -5.06896
    -5.73823
    -5.60938
    -4.11231
    -1.64817
    -3.23003
    -3.15257
    -4.19719
    -4.77794
     -1.1031
    -3.50539
    -2.62476
    -4.81408
     -3.9874
    -8.94309
    -7.35085
    -13.9416
    -13.0557
    -14.0992
     -15.594
    -9.78774
    -6.82638
    -5.98831
     -6.0859
    -2.63128
    -1.89444
    -1.86581
    -1.59339
    0.884159
    -1.95222
    -3.46888
    -2.62026
    -1.05436
     1.25202
  -0.0722041
   -0.960572
     1.02956
     3.78847
    -3.82063
    -5.52897
    -4.96737
    -5.51493
    -6.22531
    -3.45209
     -3.5239
    -6.21732
    -2.79977
    -6.61656
    -6.12599
    -1.89099
     -7.6555
    -4.99176
    -5.97198
    -5.10976
    -7.13049
    -6.08026
    -5.04783
    -3.78071
  -0.0679935
     1.40123
   -0.333034
     3.54982
     2.46706
     4.12826
     2.40046
     4.92694
    -7.30754
    -10.5017
    -8.80192
    -12.6873
    -7.74383
    -9.51182
    -10.1028
    -9.51369
    -8.93564
    -6.03851
    -4.04718
     -3.1769
    -5.47209
    -6.42688
    -4.01173
    -3.49943
    -2.85765
    -5.07307
    -5.49235
    -6.14509
      1.0516
   -0.964415
     5.93217
      4.0385
     5.78876
     6.12223
     5.93048
     4.82848
     6.57366
     4.64278
       3.715
     2.65087
     1.95776
     3.77196
    -5.93017
    -4.88414
    -3.95359
    -2.06175
    -3.41661
    -2.99722
     1.73098
     2.90949
    -2.75527
    -2.26837
    -2.52375
    -2.65697
    -2.97997
    -2.08657
    -1.84264
    0.665392
    0.188774
   -0.564767
    0.833533
    0.466579
    -3.26289
    -4.08532
    -4.46127
    -4.43731
     -6.8819
    -5.27403
    -7.29744
    -5.80594
    -3.82822
    -6.60323
    -6.83488
    -7.10374
    -6.68668
    -7.19134
    -7.40209
    -6.21662
    -7.36574
    -7.11173
     -5.7598
    -5.23878
     -5.8335
    -5.60506
    -1.57563
    -2.35973
    -14.5298
    -0.50508
    -1.77433
    -1.19826
    -1.23198
    -1.73224
    -0.72184
    -1.87894
      -2.243
    -2.25492
     -3.0355
    -3.00598
    -4.17899
    -6.94345
    -6.79171
    -11.7222
    -3.04035
    -7.91575
   -0.625875
    0.823283
    0.397567
   -0.960647
    -2.41417
   -0.173424
   -0.756057
   -0.805032
    0.442867
    -1.42263
    -2.53375
    -3.88505
    0.873983
      1.1761
   -0.445598
     2.82739
    -4.55494
    -2.16185
     4.21948
    -2.09506
    -3.12174
    -3.55337
     -4.3473
    -5.27718
    -6.48842
    -6.60913
    -6.76885
    -6.23408
    -5.90331
    -5.55724
    -7.08603
    -5.85752
    -6.39349
    -6.52768
    -7.38614
    -4.53379
    -1.90936
    -4.82676
    -6.10436
    -6.28793
    -4.08788
    -2.69314
    -7.41798
    -5.75126
    -6.37904
     6.03281
    -7.04801
    -6.16544
    -6.32056
   -0.521244
    -0.77228
    -1.90036
    -1.97597
     -1.0674
     2.02707
      2.0273
    -1.21541
    -1.02361
    -7.16269
    -1.67561
    -2.04543
    -1.58753
    -1.71493
    -3.12883
    -3.08691
     -1.4858
    -3.54328
    -2.49169
    -3.34113
      -2.693
    -4.29781
    -3.73594
   -0.410238
  -0.0763666
     -1.2903
    -0.19727
    -0.88887
     -1.8159
    -2.79831
    -2.31299
    -2.15779
     -2.6386
     -1.8949
    -3.53295
    -3.74592
    -3.36586
    -4.26187
    -3.05308
     -2.8643
    -2.64906
    -3.20766
    -4.03278
    -4.18486
    -3.45441
    -2.70067
    -4.02596
    -1.59665
    -2.95004