     1.05296
    0.481237
   0.0460662
   -0.466315
   -0.589235
   -0.639981
   -0.874347
    -1.46401
    -1.72531
    -1.70136
    -1.37761
   -0.859336
   -0.491482
   -0.430992
   -0.141295
   -0.324829
   -0.225294
    0.208401
    0.514475
    0.558964
    0.470102
     0.35424
    0.260772
    0.215636
    0.136486
   -0.089236
   -0.250734
   -0.259346
   -0.268754
   -0.173551
    0.101423
    0.503207
     0.91588
     1.23655
     1.29106
     1.21411
    0.842464
    0.206125
   -0.419851
   -0.841119
     -1.2777
    -1.60516
    -2.16197
    -2.66037
    -3.38333
    -3.46237
    -3.50065
    -3.45257
    -3.70612
    -3.61535
    -3.43491
    -3.32229
    -3.24683
    -3.11557
    -2.99486
    -2.72233
    -2.50073
    -2.14164
    -1.87757
    -1.41027
    -1.30353
    -1.16989
    -1.14255
   -0.688599
   -0.300992
    0.277114
    0.683293
      1.0106
     1.06347
    0.863558
    0.485546
    0.110856
 -0.00460524
     0.20107
    0.172542
    0.553168
     0.65764
    0.567442
    0.339588
    0.371818
    0.530091
    0.546527
    0.883277
     1.04597
    0.759787
    0.740966
    0.819967
    0.827282
     1.01021
    0.993696
     1.12479
     1.28627
     1.49588
     1.58213
     1.72368
     1.71959
     1.81136
     1.99954
     2.40027
      2.7093
     2.37866
     1.81051
     1.41502
    0.804978
    0.576242
    0.205642
    0.380425
    0.327937
    0.452332
    0.541261
    0.719691
    0.872039
    0.957772
    0.734526
    0.639452
    0.453141
    0.143866
   -0.057975
     0.28579
    0.318816
     0.61966
    0.581228
     0.69261
    0.842494
      1.2832
     1.38451
     1.31297
     1.15635
     1.12112
     1.06151
       1.118
     1.01636
     1.00273
      1.1259
    0.757044
    0.691489
     0.64996
    0.657986
    0.656624
    0.235428
   0.0990066
   0.0525425
    0.114103
    0.293994
    0.485633
    0.642888
    0.759183
    0.936071
    0.795029
    0.311263
   0.0774533
  -0.0341766
   0.0206887
     0.09976
    0.284339
    0.132013
    0.107691
    0.109369
   0.0651556
    0.329809
    0.442609
     1.06052
     1.14357
     1.22042
     1.21741
     1.39667
     1.27004
     1.06017
     1.02597
    0.705979
     1.10924
     1.07067
     1.12488
    0.942878
    0.556235
    0.443053
    0.745775
    0.830139
     1.06349
      1.2924
     1.43331
     1.52341
     1.52934
     1.51927
     1.45321
      1.1623
    0.465909
    0.420596
    0.378918
    0.423767
    0.383717
    0.288394
    0.360502
     0.68497
    0.777316
    0.835443
    0.875444
    0.797134
    0.928688
     1.00402
     1.42351
     1.54968
     2.03564
      2.0726
      1.9302
     2.01552
     1.81509
     1.48795
    0.446041
    0.372411
   -0.576111
    -3.72079
   -0.389063
    -3.14578
     1.03163
     1.28654
   -0.597835
    0.945359
    0.392785
    0.376696
    0.446142
    0.990043
   -0.297603
   -0.918529
   -0.634831
   -0.246753
   -0.422036
    -3.06689
   -0.608126
   -0.213768
    -4.12135
   -0.395902
    -3.33997
   0.0490829
   0.0706459
     3.23615
     3.45107
     2.03746
   -0.138499
   -0.338603
    0.506766
   -0.222097
   -0.597006
     1.24638
    0.682996
    0.376758
     1.43177
     1.72494
    0.140205
     0.35912
    0.847597
    0.436862
    0.358061
  -0.0729631
     1.14449
    0.676262
     1.56397
   0.0358955
   -0.203241
    0.657197
   -0.231213
   -0.200518
   -0.100762
   -0.173245
  -0.0486201
   -0.358208
    0.283768
    0.306651
   -0.625076
    -2.97546
    -2.83871
   -0.527552
   -0.612688
    -1.56103
     0.36861
    0.195956
     -0.6269
    -2.56554
     1.60474
    -3.43474
    -3.47276
    -0.24422
   -0.263208
   -0.269255
    -3.22084
    -3.19774
    -3.18855
    0.175175
    -1.03121
    0.451265
   -0.121146
   0.0355396
    0.347192
     1.90079
     2.74365
     2.03275
     1.69678
     2.32398
   -0.013223
  -0.0374601
    0.202939
    0.405191
     0.94632
   -0.917913
   -0.122473
   -0.271457
     1.26421
    0.810579
     1.36019
     1.25102
    0.324322
     1.76718
     2.22909
    0.302958
    0.298618
    0.374238
    0.641033
    0.795277
     0.65353
    0.175786
    0.101587
   0.0471494
    0.308511
      1.7225
    0.109442
   0.0802002
    0.209617
   0.0952963
    0.735032
    0.471536
    0.262696
    0.189647
   -0.289592
  -0.0363769
   -0.316961
   0.0346227
   0.0935646
    0.269908
    0.278899
    0.422995
    0.616881
    0.593651
   0.0675346
    0.104814
    -3.23871
    -2.88322
    -2.57806
    -2.12499
   -0.443689
   -0.620289
  -0.0672356
    -1.03164
   -0.999804
    -1.48215
    0.579332
    0.187762
    -0.87642
    0.519096
    -1.71097
    -2.85694
     1.60886
     -3.6814
    -3.55522
   -0.142951
   -0.018302
    -3.51733
     0.70626
    -0.45024
   -0.895839
     -1.5793
      0.4139
    0.508698
    0.430071
    0.532976
    0.545205
    0.352649
    0.463889
     1.50491
     1.01199
     2.52332
     2.14391
     2.38678
   -0.132607
   0.0700727
    0.156536
    0.141228
    0.437925
    0.480098
    0.175075
   -0.359485
     1.01897
     1.10637
    -1.31897
   -0.109475
   0.0437772
   0.0580642
   -0.384328
    0.975837
     1.50422
     1.42951
     1.29562
     1.46296
     1.51954
    0.362507
    0.218772
     2.20757
    0.332868
    0.112447
    0.218033
    0.566631
    0.617332
    0.736929
    0.545607
    0.273283
    0.216623
    0.291307
    0.129207
     0.64027
    0.669237
    0.252194
    0.286246
    0.167608
   0.0414453
     0.23772
    0.385901
    0.852691
    0.765608
    0.923847
     0.72618
    0.511801
  -0.0486183
  -0.0412513
   -0.462906
  -0.0817351
    0.169409
    0.263146
    0.379498
    0.519873
    0.740898
    0.317768
    0.360233
    0.411984
    0.327676
    0.408379
    0.045292
    -3.43179
    -3.16483
    -2.86518
     -2.3808
    -2.01853
    -0.27067
   -0.642405
   -0.441264
   -0.537423
   -0.186499
    0.318406
   -0.921064
    -1.30848
    -1.00562
   -0.142655
    -1.62638
    0.534144
    0.158273
   0.0498656
    0.320514
    0.220916
    -1.85235
    -2.23013
    -1.30139
    -2.97753
    -3.36071
     1.44745
     1.38685
    -3.51464
  -0.0698495
    0.303402
    0.687823
   -0.354115
    -1.27039
    -1.36906
     0.41398
    0.505003
    0.791355
    0.370895
    0.676677
    0.658427
     0.90687
    0.383154
    0.824925
    0.452667
    0.377058
     2.03743
        0.85
     2.68636
      0.1195
   -0.654412
    0.957419
     1.24716
    0.675897
     1.06201
    0.793222
    -1.40108
   -0.344956
   -0.480428
     1.25226
    0.609857
    0.426364
     2.51375
    0.221901
    0.458926
    0.796441
    0.784677
    0.390774
    0.434263
    0.331116
   0.0610547
    0.159075
     0.42008
    0.651503
     0.51732
     1.00059
     1.00405
    0.277924
   -0.130759
    0.107399
    0.130979
   -0.717005
    0.417923
    0.422039
    0.525665
    0.381956
    0.206259
    0.345542
    0.501968
    -2.85983
     -2.3251
    -1.67773
   -0.167062
    -1.17528
   -0.554779
   -0.417017
    -1.05853
   -0.101395
    0.371502
    -1.70679
   0.0335881
    0.466386
   -0.245556
     1.19788
     1.16977
    -3.87713
   -0.373275
    -1.24031
   -0.894797
    -1.64858
    0.550209
    0.570247
    0.522245
    0.532324
    0.854882
    0.344534
     1.74105
     2.20237
     1.12748
    0.554658
     3.13481
   -0.268789
   -0.854753
    0.368488
   -0.146476
   -0.356128
    0.834496
    0.687387
    0.518896
    0.363519
    0.399467
     0.14841
    0.216373
    0.618581
     0.70116
    0.343418
    0.657734
    0.804591
     0.75648
    0.807057
    0.474313
    0.853878
    0.979443
     0.75613
   -0.293806
   -0.611657
    0.301105
   -0.810878
   -0.611105
    0.738583
    0.931691
    0.632992
    -3.34249
    -3.22793
    -1.71808
    -0.91544
     -1.5386
    0.586569
  -0.0108349
    0.399007
    0.691058
    0.775351
     1.55903
     1.50333
    0.883254
   -0.908715
  -0.0935772
   -0.560025
    -1.66745
    0.438573
     1.00795
    0.872902
     1.00824
    0.493403
     0.97147
     0.59448
    0.188874
     2.51555
    0.133783
    0.680316
     4.25772
    -1.04785
   -0.694635
    -1.06698
    0.673848
   -0.293577
    0.475968
    0.248394
   0.0824391
    0.753911
     1.14932
     1.12534
    0.933216
   -0.318453
      1.0045
   -0.251396
   -0.697127
    -3.58406
    -1.60261
    -1.38562
    -1.57214
     1.17694
    0.782899
    0.717993
   -0.683545
    0.413535
    0.150592
    0.635042
    0.758562
    0.897851
    0.509661
   -0.312078
    0.488469
    0.337779
     3.64059
    -1.21184
    -0.99854
   -0.684036
   -0.035429
    0.174594
    0.299929
    0.218055
  -0.0162915
    -0.17817
     1.20811
    0.840122
     1.00355
    0.409269
   0.0769268
   -0.238693
   -0.852619
   -0.558851
   -0.422292
   -0.690982
     -0.7097
   -0.784153
    -3.31025
    -3.82655
    -1.64725
    -1.55622
    -1.57033
     0.36262
    -1.08794
    -0.66328
   -0.406784
      1.7858
    0.426335
    0.286962
    0.463641
    0.659547
    0.553588
    0.751864
   -0.148361
    0.465912
    0.651422
     1.79651
     1.14609
     1.68125
    0.830817
     5.13455
     3.54597
  -0.0108276
    0.273295
   0.0411811
   0.0185935
  -0.0285306
    0.093539
   -0.143542
    0.391306
    0.634033
    0.757075
     0.51645
    0.234931
   -0.658191
   -0.755817
   -0.616133
     -3.7523
    -3.84676
    -1.39188
    0.404763
    0.894967
     1.74054
     1.41476
     1.66205
     1.43921
   -0.945083
   -0.841631
   -0.430925
     1.19369
     1.94899
    0.348771
    0.167122
    0.263021
     1.79798
     4.74281
      3.8816
     3.24049
   -0.215496
    0.115919
   -0.472252
    0.556371
    0.389739
    0.707851
    0.869728
    0.766596
     0.72149
   -0.774314
   -0.593897
   -0.522701
    -3.99663
    -3.65303
    -1.49812
    -1.22119
    -1.51228
      2.3813
   -0.924574
    -1.17781
   -0.572981
     2.76058
     1.60713
    0.643714
    0.546502
     0.46204
    0.680303
     4.18033
     6.69478
     2.63647
   -0.735749
    0.691037
  0.00861308
    0.377859
    0.875309
    0.885891
   -0.433773
   -0.762302
   -0.400015
    -3.99682
    -3.57412
     -1.5162
    -1.40645
     1.54623
   -0.709493
   -0.933464
   -0.970212
   -0.789179
    -1.06165
   -0.879654
    -1.07813
   -0.404513
     2.94235
    0.642197
   -0.276591
    0.561221
     3.03223
     2.20795
     3.04273
     1.87919
     3.90004
     0.72265
     5.54741
     2.73143
   0.0436505
   -0.206764
  -0.0718825
   -0.376405
    -1.23155
     1.37879
    -1.10775
     2.35127
    0.154793
     4.59363
   -0.430179
    0.301526
    -1.36162
     0.28901
    0.331489
   -0.957438
    0.484757
   -0.252232
    -1.54579
    -1.53667
  -0.0942661
    0.201042
   0.0529264
    0.416964
   0.0451274
   -0.652631
    0.217988
   0.0336159
    0.589867
   0.0796736
   -0.122182
   -0.526568
   -0.448502
    -1.29409
    -1.39816
    -1.56165
    -1.37197
     0.13577
   -0.104829
    0.226683
    0.302555
    0.224291
  -0.0451491
    0.190849
   -0.413517
    -1.55091
     -1.2966
    -1.63354
    0.588514
    -1.12179
   -0.905632
    -1.51539
   -0.183685
    0.181631
    -1.56423
    -1.00286
   -0.472095
    0.467731
    0.194463
    0.747156
    0.349054
   -0.425389
   -0.303312
     -1.5424
    -1.35922
    -1.50458
    -1.16197
    -1.18414
    -1.46806
    -1.50789
    -2.22002
    -2.05241
    -2.10547
    -1.76861
  -0.0314581
   -0.624141
     1.09543
     1.21092
     0.49887
    0.624729
     1.05176
     1.18669
    0.775588
    0.641239
  -0.0104833
   0.0152446
   -0.076374
   -0.497415
    0.380826
    -2.29195
    -3.40555
    -3.98049
    -3.17516
    -3.59212
    -3.65118
    -3.96404
    -3.83141
     0.29498
      1.0866
    0.532931
    0.526968
   -0.217724
   -0.339838
   -0.433941
   -0.474443
   -0.153116
   -0.606979
   -0.447805
   -0.446194
    0.795477
    0.412918
    0.365855
    0.204162
    0.349923
    0.250858
     0.53835
     0.54985
    0.214345
    0.420724
   0.0656662
   -0.486219
   -0.278092
   0.0630368
   -0.257197
   -0.626875
    0.216741
    0.575561
   -0.319322
   -0.625692
   -0.829896
   -0.818225
   -0.623891
  -0.0162173
   -0.136856
   -0.418694
    0.256395
    0.363833
    0.215579
    0.422338
    0.293285
   -0.286273
   -0.600175
   -0.662718
   -0.614862
    -3.05861
    -2.97839
    -2.54961
    -2.78188
    -2.81503
   -0.556392
    -1.11445
    -1.96409
      -1.682
    -1.64098
    0.303901
  -0.0673905
   0.0413429
    0.214471
   -0.504697
   -0.124527
    0.120879
   -0.302103
   -0.131379
  -0.0370966
  -0.0828997
   0.0672055
   -0.282442
   -0.104549
    0.177583
    -0.40171
   -0.091743
   0.0243844
    0.343529
  -0.0524241
   -0.232675
   -0.184522
    0.501634
    0.442812
   -0.472934
   -0.272837
  -0.0324967
     1.41823
    0.375295
    0.295863
    0.579553
    0.640149
    0.500397
    0.438436
    0.699727
    0.729005
   0.0770335
   -0.078553
     1.69155
     1.56857
      1.0995
    0.902533
     1.37156
     1.37305
     1.37437
    0.399803
  -0.0676679
   0.0813009
   -0.104044
     0.52322
    0.859977
    0.770727
    0.758954
     0.16501
    0.599818
    0.339067
    0.827398
    0.668649
    0.816042
     0.69132
    0.718347
    0.605726
    0.670261
     0.24296
    0.101405
    -1.05343
    -1.15228
    -1.75264
    -1.64066
    -1.22532
    -1.47726
    -2.01873
    -1.54326
    -2.06831
    -1.73402
    0.868071
    0.260131
    0.280167
   -0.216918
   0.0158012
    -0.42537
   -0.241158
   -0.690569
   -0.825001
   -0.902511
    -1.10127
      6.3844
    0.856989
    -1.15676
      7.0185
    -1.13165
      3.4606
    -1.82712
    -2.19044
     -1.9746
    -1.55557
    -1.64786
    -1.93959
    -1.84732
    -1.77116
    -1.27557
    -1.58559
   -0.871429
     -1.8882
   -0.398869
   -0.786579
   -0.620939
   -0.559232
   -0.453489
    0.190016
    0.429256
    0.512147
    0.466544
    -2.14645
    0.885769
    0.804249
     1.23241
    0.951528
    0.812464
    0.585803
    0.951228
    0.845825
    0.699918
    0.905094
    0.184299
    0.165536
   -0.315516
    0.231357
    0.513616
   0.0382173
    0.239629
   -0.296263
    -1.56417
    -1.34347
   -0.850565
   -0.304792
     -1.8894
    -2.10764
   -0.130767
    -1.46394
    0.686434
    0.523678
    0.524759
    0.311815
    0.275494
    0.310834
     0.42442
    0.490566
    0.426466
    0.433628
    0.344136
   -0.447843
   -0.471059
 -0.00886605
   -0.429447
   -0.527997
   -0.175362
    -2.13085
    -2.98989
    -2.61373
    -2.54199
    -2.01311
    -1.14128
    -1.44861
    -1.85678
   -0.485542
   -0.507032
   -0.674542
    0.160565
   -0.827599
   -0.372121
   -0.243701
   -0.304637
   -0.218774
   -0.241743
   -0.655477
  -0.0236008
   -0.227668
    0.268272
  -0.0759956
     0.55909
    0.564299
    0.339174
   -0.366344
   -0.517233
   -0.710992
   -0.844352
   -0.866884
    -1.10477
   -0.761699
   -0.317968
    0.568858
     6.01078
       8.449
     -1.0534
    -1.30497
   -0.975561
    -0.96699
   -0.836513
   -0.928304
    -1.04849
   -0.923326
    -1.22751
     4.02238
     4.99954
     2.79028
     1.98978
     2.18894
     3.43179
      5.5388
      1.6624
     3.20327
     5.17295
   -0.752712
   0.0791411
    0.358246
    -2.98211
    0.826177
   0.0224444
  -0.0756341
    0.943717
     1.12789
    0.546614
    0.852537
   -0.906699
 -0.00909593
    0.159968
     -2.0881
     -2.4383
    -1.85358
     -2.2506
    0.579139
    0.777151
    0.801556
    0.297313
    0.107164
   -0.411061
   -0.102509
    -2.34656
    -1.72319
   -0.444947
   -0.473029
   -0.628461
    0.619833
   -0.597102
   -0.476887
   -0.393592
    -0.13604
   -0.377217
    0.235831
     -0.3296
   -0.488591
   -0.540397
   -0.608882
   -0.619363
   -0.595203
   -0.611378
   -0.467895
   -0.417056
   -0.329475
    0.900368
   -0.564894
   0.0758363
    0.482905
     0.43082
   -0.685992
  0.00693176
    -1.70822
   -0.507811
   -0.461767
    0.287478
   -0.553938
   -0.829763
    -0.81382
   -0.799018
   -0.705057
   -0.840802
   -0.753495
   -0.774525
    -0.82113
   -0.883943
   -0.839316
   -0.908638
   -0.774056
   -0.844224
   -0.794695
   -0.639958
   -0.718848
   -0.465617
   -0.608216
   -0.418858
   -0.808156
    -1.07996
   -0.806153
     -1.0195
   -0.906177
    -1.05401
   -0.936867
   -0.242843
   -0.528561
   -0.780387
   -0.928097
    -1.69123
    -1.91181
     -2.1867
    -2.28481
    0.951148
     7.84359
     7.35707
     7.59118
     7.22542
       7.064
     4.52897
    0.424102
    -2.95915
     1.12065
     1.43458
     1.07849
     1.44052
     1.07803
    0.710884
    0.427682
    0.369279
    0.978973
     1.29407
    0.814583
    0.611906
     1.02739
    0.809862
    0.986744
     1.21566
     0.94316
     1.31831
      1.6686
     1.43979
     1.53178
    0.808127
     0.89196
      1.1202
    0.735437
     1.43262
    -1.57493
     -2.4426
     -1.9154
    -1.91363
    -2.20367
   -0.884767
   -0.358222
   -0.618434
    -2.62331
    -2.95372
     -2.0934
    -1.75916
    -2.53639
    -2.00586
    -2.44885
    -2.74708
    -2.30856
    -2.64779
    -2.80917
    -2.88333
    -2.73821
    -1.71923
    -2.21075
    -2.05514
    -1.17826
    -2.26181
    0.740836
     1.19767
    0.753333
    0.284954
    0.429295
    0.772677
    0.612986
    0.245556
   -0.537241
   -0.249659
   -0.716827
    -1.06226
     -0.4162
   -0.287141
   -0.661233
   -0.660906
   -0.744068
   -0.683329
  -0.0268876
   -0.593637
   -0.185618
   -0.206735
   -0.302023
    0.103758
     0.38249
     1.96861
    0.878037
    0.488561
     0.60303
    0.640124
    0.672405
    0.307639
     1.66735
    0.459398
      1.2898
    0.804302
   -0.112541
   -0.942676
   -0.787383
  -0.0583474
   -0.486279
  -0.0056401
    0.097687
   -0.561973
   -0.473993
   -0.612235
   -0.663241
   -0.209673
   -0.544859
    -0.58915
   -0.736802
   -0.534855
   -0.656526
   -0.608713
   -0.885306
   -0.341611
   -0.645453
   -0.558354
   -0.998924
   -0.827739
   -0.875155
   -0.967085
   -0.741476
    -1.09361
    -1.80974
    -1.51586
    -1.73387
    -2.41505
   -0.438287
     -2.1173
    -1.76401
     -1.8195
    -2.30947
    -1.30398
   -0.492109
    0.632777
    0.222901
   -0.719632
     2.22848
   -0.814092
     1.31446
     1.15571
     1.79159
      1.4597
     1.20486
     1.93748
     1.47333
     1.72448
     2.02929
    0.481131
     1.49227
   -0.951335
      1.7275
    0.269296
   -0.826995
     2.20899
    0.683917
     1.12612
     1.55027
    0.692514
     1.42163
     1.41347
    0.791606
     1.26297
      1.1651
   -0.884572
    -2.63656
    -2.95946
    -2.64108
    -2.73268
    -2.79887
    -2.25889
   -0.980174
    0.701472
    0.835985
   -0.254105
   -0.533909
   -0.511496
   -0.611918
   -0.740636
    -0.22159
   -0.351932
   -0.178509
   -0.184415
    0.104488
   0.0912825
   -0.845442
   -0.561367
   -0.104884
   0.0449908
   -0.104616
   -0.705504
   -0.637332
   -0.575799
   -0.656698
   -0.877638
    -0.69897
   -0.704477
 -0.00432478
    0.578952
     1.15944
    -2.26095
    -1.51192
     3.03918
     5.87311
     1.60685
     1.18395
    0.589658
    0.831382
     2.89436
    -1.04979
   -0.771171
     1.11069
    0.968917
    0.948996
     1.10111
    0.885191
     1.53633
    0.956161
     1.33798
    0.920436
     3.39988
      1.1599
    0.640961
      2.2614
     1.70819
      1.9917
    0.438671
     1.95882
     2.19324
     1.61831
    0.659971
    0.317535
   -0.440208
 -0.00398445
    0.121331
    0.171469
  -0.0104325
    0.166962
  0.00965473
   -0.368032
   -0.276454
    -1.00871
   -0.385704
   -0.495059
   -0.568877
   -0.682581
   -0.685936
   -0.406515
   -0.601255
    -0.59843
   -0.832474
   -0.815874
   -0.790782
    -0.69431
   -0.775211
   -0.816409
   -0.545834
    -0.17466
   -0.132163
   0.0717308
   -0.104905
   -0.109227
    0.896687
   -0.892928
   -0.874347
   -0.430002
   -0.733008
   -0.420648
   -0.703399
   -0.404147
    0.414105
    0.426262
    0.398304
    0.261526
    0.261899
    0.404726
    0.152129
  -0.0809655
  -0.0829329
  -0.0162407
    0.118593
  -0.0737766
   -0.226697
   -0.482003
    -0.97673
    -1.12991
   -0.807951
    -1.02656
    -1.05409
   -0.894872
    -1.00135
   -0.882235
   -0.794783
   -0.952858
   -0.720118
   -0.816707
    -2.09869
    -1.28956
     2.32033
     1.57724
     2.70472
    0.957586
     3.80665
     1.96037
     0.51404
    0.422805
     1.38289
     1.79183
     1.55942
    0.754024
    0.818882
    0.777414
    0.585547
     1.73954
     0.61201
     1.51264
      2.0517
    -1.44499
     2.87847
      3.0053
     2.90867
     2.33992
     2.75936
     2.17335
     2.12983
     1.75995
   -0.337291
    0.118759
  -0.0674002
   -0.751624
   -0.588888
   -0.689694
   -0.732533
   -0.819497
   -0.492823
   -0.637285
  -0.0695668
     0.45785
     0.18803
     1.12744
     1.57128
     1.09013
     2.11555
       1.266
    0.710946
    0.318294
    0.589182
    0.362221
    0.402033
    0.581866
    0.141638
    0.626663
   -0.304264
   -0.547743
    -0.35209
     -0.3902
   -0.428929
   -0.541636
   -0.335559
   -0.310366
    -0.47876
   -0.507763
   -0.828967
    -0.87619
   -0.335874
    0.150864
   -0.129465
   -0.111997
   -0.473262
   -0.634228
   -0.474689
    -1.17784
   -0.526252
    -1.70787
    -0.74184
   -0.972256
    -0.94047
    -1.69005
    -2.22979
    -1.89083
    -2.42612
    -1.78916
     4.66125
     6.54363
     2.60696
     2.93814
     5.77586
     9.11351
     8.37012
     8.49912
     4.53939
     8.07378
     7.96466
     7.30765
     9.08593
     7.62122
     4.36118
     8.98087
     1.35361
     1.63675
     0.84022
     1.51854
      1.2456
     2.51199
    -1.83091
   -0.117608
   -0.283459
    -0.41208
   -0.164498
   0.0409278
   -0.155864
   -0.153068
    0.449811
    0.454637
   0.0196915
    0.530137
     0.55463
    0.444022
  -0.0953329
   -0.459356
   -0.658024
   -0.357833
   -0.451799
    -0.20545
   -0.818901
   -0.812423
   -0.746785
   -0.427617
   -0.398058
     1.83386
    0.150939
    0.377743
    0.678744
    0.617447
    0.233655
   -0.308207
    0.170342
    0.211394
   -0.102702
   -0.227817
     -0.9492
   -0.674635
    -1.09545
   -0.625344
   -0.270698
   -0.385091
  -0.0497693
   -0.753639
   -0.903842
     -1.8578
     8.25479
      8.4237
     5.95224
     4.52928
     2.52965
     3.43283
     1.52737
     2.23437
     1.16356
     1.80976
  -0.0717821
   0.0347616
      0.1651
    0.232301
   -0.627558
    0.155483
   -0.441504
   -0.277737
   -0.344723
   -0.375289
   -0.490236
  -0.0505596
     1.98442
    0.589273
   -0.244684
    -0.44064
   -0.069651
     0.13561
   -0.567471
   -0.595434
   -0.112626
    0.172052
   0.0635521
     1.59638
     2.76284
    0.725887
    0.738359
   -0.705747
    -1.53261
   -0.561724
     1.75495
     -2.0496
    -2.57287
    0.227784
   -0.300068
     1.42609
    -1.44849
    -2.24314
    -2.80048
    -2.70607
     -2.9941
    -2.14627
   -0.146076
   -0.141906
   -0.479644
   -0.881307
   -0.991782
   -0.848089
   -0.926884
   -0.579556
   -0.758245
   -0.814223
    0.120904
    -2.48477
    -1.98921
    -3.28854
    -2.92001
   -0.227425
     0.25555
   0.0825182
   -0.148609
    0.560556
   -0.305919
   -0.995025
    -0.42321
   0.0493622
   -0.106526
    0.169241
    0.166068
   -0.147404
   0.0273028
   0.0367464
    -2.10713
   -0.817787
    -3.05862
    -3.40125
    -3.76899
    -2.95488
    -2.20192
    -3.39546
    -3.42851
    -3.23635
    -3.64599
   -0.101289
    -3.02977
     3.97859
      4.3889
     1.43503
      1.7298
     2.74284
     1.65199
    0.118342
    0.289552
    0.180668
   0.0445914
   -0.154342
    0.281879
    0.136077
   -0.249876
   0.0123385
    0.232929
    0.154959
    0.188275
    0.135543
  -0.0774514
    0.263049
    0.238519
   0.0381253
    0.261684
   -0.982934
    0.246238
      0.3099
   -0.342461
   -0.468729
   -0.576777
   -0.231942
   -0.548424
   -0.839134
   -0.804295
   -0.575752
    -1.53833
   -0.418916
    -1.39171
   -0.628779
    -1.14057
    -0.13093
   -0.997397
   -0.868126
   -0.728262
     -1.1827
     0.32643
    -1.05043
    -1.20073
    -1.39106
    -1.33673
    -1.30975
    -1.31733
   -0.286751
   -0.392319
   -0.990749
   -0.772767
    -1.05423
    -1.34227
    -1.26085
      -1.188
    -1.35216
    -1.30322
    -1.15867
    -1.25043
    -1.31678
    -1.19145
    0.165584
     1.70575
     1.12768
    0.552617
    0.566155
     1.28953
     1.15989
     1.74238
     1.62513
      5.5721
    0.873482
    0.681508
      4.1475
    0.114146
   -0.298836
     1.16172
     2.35821
     2.81981
   -0.834723
    0.146377
     1.24656
    0.306517
     1.34598
    0.136418
 0.000618278
   -0.894728
    -3.95821
    -3.43981
    -3.04156
    -1.41532
     3.98501
      2.0001
    0.233284
    0.836529
    -1.55826
   0.0997274
   -0.729084
   -0.286586
    0.164006
   -0.997729
    -1.31744
     0.71841
     1.72298
     2.21971
     4.78839
   0.0960911
    0.682189
     1.00292
     2.10277
     1.49995
     1.96654
     3.42301
     2.75277
     2.49796
     2.36008
     3.58751
     5.29216
      3.8831
     3.99542
   0.0674768
   -0.131773
    -3.67743
    -3.51694
    -3.98071
    -3.85287
   -0.669686
    -1.42317
   -0.532157
     0.17224
     2.86603
     5.02729
     3.41133
     3.49318
     2.30946
     1.50434
   0.0464489
   -0.230663
    -1.28416
   -0.639561
    -3.58032
    -4.04446
    -1.08503
    -1.72522
    -1.25831
     -1.0307
    -1.66022
   -0.357157
    -1.41446
    -1.66459
    -1.45783
   -0.524837
  -0.0981238
    -1.15093
    0.231278
   -0.495438
    0.261535
  0.00994249
    0.271077
   0.0889079
   -0.303118
     3.59362
     2.38675
     2.68996
     2.97634
    -1.24373
     3.35187
   -0.493161
   -0.405758
   -0.187734
   0.0706351
   -0.192338
   0.0321739
   -0.451966
   -0.375973
    -1.53008
    -3.59191
   -0.116588
    0.301417
   -0.288166
   -0.326307
   -0.284715
   0.0490248
  -0.0782393
   -0.627056
   -0.678213
   -0.490629
   -0.522035
   -0.685016
    0.675201
     1.05484
    0.337021
     5.00417
     3.96332
   -0.711546
    0.141497
   -0.220437
   -0.425406
   -0.187487
    -0.47369
   -0.581448
   -0.885488
   -0.147144
  -0.0517694
   -0.311871
    -1.00646
   -0.936788
   -0.443997
    -3.07765
   -0.840668
    -1.94928
    -1.78621
    0.476499
   -0.865376
     1.29119
     -1.0412
    -1.73263
    -3.02012
    -3.62087
    -3.73584
    -3.93874
   -0.105598
    0.054669
   -0.290571
   -0.271088
   -0.408458
   -0.555802
   -0.734881
   -0.134866
   -0.174342
     1.73444
      1.6257
     3.24652
     2.40996
   -0.384873
   -0.461383
   -0.561358
   -0.533354
   -0.717018
   -0.504485
   -0.745094
   -0.661622
  -0.0274332
    -1.31982
    -2.09967
    -2.32433
    -2.09668
   -0.598234
   -0.185702
    -2.62952
   -0.189948
     3.94524
     4.46989
   -0.555738
     1.20776
    0.751142
    0.416022
    -2.07126
    -1.54231
    -1.45045
    0.432165
   -0.282692
  -0.0511524
   -0.244874
   -0.392693
  -0.0974376
  -0.0207792
    0.427277
     2.11671
    0.800365
     0.28962
     1.10077
   -0.594269
    0.514876
    0.440872
    -0.70795
 -0.00799136
   -0.491672
     2.23489
     2.01999
     2.55138
     2.83421
     3.97411
     5.35591
     2.47429
     1.50134
    0.844772
     1.80628
    0.667289
     2.09707
     2.62781
     3.74976
     2.61715
     3.19919
     1.45083
     3.17612
     2.37406
     4.09346
     2.10214
     2.56764
     2.70261
     2.58911
     2.77501
     1.38786
     1.64641
     3.22102
    -1.42194
   -0.332697
    0.628813
     0.82959
   -0.489878
   -0.504974
   -0.230346
  -0.0594909
   -0.596398
     1.41999
    0.880639
     3.70898
     3.54191
     1.59391
     3.55193
     2.24628
     2.42526
     1.84033
    -1.14898
   -0.114118
     1.08251
   -0.520165
   -0.109562
   -0.774078
   -0.693064
   -0.656138
   -0.550337
   -0.207668
   -0.801101
  -0.0459051
   -0.662202
   -0.571667
   -0.140499
     -0.1222
     2.27196
     2.01015
     1.82291
     1.70877
    0.847659
   -0.259475
     1.09278
     2.59973
     1.40522
     2.08301
     2.81974
     2.01862
     2.71139
     1.78241
    0.219736
    0.876886
 -0.00158025
     0.10666
  -0.0506711
   -0.550067
   -0.343773
   -0.289777
   -0.151662
  -0.0928823
   0.0923636
   0.0454992
    0.241515
  -0.0878675
    -0.86403
     2.50332
     2.31065
     5.60251
    -1.01119
     -1.8822
    -2.25782
   -0.786468
   -0.415493
   0.0808989
  -0.0747634
    0.610114
     0.77696
     0.97439
    0.567798
    0.962863
    0.290227
    0.371497
    0.548981
   -0.112122
   -0.775966
    0.966064
    0.774515
    0.639784
  -0.0514839
    0.450113
   -0.102786
    0.351584
    0.821123
    0.687195
   -0.265392
   -0.595409
   -0.842858
   -0.805858
   -0.293203
   -0.644629
    0.158504
    0.855563
     0.48156
    0.828778
     0.86187
     2.64017
    0.360515
     1.42715
     2.22043
     1.13915
     1.42768
     1.67338
     2.23677
     1.68993
     2.23065
    0.309817
     3.14762
     1.56678
    0.928055
     2.26183
   -0.085827
    0.734947
     1.14337
     2.66153
     2.67362
     1.22141
   -0.840067
     1.84218
     3.46571
     1.65613
     3.42696
    0.899191
     1.16959
     3.81471
     2.62963
     2.17975
     2.48763
      2.5011
     1.22271
      1.7842
       1.275
     3.17323
     1.23087
     5.69498
     5.30169
   -0.132626
     2.42728
     0.51981
    0.867921
     1.37402
     1.07746
     2.87871
     2.50432
     2.31576
     3.33969
     2.82156
     3.01912
     1.97447
     1.91322
     1.90374
     1.70492
     1.70041
    -1.14819
   -0.341049
     2.55172
     2.37383
     2.27231
     1.49543
    0.513382
    0.490843
    0.928395
     2.03685
   0.0129573
   -0.563812
  -0.0483915
   0.0932766
   -0.467183
     7.20443
     5.13588
     6.61564
     1.39791
     1.42203
   -0.807463
     1.02513
    0.776524
    0.686903
    0.450484
   -0.515673
    0.144915
   -0.470103
    -1.76373
    -1.84944
    -1.23858
  -0.0963936
    0.881368
     1.60083
    0.124325
   -0.127088
       1.874
    0.507004
    0.485636
   0.0471041
    0.640745
    0.186316
   -0.120141
  0.00530881
    -0.97723
    0.316866
    0.788052
    0.204988
     1.06983
     1.37994
    0.823078
     1.69555
     1.27047
     1.37981
     2.17366
     1.64752
     1.51395
    -1.59991
     3.73717
   -0.321579
   -0.297131
   -0.613098
   -0.442671
   -0.443827
   -0.926227
   -0.483568
     8.14062
     4.54531
      6.4098
     4.46018
     0.76457
    0.786198
     3.89877
    0.286513
    0.811396
   -0.295351
   -0.033369
   0.0249024
   -0.256635
   -0.137901
   -0.763782
     2.06548
   -0.747262
    -2.31735
     -3.7358
    -3.17421
    -1.70552
    -1.04731
   -0.534308
   -0.721732
   -0.893555
   -0.737696
     5.72958
      6.5545
     3.82753
     3.74789
     1.47033
     2.26713
    0.999298
   -0.881421
    -1.55324
     1.66066
     2.65098
     3.18911
     1.08068
     1.66418
      1.2764
     0.90791
    0.253668
    -1.76529
   -0.784656
     0.36283
   -0.697995
   -0.182034
   -0.789005
    -1.40849
   -0.475743
    -1.97162
    0.284189
    0.459369
     1.11776
    -1.27654
     1.67913
    0.434881
    0.403499
     3.71024
    0.612341
    -2.72745
   -0.930617
   -0.758524
    0.732477
    0.562618
    0.234664
     1.21491
    0.109661
    -1.30391
   -0.872083
    -1.82421
  -0.0581296
   0.0329738
   -0.533761
   -0.613367
    -1.43518
    -1.09621
    -1.77322
   0.0437668
    -2.64763
    -4.20718
     5.37935
   -0.746452
   -0.875393
   -0.517051
    -1.14961
    -1.06223
    -1.35632
    -1.49433
    -0.58818
    -1.53742
     2.22456
   -0.407423
   -0.248505
    0.622278
    0.281032
    -1.82186
    -1.67291
    -1.02504
    -1.59959
    -1.59713
     1.07347
   -0.749467
    -1.68675
     1.29975
     0.18341
    -1.46968
   -0.013881
     2.32634
     5.08223
     3.88751
     3.97495
     3.86413
     3.13696
     4.44123
     6.45452
     5.37668
     4.56432
     2.44722
     6.23508
     4.49754
     1.41255
    -1.89538
    -1.84229
   -0.299261
     6.20091
    -1.56937
   -0.977255
   -0.643551
    -0.40067
    -1.79298
   -0.837156
     3.99384
      3.5679
      3.9685
      2.1163
     4.35576
   -0.510998
    -2.13349
     4.19887
   -0.571199
     5.03366
     1.28073
     1.09137
       2.592
     3.60284
     3.43107
     3.89439
     3.73254
   -0.635368
   -0.339006
   -0.417028
    0.945062
    0.958325
      2.2378
     5.07928
      7.0665
    -1.49712
   -0.568997
    -1.28003
   -0.904763
    -1.83621
   -0.349331
     6.73671
     6.86574
   -0.822963
    -1.78969
     6.78255
     0.32255
    -1.77684
     2.77785
      -2.426
     6.44717
     5.14493
    -2.36261
      3.7802
      7.5909
     5.34492
     4.84765
     -1.2395
    -2.52643
   -0.894814
     1.88734
     1.73731
   -0.249163
    0.464152
   0.0720335
      3.1708
   -0.695292
    -2.30955
    -1.27042
    -1.62315
    -1.72594
   -0.506669
    -2.34872
    -1.13371
   -0.583689
     1.13498
     1.12478
     1.04096
    0.907693
    0.806302
     1.01201
     1.00918
     1.03427
    0.863343
     1.27307
    0.747777
    0.500189
    0.932127
    0.789319
    0.908735
     1.01192
    0.779131
    0.891189
   -0.824837
    0.270264
   -0.147049
    0.635791
    0.593095
    0.744248
    0.549392
    0.782004
    0.843579
    0.171637
      0.6569
    0.245967
   0.0381796
    0.546143
   -0.560221
   -0.654936
    0.216512
     0.68866
    0.531905
    0.395917
    0.391717
    0.336293
   0.0878801
    0.491255
    -0.26979
    0.346931
    0.343722
    0.118695
  -0.0212306
   -0.251818
   -0.215945
    0.101576
  -0.0503209
    0.302781
    0.185679
    0.338532
    0.227003
    0.284245
    0.125245
     0.52333
    0.351871
    0.577554
   -0.575434
   -0.318666
   -0.865016
   -0.490362
   -0.405553
   -0.588166
   -0.249188
    0.029617
   -0.408329
   -0.671926
    0.215532
   -0.326569
    0.941876
    0.521716
    -1.27314
   -0.185774
   -0.299536
   -0.880209
   -0.873427
    -1.00672
   -0.894759
    0.232951
    0.651336
   0.0410842
   0.0379272
   -0.168287
   -0.311024
   -0.370364
  -0.0678877
    -1.03962
   -0.956439
    -0.66953
    0.315844
  -0.0802464
    0.378273
    0.716313
     0.58345
   -0.446128
    0.424149
    0.782832
    0.245335
   0.0659346
  -0.0640296
    0.292028
     0.65223
     1.06417
   -0.112742
   -0.992063
   -0.647208
   -0.510524
    0.254597
    0.359373
    0.520736
    0.265651
    0.380988
   -0.278249
   0.0310277
    0.457264
  -0.0394781
   -0.153004
    0.293755
    -1.50139
   -0.486401
   -0.671215
   -0.728424
    -0.70894
   -0.791816
   -0.535573
    -0.58442
   -0.563289
   -0.522705
   -0.332786
     -0.5792
   -0.678297
   -0.328685
   -0.496318
   -0.390621
   -0.469256
   -0.466248
   -0.355887
    -0.48211
   -0.479722
   -0.389759
   -0.627096
   -0.757809
   -0.566768
   -0.454927
    -0.34657
   -0.769014
   -0.398172
   -0.395304
    -0.52669
    -2.26048
     3.70277
     4.63519
     6.68785
     1.26284
    -2.12355
    -1.41726
   -0.940125
    -1.39215
    -1.37013
    -2.83136
    0.606979
     0.67835
    0.862782
    0.844656
    0.948717
    -0.83875
     1.19776
    -2.20368
    -2.69629
    -3.19025
    -2.95604
    -2.93754
    -2.88175
    -2.76657
    -2.19151
    -1.88361
    -1.89298
    -2.34388
    -1.71105
   -0.992011
   -0.513634
   -0.406786
  -0.0391244
    -1.41346
    -1.79941
    -1.24524
    -2.07071
   -0.476221
    -1.39059
   -0.318746
   -0.381598
    -2.30701
   -0.891624
   -0.855501
    -2.37342
    -1.67356
   -0.663151
    -2.45838
     1.44222
   -0.158337
   -0.397823
   -0.703214
-0.000918811
   -0.934258
   -0.442451
   -0.854263
   -0.712696
   -0.593793
   -0.245806
   -0.773006
   0.0282599
   -0.274237
   0.0901226
   -0.813722
    -1.08828
     -1.3852
    -1.26493
    -1.16147
   -0.928218
   -0.878194
   -0.507478
   -0.993131
   -0.861343
    -0.81691
   -0.456359
   -0.958148
   -0.901453
   -0.814575
   -0.477673
    -1.10821
    -1.27935
    -1.06556
     -1.3368
   -0.736173
   -0.480383
    -1.37624
     0.14441
   -0.629861
   -0.208748
    0.690011
    0.215855
    0.762265
     1.29688
     -0.4752
    0.399403
     1.50293
    0.940704
   -0.244208
    0.153392
    0.696803
     1.22823
    -0.72847
    -1.40996
    -1.13488
     1.31274
   -0.559127
   -0.884612
    -1.62352
    -1.31345
    -1.33855
     -1.3246
     -1.3702
    -1.40813
     -1.4059
    -1.38727
    -1.34092
    -1.51217
    -1.35192
    -1.36136
    -1.46782
    -1.41002
    -1.32055
    -1.36402
     -1.5084
    -1.40246
    -1.46704
    -1.53928
    -1.62511
     -1.5327
    -1.41805
    -1.46206
    -1.34428
    -1.35939
    -1.78177
    -1.50065
    -1.71534
    -1.72612
    -1.29912
   -0.117403
    0.166298
   0.0899258
   -0.198073
    0.470045
   -0.966842
   -0.137761
    -1.38788
    -1.33479
    -1.33481
    -1.36979
    -1.30119
    -1.43048
    -1.26966
    -1.30898
    -1.03281
   -0.318434
    -1.58364
    -1.48195
    -1.63708
    -1.38916
    -1.81903
    -1.54584
    -1.09409
    0.232979
    -0.76076
   -0.474915
   -0.207601
     2.07353
   -0.990027
    -1.65119
     -1.1515
    0.595742
    -1.17903
    -1.12623
    -1.27471
    -1.13938
    -1.23389
    -1.36784
    -1.26115
    -1.35067
    0.167686
    -1.39441
    -1.34579
    -1.21883
    -1.31694
     -1.2551
    -1.14489
    -1.17236
    -2.01652
    -1.76859
    -1.57931
    -1.64379
     1.31911
    -1.70546
    -2.01473
    -1.96922
    -1.89384
    -1.96904
     -2.0037
    -1.83578
    -0.75666
    -1.50182
    -1.31273
    -0.18232
    -1.82073
    -1.81498
     1.61388
      -1.344
    -1.15056
   -0.731582
    -1.00315
   -0.955879
   -0.883143
    -1.10543
   -0.884537
   -0.716123
    -1.06045
    -1.29361
    -1.24053
    -1.16475
    -1.15446
   -0.946757
    -1.42164
     1.12979
      1.1058
   -0.908474
   -0.308899
    0.446326
    0.651345
     1.43962
    -1.09511
    -1.32932
    -1.18417
     -1.3355
    -1.26286
    -1.13205
    -1.45405
    -1.22866
    -1.28561
      1.1773
   0.0694465
    -1.66162
    -1.46601
    -1.31591
     -1.3279
    -1.66515
    -1.70604
    -1.72877
    -1.38411
    -1.03466
    -0.74111
    -1.28711
    -1.06951
     -1.2777
   -0.551213
    -1.72797
   -0.875399
    -1.52592
    -1.08037
     -1.5395
    -1.26972
    -1.85308
    -1.35052
   -0.831908
     1.15122
    0.163757
   -0.463737
   -0.298989
   -0.507919
   -0.717247
   -0.146234
   -0.436917
   -0.404218
   -0.209207
   -0.569637
   -0.136325
   -0.211765
   -0.713554
   -0.423169
   0.0376708
   0.0121124
   -0.149838
    0.548252
    0.633914
    0.827009
    0.480317
     1.35742
 -0.00147533
    -0.20715
     2.62298
    0.402052
   -0.293104
      1.1481
   -0.814783
    0.395386
     1.30377
    0.544264
    -0.56317
   -0.169275
     1.81818
   0.0579383
    -1.10346
    -1.54332
    -1.30013
    -1.70187
     2.66482
    -1.61516
    -1.34442
    -1.71006
    -1.59369
    -1.38998
    -1.46726
    -1.75066
    -1.65835
    -1.73111
    -1.88762
    -1.81249
    -1.96238
      1.2708
   -0.900627
    -1.10665
   -0.260181
    0.100056
     1.03585
      1.6416
     3.96238
     1.37499
   -0.998021
   -0.157795
     1.13504
   -0.186861
     6.43476
     1.13827
     1.48644
    -1.39879
    -1.60755
     -1.7618
    -1.51475
    -1.69881
    -1.53895
    -1.64533
    -1.83592
   0.0963923
    0.368628
    0.153773
   -0.817679
     1.52519
    0.813171
     2.29302
     3.32141
     5.65426
      5.2598
     3.82212
     5.54897
     5.24462
     4.96873
     5.14945
     -1.4995
    -1.31091
     1.41318
  0.00507937
    0.483053
    0.453048
     1.32381
     1.13986
    0.700195
     1.26068
     1.43801
    0.730557
     1.31507
    0.964564
     1.45483
     1.66272
    0.951722
      1.8407
     1.65995
     1.40146
     2.39143
     2.12833
      1.1961
     2.22581
     1.73039
     1.85071
     2.65133
     2.88274
     2.49195
     3.63503
     3.14259
     3.09305
      3.5353
     1.92678
     3.41444
      1.9629
     4.15732
     3.93364
     6.06573
     4.70348
     3.73818
     3.22277
     5.52414
     6.53678
     4.75103
     5.29816
     5.00318
     5.66706
   -0.323116
      1.3133
    0.913288
     1.35701
    0.915504
     5.41747
     1.30245
     2.00715
     2.83903
     4.74811
     5.15877
     3.10585
     3.85208
     3.63762
     6.41199
     1.68048
    0.937831
     3.16255
     4.50923
     3.11529
     6.17879
     4.53184
     3.73939
     2.34087
     3.62855
   -0.473554
     2.37675
   -0.781659
     3.93218
     6.47652
     4.64556
     4.88993
     4.65348
     0.98403
     4.41327
   -0.188229
    0.586951
   -0.141529
   -0.159169
   -0.474182
     1.45437
    0.715135
    0.563177
     0.81482
     1.09599
    -0.91966
   -0.477499
    -1.77447
    -1.39085
    -1.39665
     -2.2542
    -3.46357
    -2.15225
    -2.16156
    -2.38988
     -1.0397
    -3.40841
   -0.964732
   -0.897119
    -1.11451
     2.73896
     5.50164
     4.11585
     3.88729
     4.54387
     4.03059
     5.23841
     5.60483
     4.00277
     4.81173
     3.16771
   -0.857567
   -0.100651
     1.53051
    -3.81466
    -11.0668
    -5.98619
    -5.38699
    -1.91913
     6.38772
       4.989
    0.189519
    0.290337
     3.62421
    0.451212
    -2.52838
    -1.60035
   -0.521403
    0.015188
    0.225309
   0.0334582
   -0.411038
   0.0520416
    0.587542
     6.66564
     5.28348
     6.20756
     4.42351
     5.22256
     2.14041
     4.35877
     3.45601
    0.658896
     5.22117
     5.71559
     1.55396
     4.15948
     6.89091
     5.77414
     6.82612
      6.3063
     2.16171
      5.7017
     6.46214
     2.82149
     2.29058
     1.49029
  -0.0631714
     1.98615
     3.58691
     3.30962
     1.46161
     2.84358
     1.77526
    0.585427
     3.52969
     3.20767
     2.28342
     1.58354
     2.32047
    0.579238
      3.3038
     2.52488
      1.1108
     3.68918
    0.292828
    0.808731
    0.180915
    0.352148
  -0.0563973
    0.118456
     -0.1203
    0.781482
   -0.501866
  -0.0286744
    0.537183
     1.13072
   -0.113522
   -0.635104
    -1.29245
  -0.0893432
  -0.0667954
    0.121611
  -0.0819317
    0.203039
  -0.0577374
   -0.356343
     0.40878
  -0.0900546
    0.087842
    0.178645
     0.20301
    0.271391
    0.236979
    0.439284
    0.421875
     0.26823
     1.10818
     1.41747
     4.23493
   -0.756531
    -1.25439
   -0.654455
   -0.469487
    0.172494
    -1.06104
   -0.757436
  -0.0684912
    -1.22834
   -0.297617
   -0.336725
   -0.427514
   -0.425659
    0.164795
     1.07347
    0.364797
    0.982293
    0.693384
   -0.168066
     0.50409
   -0.639328
    0.455851
     1.64409
       1.218
    0.970887
     1.98031
   -0.373109
    -1.93168
    -1.04875
    -2.00653
   -0.112871
   -0.658562
   -0.131027
    -1.03405
     1.15861
   -0.269922
    -0.19072
    0.492218
     1.47929
    -1.13259
    -1.67891
    -3.04622
     1.48627
     1.50048
     1.65585
      3.7623
     1.52331
     1.57352
     1.17931
     1.43571
     1.15819
     1.27558
      1.1004
    -1.51837
    -2.59296
    -2.48035
    -1.92332
    -2.56806
    -2.18104
    -2.62201
    -1.31319
    -2.62179
   -0.697762
    -1.46278
    -2.61197
    -3.04558
    -3.01311
    -2.96564
    -3.19821
    -2.90992
      -2.885
    -3.02361
    -3.14016
    -1.20876
    -2.58873
   -0.815543
    -1.02351
      2.4359
    0.714441
     3.35779
    0.504812
      1.2252
     3.19894
      3.3177
     2.62792
     1.08037
    0.540801
    -1.65967
    -2.28005
      3.5976
     4.40454
     4.21552
     4.07595
     2.50213
   -0.239458
     0.21908
    0.709779
     5.51422
    0.275335
     2.94492
     5.31103
     3.97053
     7.01453
     3.22807
     1.23288
     9.39642
     3.19415
     6.17299
     1.45606
     6.80804
     7.72369
     7.72496
     8.31888
     9.45864
     5.12756
     9.27094
     7.71873
     4.56282
      2.6071
     4.21584
     6.49921
     2.99362
     7.05787
     4.48333
     7.99429
     3.21324
     9.25606
      3.1298
     5.25883
     1.81766
     7.93855
     8.44962
      1.0551
     8.48686
     6.11484
     6.66053
     6.24713
     4.86419
     2.29261
      3.0793
     2.03431
     2.45108
      3.4754
     7.03298
     4.37053
    -1.63931
    0.831124
     1.90357
     2.15386
      3.1826
     1.19805
     1.47002
     1.05035
     1.39568
    0.698161
    0.693837
     1.54778
   -0.505843
   -0.242025
   -0.482058
   -0.288052
    -1.32963
   -0.428128
   -0.474205
   -0.465681
   -0.648524
   -0.294067
   -0.329432
   -0.537282
    -0.38143
   -0.325783
    -0.50386
   -0.357027
   -0.345904
     -1.0436
    -0.56571
   -0.476276
   -0.402023
   -0.444687
   -0.468875
   -0.596771
   -0.426514
   -0.425678
   -0.960565
   -0.744939
   -0.840184
    -1.06072
    -1.49287
    -1.22207
    -1.16062
   -0.478145
   -0.495713
   -0.648948
    -1.20233
   -0.926197
   -0.398504
    -1.58017
    -1.35364
   -0.627034
    -1.32242
   -0.651531
    -0.86943
    -1.55181
     3.88445
   -0.226662
    -1.31715
    -3.08981
   -0.801425
     -3.1762
   -0.485969
   -0.790775
    -3.15951
    -2.80282
     3.12581
    0.996922
    -1.46328
    -1.36057
    -1.79656
    -1.30112
     5.61964
     1.43798
    0.905324
     2.40735
     3.72676
     2.82254
     1.79247
     3.09839
     1.81208
     2.77407
   -0.203177
   -0.862674
   -0.349297
   -0.395819
   -0.348833
   -0.174039
   -0.297076
   -0.410612
     -1.1422
    -2.51097
    -2.25764
    -2.33482
    -2.11331
    -2.66031
    -3.22252
    -2.95749
   -0.271292
    -2.29137
    -2.69496
     -3.0402
    -2.97307
    -2.74887
     -2.0809
    -1.70415
   -0.946584
    -2.05858
    -2.93782
    -2.92544
    -1.59629
    -2.30247
    -1.40996
    -3.48684
    -2.05818
     -1.5029
   -0.972909
    -3.30507
    -3.09852
    -2.28951
    -2.65548
    -2.38214
    -2.74885
    -1.25517
   -0.931311
   -0.931861
    0.105653
     -1.6242
    -1.30436
   -0.543189
    -1.82134
    -3.03331
     -3.3436
    -1.80266
   -0.678065
    -2.32983
     -2.6694
      -2.691
    -3.02657
    0.137966
     2.87666
     3.72731
     6.42123
     4.02995
     6.71301
     5.73464
     5.25268
     5.32312
     2.62792
    -2.21381
    0.176585
      1.6605
     2.62651
      7.1964
     4.72227
     3.08025
     5.75962
      1.9417
     3.27929
      3.9513
     3.29415
   -0.659426
    0.367812
   -0.291439
  -0.0164517
   -0.835969
   -0.601214
    0.338369
    0.348913
  -0.0283049
    0.494326
    0.489326
    0.506823
    0.536861
    0.538675
     0.51301
    0.223737
    0.220875
    0.296372
    0.122776
    0.466085
   -0.422927
    0.346452
    0.170917
    -0.35735
    -0.32387
    0.185656
    0.575578
   -0.833061
    0.438338
    -1.48125
    0.502324
    0.491561
    -1.34126
    0.106411
    0.302438
   -0.683371
    0.184187
  -0.0161638
  -0.0719755
     0.47564
    0.284274
    0.381188
   -0.149597
   -0.261982
    0.212052
   -0.476792
   0.0178138
    0.271099
    0.147369
    0.473226
   -0.168566
    0.225173
     -1.6133
    -1.49486
    -1.32974
   -0.648973
   -0.827967
   -0.266462
  -0.0485205
   -0.112791
   -0.249937
   -0.269869
    0.281292
   -0.939666
    0.217662
    -0.70402
    -1.24755
  0.00300741
   0.0332531
    0.216086
     0.13926
   0.0701988
   -0.330867
   -0.689756
   -0.780185
   -0.608571
    -0.41498
   -0.706441
   -0.782675
  -0.0185133
  -0.0991119
   -0.488857
   -0.317631
   -0.350353
    0.310488
   0.0251837
   -0.699826
   -0.777379
   -0.553131
   -0.651084
    0.422466
    -1.13389
   -0.917243
   -0.196372
    -0.42443
   -0.416429
   -0.471248
    -0.58988
   -0.412025
   -0.372936
   -0.268733
   -0.263778
   -0.524627
   -0.922897
   -0.726525
  -0.0855102
   -0.204838
   -0.301521
   -0.289915
   -0.535213
   -0.588275
   -0.305459
   -0.457729
   -0.777109
   -0.896448
   -0.617653
   -0.599183
   -0.730563
    -0.78094
   -0.819892
   -0.875107
   -0.679573
   -0.717874
   -0.779201
    -1.28617
    -1.00292
   -0.902677
    -1.03031
   -0.545926
   -0.617787
    -0.99523
   -0.609933
     -0.5009
   -0.637501
   -0.140198
   -0.599126
    0.204802
   -0.941521
   -0.887178
   -0.102434
  -0.0473488
    -0.32083
   -0.651846
   -0.921403
   -0.590832
    0.371214
   -0.270826
    -0.82393
   -0.410193
   -0.646787
   -0.629157
   -0.349966
     5.61262
     5.50519
     7.51184
    -1.95528
    -2.70395
   0.0139724
    0.177332
 -0.00961663
    -1.45151
    -1.10842
    -1.37615
    -1.24779
    -1.05194
    -1.23372
   -0.921565
    -1.27341
    -1.37768
    -1.36674
    -1.37286
    0.978744
    0.213328
    -1.11863
    0.721835
     1.64128
     1.40851
     1.07554
   0.0799331
    0.200824
    0.834056
    0.482283
   0.0883063
  -0.0422594
      2.0459
     1.41748
    0.175574
     1.29678
    0.635345
  -0.0162051
      3.7914
      6.0044
     6.40731
     5.22723
     6.40143
     6.51889
     5.56123
     5.66081
      5.9174
     5.87173
     5.96333
     5.58828
     1.27265
   -0.167028
   0.0236934
     0.10528
     2.95713
    0.616154
    0.277032
      0.4693
   -0.046188
     2.88681
     1.48742
     1.48715
    0.999747
    0.961705
     3.05929
     2.01444
     2.56285
     2.84632
     4.37977
      2.7396
     3.88385
     4.79816
     3.60543
     2.12739
     4.42654
     3.93958
     3.60446
     4.05289
      3.2241
    0.991444
     1.74403
       4.652
     5.56175
     2.86591
     4.56946
     4.52021
     4.43251
     5.03113
       5.178
     4.73596
     4.83427
     4.38454
     5.12718
     4.85451
     4.98054
     3.30747
     3.19462
     6.22044
   0.0529004
   0.0792601
   -0.710172
    -1.51858
   0.0944505
     1.35417
    0.890008
     1.50088
    0.639872
    0.860149
     2.15114
     6.53041
     1.04888
   -0.805398
   -0.624572
   -0.570837
   -0.565195
   -0.625208
   -0.562669
    -1.65613
    -1.43333
    -1.37692
     -1.0088
   -0.902562
    -1.20739
    -1.60637
    -1.17665
   -0.562106
     -1.8019
     -1.7245
   -0.626092
   -0.410013
    -1.66493
    -1.15142
    -1.54945
    -1.20567
    -1.41168
   -0.724497
   -0.774297
   -0.618946
   -0.565701
    -1.43022
   -0.637859
   -0.843187
   -0.697595
    -1.52062
    -1.65234
    -1.10866
    -1.47161
    -1.25454
    -1.43425
 -0.00370084
   -0.962856
   -0.230759
    -0.63974
    0.342961
   -0.822466
     2.68038
     2.32174
   -0.942847
     1.66821
      1.0057
    -0.60681
    -1.03422
    0.882439
     1.52308
     2.58092
     1.17611
    0.176947
   -0.499308
   -0.910549
   -0.904605
   -0.613892
   -0.608921
   -0.954037
   -0.684135
    -1.34262
   -0.709727
    -1.26418
   -0.883951
   -0.732516
   -0.800994
   -0.345963
   -0.669263
     2.39344
    0.107247
     1.43008
     4.85157
     2.05729
     1.39186
    0.536478
   -0.545598
   -0.523348
   -0.547593
   -0.401144
   -0.651214
   -0.526148
   -0.582591
    -0.59542
    -1.07851
   -0.843689
   -0.691473
   -0.507852
   -0.516637
   -0.266059
   -0.488317
   -0.403622
   -0.607713
   -0.476146
   -0.699678
    0.415498
     1.05141
    0.114823
     1.04771
    0.742233
   -0.396793
   -0.627952
   -0.813158
   -0.758933
   -0.859045
   -0.835799
     0.15269
    0.707987
    0.524573
     3.84218
     3.99337
     4.71708
     3.27765
      3.8212
     3.68471
     2.31946
     4.49718
     4.59626
     4.42026
    0.514632
    0.665996
      1.5862
    0.749493
     1.28613
   -0.764923
    -0.86323
   -0.649831
   -0.513647
   -0.797107
   -0.871388
   -0.946764
    -1.32464
   -0.850322
   -0.725619
    -1.10543
   -0.978211
     -1.0166
    -1.52732
    -2.27144
   -0.912428
    -1.29044
   -0.973209
    -1.49581
    -1.03924
    -1.16403
    -1.28712
   -0.440667
     -1.0677
   -0.920122
    -1.01919
    0.632336
   -0.125471
     0.76368
      5.4748
     5.38418
     5.77535
     5.08439
      4.4221
     5.44527
     6.36744
     5.75525
     4.92447
     5.93982
     2.87666
     1.85268
     3.90931
     5.15743
     3.05382
     1.95297
     1.98928
    -1.06107
    0.523036
     1.35949
     5.72855
     5.32684
     4.95473
     3.01195
     2.30948
     1.71615
      2.8524
     5.53636
     4.13101
     4.21652
     2.40978
     3.25415
     3.66401
     4.53826
     3.13474
   -0.894899
     5.83767
     2.46545
    -1.18165
     2.26745
      4.1214
     5.58892
     3.54914
     5.22379
     4.42743
      4.1325
     4.63818
     4.84698
    -4.09557
    -4.10762
    -4.30944
     1.22457
    0.183671
    -2.09673
     3.32237
     2.13387
     5.74771
     6.11959
     4.49105
    -3.43674
    -1.70009
     4.64285
    -3.22597
    -3.44616
     0.31195
    -3.80351
    -4.13754
    -2.65966
     1.22689
     5.75387
     4.13361
     5.35815
     2.43229
     7.69866
    -1.34722
     6.51642
    -3.23286
   -0.183344
     6.67179
     3.46754
     -1.7737
     1.63578
     2.50637
     1.17824
    -3.24129
     3.86131
   -0.284562
     6.31093
      3.9515
     6.95986
     4.78528
    -2.26218
   -0.998963
    -4.33687
   -0.020958
     1.64506
     0.10313
   -0.785488
   -0.626201
    0.144773
    0.748377
     -2.3085
    -3.04343
   0.0972655
     2.74451
      6.5352
    0.711483
    -4.09311
     2.46904
    -1.67565
     -2.5215
     -2.3402
    -1.26442
    -3.90185
     4.01055
     1.26707
     3.22952
     1.06846
     5.70069
     3.42334
     5.34351
     3.22631
     3.42174
    -3.36407
    -3.13071
     -1.6659
    -2.25534
    -1.36139
   -0.833224
    -1.24638
    -1.13566
    -1.36304
     -1.4202
     6.82885
     2.47683
    -1.41698
    -1.93388
    -2.23799
    -1.61237
     2.53197
    -0.21652
       6.409
     7.05206
    -3.60449
     1.94344
     5.04787
     3.37098
     1.56744
   -0.808917
   -0.918659
    -1.04985
   -0.833299
    -1.00762
     -1.3418
   -0.765947
    -1.15713
    -1.72522
    -1.46258
    -1.62837
     -1.9152
    -1.81688
    -1.52002
    -1.43494
     -1.4265
    -1.23735
     -1.3738
    -1.10778
   -0.762064
    -1.72537
    -1.73076
    -1.09772
    -1.23576
    -1.03887
    -1.94196
    -1.74178
    -1.58728
    -1.59923
    -1.68542
    -1.78463
    -1.82225
    -1.60221
    -1.79723
    -1.74268
    -1.73767
     -1.9013
    -1.86113
    -1.51744
     -1.4939
    -1.64221
    -1.01934
    -1.31317
    -1.21341
    -1.56551
    -1.44426
    -1.55708
    -1.41486
    -1.27833
    -1.43236
    -1.66596
     -1.5171
    -1.41251
    -1.39494
    -1.41834
    -1.39242
    -1.37531
    -1.14295
   -0.962962
   -0.501968
    -1.52917
    -1.56919
    -1.39128
    -1.67013
    -1.75349
    -1.51933
   -0.409789
    -0.60528
   -0.617556
   -0.253931
  -0.0195019
    -0.01879
   0.0828073
   -0.420836
   -0.469431
   -0.490578
   -0.468442
   -0.292846
   -0.373829
   -0.457772
   -0.541115
   -0.366359
   -0.499621
   -0.288399
   -0.177463
   -0.368276
   -0.158188
  -0.0254721
   -0.204533
    -0.25702
   -0.299399
   -0.270337
   -0.270186
   -0.336706
   -0.259975
   -0.260696
   -0.265278
   -0.317395
   -0.300568
   -0.397755
   -0.205474
    -0.33069
   -0.112107
   -0.203746
   -0.239462
   -0.244939
   -0.243038
   -0.319046
   -0.260333
   -0.355886
   -0.283571
   -0.274879
     1.63671
    0.664899
     1.99623
    -1.98211
    -2.07136
    -2.60903
    -1.90201
     2.38494
   -0.510573
    -1.01323
    -1.39666
    -1.38797
    -1.34465
     4.22732
     3.11868
     4.78139
     2.40921
     2.62908
     1.68604
        4.74
      1.0943
     4.27121
     5.99757
     2.83974
     4.71417
     4.28818
      6.0593
     3.09931
     1.89959
     3.77987
     1.48629
     1.67428
     6.07276
     1.47896
     6.28855
     6.64947
     1.44703
     3.00614
      6.2527
      6.0853
     6.27878
     5.81912
     7.33589
     5.97788
     5.12969
     6.21023
     4.01058
     3.33616
     4.68609
     3.95995
     4.76909
     3.79802
     5.58401
     4.76802
     2.51183
    0.691263
     3.41583
     3.51488
     2.39699
     1.82527
     2.34613
  -0.0166049
     1.99132
    0.207919
    0.289354
     0.90235
     3.82724
     2.87186
     5.24846
      2.8603
     6.00814
     6.08234
     5.17555
      1.6816
     4.17362
     4.36048
     6.20618
     5.70825
      6.3871
     5.77483
     4.72544
     3.92857
     5.49427
      5.7851
     4.95769
     4.09763
     0.47716
     2.70561
      3.0886
     4.21499
   -0.923808
     1.79079
     2.78806
     1.97681
     2.67729
    0.922629
    -1.38314
   -0.502212
   -0.503947
     1.72899
   -0.111068
     3.70316
    0.161385
    0.517661
    -0.76361
     2.29811
     4.59613
   -0.339322
     4.83882
     5.34892
     6.33993
     5.68885
   -0.398734
   -0.961228
  -0.0113674
    0.752549
      1.3019
      4.9264
     5.55421
     6.67044
     5.80699
     6.20277
     6.07766
     5.84232
     4.44929
    0.432796
     1.55131
    0.678896
    0.793916
    0.932774
    0.652758
     3.66856
     3.93817
     5.66677
     5.20465
     5.54405
     2.84282
     3.83523
     4.63879
     3.29879
     3.28603
     4.27168
      2.3009
       4.828
     4.13943
     2.30813
     2.91386
     1.49739
     1.17491
     2.33033
     1.50093
     2.01335
     1.07875
    0.629897
    0.382345
     3.19441
     2.19034
     1.05147
     1.15419
     2.07752
     7.42862
   -0.464117
   -0.883371
    -1.89471
    -2.21231
    -1.67074
    -2.12667
    -2.31656
    -2.58269
    -1.25042
    -1.08538
    -1.28319
    -1.14705
    -0.10165
   -0.661917
   -0.807373
     1.51315
     2.05593
     1.46981
     1.16453
      1.4067
     2.20079
     4.65895
     3.86842
      5.1402
     2.68744
      4.1314
     4.60861
     5.11693
    0.821795
   0.0299328
    -3.05137
    0.802234
     2.46906
     1.18434
     3.21686
     1.45729
     3.14942
     2.17186
     4.15343
    -1.60588
   -0.951855
    -1.15556
     -1.6686
     -1.8226
     8.14133
     9.19376
     4.60989
     3.19133
     6.12293
     5.60899
     7.48235
     6.79759
     5.88508
     7.03248
     7.12346
     6.90754
     1.36898
   -0.400535
    -5.59113
    -4.35107
   -0.749696
    -8.64384
   -0.740984
     -1.6602
   -0.454438
     -1.6198
   -0.945989
    -2.17476
    -2.60172
    -2.61907
    -1.07617
    -2.63879
   -0.471062
   -0.587343
    -1.61639
    -1.20752
     1.32004
     2.58894
     1.09594
    -1.15975
     0.64389
   -0.819359
    -1.51348
    -1.87445
     -1.6605
   -0.301898
    -1.22268
   -0.921459
   -0.631525
    0.990644
   -0.664691
     3.11866
     4.83519
     5.16668
   -0.893792
    -1.83052
      1.8565
     1.65026
     1.11857
   -0.842534
     2.74749
     4.91128
    0.750486
    -1.83401
   -0.630294
   -0.482092
   0.0870826
    -2.61358
   -0.798124
     3.45087
     4.63475
     6.20148
     2.19613
     4.02045
     1.99157
     1.22268
     3.50334
     4.43882
     4.33076
     5.07942
     4.33335
     4.12682
    0.692607
    0.718859
      1.2781
  -0.0680711
   -0.625467
   -0.342332
     1.11777
     2.10307
     0.39843
     1.69573
    0.536445
    0.418288
     2.74769
    0.207492
      1.3737
     3.89315
    0.382405
     3.46946
     4.26296
     4.76022
     6.55626
     2.32589
     6.47135
     7.77995
     1.32059
     8.01579
     3.08462
     8.55766
     2.79016
     5.42415
    0.832573
      5.6714
     8.69276
     8.77493
     6.51345
     7.19394
     6.46283
     6.64863
     6.26671
     5.03442
    -0.28927
  -0.0693144
     5.72641
     5.60821
     3.43164
    0.518159
     2.97857
    0.422856
     1.30383
  -0.0578337
     5.93713
      9.4192
     8.28803
     8.20865
     4.05932
      6.0794
     2.70505
     4.65573
     3.72379
     6.76988
     6.47568
     8.52256
     5.52908
     8.67768
      3.2799
     2.31877
     7.14727
     7.72436
     2.22966
     3.86031
     3.30092
     7.62831
      7.6819
     7.90228
     6.30001
     8.70212
     5.66248
     2.99462
     5.77745
     6.83862
     5.52278
      4.6739
     7.14332
     6.22398
    0.648952
     6.79556
     4.52553
     1.63168
      2.4905
    0.299663
   -0.131193
     2.08157
  -0.0261171
     2.01148
   0.0691538
     5.23975
    0.569529
     3.25874
     7.14159
     5.21618
     4.18038
     1.66177
    0.729158
     2.04425
     3.90635
    0.993303
   -0.245428
    0.372683
      6.2466
     6.85164
     4.81375
     7.35058
     5.70151
     5.29654
     6.31856
     5.62032
     4.88326
     4.69597
     4.88987
     4.09559
     5.27025
     4.62347
     5.29146
     5.18969
     4.90658
     2.30911
     3.84795
     4.52775
     5.79311
     6.33616
     4.48617
      3.6013
      6.8344
     5.87339
     5.46424
     3.56278
     2.98863
     4.76399
     4.17907
     5.29689
     6.98637
     5.60316
     4.62785
     3.04099
     1.82537
     2.21549
    0.996965
     2.72425
      3.8481
     1.33156
      1.9623
     1.18542
    0.434054
     2.84353
    0.607034
   -0.255212
     1.04363
     1.40865
     1.07928
    0.464105
   -0.265254
     1.77588
      6.3379
     6.19913
     5.60347
     8.18116
     7.41206
      7.3201
     7.03051
     6.01208
     1.24179
     2.41042
     2.54653
     3.83499
     2.59692
     3.71717
     2.85353
     1.76656
     1.83697
   0.0289598
   -0.173158
   -0.354353
    0.498315
    0.570923
   -0.747517
   -0.607396
    -1.25559
  -0.0520988
  -0.0994597
    0.631887
     5.93075
     4.66671
     8.46098
     6.84355
     7.47235
     7.92247
     8.64869
      8.2398
     7.54669
     6.74857
     7.42468
     5.13465
     4.01097
     7.03565
     1.80244
     0.52094
   -0.863488
    -1.32111
    -1.00553
    -1.09613
     5.12633
      5.6143
    -1.11875
   -0.913263
   -0.457758
   -0.608035
   -0.322305
   -0.922374
    -1.47112
     5.62934
     5.96082
     6.14845
     6.94498
     6.28572
     -0.4105
  -0.0449488
   -0.877087
   -0.747503
   -0.982966
    0.494304
   -0.431351
   -0.231247
    -0.38772
    0.154078
    -1.30938
   -0.475265
    -1.49155
    -1.03246
    -2.23959
    -1.73775
    -1.62981
    -2.40789
    -2.38077
     2.50785
     3.82465
     5.55219
    0.834815
     -0.2409
    -4.64269
      4.8443
     1.13605
     6.11443
     3.67173
     4.15778
     4.30984
     2.12463
   0.0547764
     1.40466
   -0.519296
     3.79219
    -1.62635
    -2.17239
    -1.30196
    -0.28436
  -0.0216979
     3.20838
     2.45421
     3.16941
     3.33668
     2.15458
    0.675167
     3.24772
     2.90343
     1.85065
     3.51431
    0.825489
     1.23311
    0.387558
     2.66181
     3.02119
     1.96425
     3.69794
   -0.524277
     1.06288
     4.92276
    0.681564
     1.03256
   0.0824502
     1.03841
  -0.0784736
     -0.5082
    -1.75062
     -1.1596
     -1.2322
     -1.5421
    -1.89596
    -1.90019
    -1.31461
    -2.31077
    -2.02995
    -1.53517
   -0.556833
     1.47849
   -0.330989
   -0.935529
   -0.177167
    0.556541
    0.961703
    -2.52404
   -0.328709
  -0.0231525
     6.59769
   -0.825981
    -1.45865
     -2.2869
     2.57346
     2.79177
    0.831953
     6.35325
     2.23315
     4.29511
     5.59959
    -1.05993
     0.59759
    -3.34648
     3.20505
     1.86086
      2.8965
      4.9279
     5.32902
     3.67755
      6.4673
     1.15565
     2.89106
     1.39875
     1.79271
     0.73723
    0.807458
      7.0651
     6.60572
     4.74545
     6.69422
     4.63578
     1.59959
    0.995945
     1.11435
     1.61205
    0.916538
     1.67781
   -0.273694
   -0.582018
  -0.0115509
   -0.598963
    0.427108
    0.233142
    0.427501
   -0.249828
   -0.836213
   -0.574808
    -0.56816
   -0.192004
   -0.704695
     2.06987
      1.3299