    -1.54413
    -1.56949
   -0.849738
     -1.5251
    -0.99285
     1.71586
     1.24494
   0.0982588
   -0.490437
     2.71895
    -1.45604
    -1.90606
  -0.0560246
    0.247649
    0.572284
      3.2473
   -0.319589
    -1.80944
     2.39613
    -1.14203
   -0.593675
    0.392443
     0.57762
     4.55188
   -0.865247
    -1.55653
   -0.628983
  -0.0635532
     3.66141
     4.81463
    -1.30131
    -1.83385
    -1.93476
    -1.65796
    0.230091
    -1.95622
    -1.68374
   -0.703897
    0.484808
     2.91819
     2.51578
    -1.71594
    -1.63551
    -1.21842
   -0.230268
  -0.0446344
     1.38679
   -0.583351
    -1.70698
    0.312645
    -2.02829
    -1.90891
   -0.474079
   -0.251072
   -0.372155
   -0.253193
     2.71002
     1.51773
   -0.554386
    -1.99533
   -0.595139
 -0.00514302
    0.407806
    0.717536
     3.85389
   -0.742742
   -0.220083
    0.670577
    0.868062
      5.3593
     -0.7482
     4.91171
     4.21948
     3.07891
    0.793394
   -0.181677
    0.877544
     2.14243
    -1.80472
    -1.26136
   -0.355829
  -0.0506953
  0.00523021
    0.538655
     4.27596
     5.26841
   -0.661745
     -2.0186
   -0.838266
   -0.674045
   -0.654445
   -0.403208
     0.38772
     6.10664
    -2.02957
    -1.96658
     2.42007
    -1.64511
    -1.75325
   -0.179166
  -0.0598887
    0.476059
    0.595525
     4.24083
     4.58319
    -1.45598
   -0.364779
  -0.0608143
  -0.0536794
    0.561459
    0.419891
    -2.46218
   -0.937488
     2.07937
     3.34339
    -1.00268
   -0.724888
   -0.604896
    0.278137
    0.241485
     6.91036
     1.29396
    -2.15924
    -1.64933
     -1.4763
     6.64903
   0.0112118
     3.92345
   -0.905795
  0.00628002
   0.0927487
    0.499972
   -0.322402
    -2.95836
     4.83667
    -1.20643
    -1.10627
   -0.441222
   -0.115236
   -0.077966
    0.048452
    0.630352
     6.60527
    -2.57102
    -2.39296
     2.87833
   -0.206729
   -0.839708
   -0.563723
   -0.128452
    0.134151
    0.275491
   0.0497428
   -0.246729
  -0.0499518
    0.131119
     5.60823
    -1.82477
    -1.28196
   -0.421127
  -0.0384356
    0.344127
    0.185249
   -0.195711
   -0.364851
    0.686639
     5.23819
   0.0364061
    -3.20252
    -2.26472
     3.33299
    -1.13911
   -0.555409
    0.339949
    0.360438
    -2.61169
     4.50464
     2.33089
   -0.820176
   -0.297092
  -0.0654477
   -0.629157
   -0.587197
    -0.59209
   -0.197819
     2.46647
    -1.20525
     4.54128
     3.93964
     2.91404
     1.02231
   -0.465215
   -0.215666
    0.673096
    0.597276
    0.408233
   -0.890311
    0.999588
     4.98567
   -0.600505
    -1.23038
    -2.56117
    -2.30661
      4.3981
    0.557399
    0.195916
   -0.856823
   -0.525069
     1.26888
     4.13598
    -2.72453
    -3.10408
     1.59306
    0.490945
    -0.21171
    0.495639
   -0.248893
   -0.823697
   -0.765398
     6.32327
     2.90564
      1.7712
    -1.27962
     3.11047
     2.77003
     2.48445
     2.03489
    -1.12167
   -0.554146
    -0.48195
    -1.43471
     1.19508
    -1.93786
    0.377043
   -0.317912
    0.893166
    -1.50329
    -1.25566
    -1.01286
     6.21364
     2.10797
    0.545331
    -1.22067
     -2.1854
    -1.67164
     1.53093
     1.35591
     2.15427
    -0.28634
   -0.938129
    -0.83051
   -0.433315
   -0.201022
    -1.36167
    0.565579
    0.984086
     3.15237
     1.50067
    -1.62689
    -1.12376
   -0.520717
   -0.514437
    0.880344
   -0.484974
   -0.872845
   -0.681956
   -0.280949
    0.492278
     1.40114
   -0.143006
   -0.314766
     1.81734
     1.25568
    -1.85075
   -0.947986
    0.908754
    -1.01776
    -0.93751
    -1.75236
      1.2048
   -0.443738
   -0.335975
    0.984679
    0.961748
    -1.21732
    -2.18545
    -1.03994
   -0.765468
     4.51318
     4.19396
     2.05978
     0.89136
    -1.75666
     5.24682
     2.48172
   -0.574252
   -0.529949
    -0.45079
     0.30114
    0.386792
     -1.7736
    -1.35005
    -0.37262
     1.64058
      1.3636
     2.04719
   -0.859445
     1.62681
     2.24975
   -0.682687
   -0.434195
    -1.75651
     1.80261
     1.69915
    -1.03946
    -1.06911
      1.2342
   0.0992293
    0.795896
    0.342828
   -0.896167
    -1.57892
     6.44768
     3.13812
   -0.945554
     2.20208
     1.26504
    -1.98513
    -2.30138
   -0.952118
     0.97594
     2.17516
     3.51317
   0.0202136
    0.632769
  -0.0650915
   -0.649873
   -0.454792
       1.316
    -1.82088
   -0.414338
    0.127892
    0.146682
      1.4156
     1.51657
   -0.314056
   -0.663419
     -1.8053
     1.09402
   -0.329054
   -0.202345
   -0.510777
    -1.14077
    -0.51167
  -0.0545741
     2.09936
    0.697237
   -0.372984
     2.66001
     7.05785
     1.83179
   -0.221533
     1.88025
     1.81655
   -0.479375
      3.3262
     1.50655
     1.95181
    0.954088
     6.25208
   -0.381779
  -0.0216963
    0.441046
     2.13258
    0.621028
   -0.189508
   -0.267336
    -1.30478
    -1.77406
    -1.01066
    0.477571
     1.01191
     1.00346
     1.69068
    0.957096
   -0.799146
   -0.143244
   0.0622141
    0.161471
     1.62687
   -0.850484
   -0.935708
     1.26987
     1.95434
     1.73692
     6.12624
     1.71928
   -0.692588
      2.1873
    0.175169
   -0.371083
   -0.475224
     1.87515
   -0.675136
    0.405349
     2.11488
    0.189698
     2.05686
     1.78066
     1.08465
   -0.774851
   -0.424425
    0.158543
     1.02042
     2.10862
  -0.0578785
     0.42801
     5.84964
     1.63851
    0.937684
    -1.13492
   -0.812412
     1.92159
    0.838723
  -0.0737838
    0.563304
     2.00658
     2.28598
    0.738762
   -0.725395
    0.475673
     3.64043
    -1.24793
     1.50753
    0.998649
   0.0478864
     1.78702
      2.4714
      2.3222
     2.13396
   -0.234197
   -0.420974
     5.21648
      2.1471
     3.83396
      2.0482
    0.954241
    0.736435
     1.15974
     2.20922
     1.51353
     3.31469
     3.12103
   0.0864704
    0.368698
    0.655135
     2.33061
     2.13412
   -0.372629
    -1.27473
    -1.03132
     1.07055
     1.26284
     1.51045
    0.233495
    0.937363
     2.67488
     1.84875
    0.538955
   -0.858914
   -0.738324
     7.60997
     2.03585
     2.28365
     1.24549
   -0.705439
     5.63421
    -1.14253
   -0.970114
    -1.04399
     6.70848
   -0.593238
      1.4278
     1.77816
      2.5323
     2.52452
     1.32037
    0.187231
     3.94047
   -0.626123
     1.01126
     1.41182
     3.52278
    0.198389
     1.65871
    0.586756
   0.0446366
     3.26877
     2.19578
   -0.321711
   -0.223573
     1.33474
    -1.25765
     1.55305
     2.54019
     2.50085
     3.72131
    0.153908
  -0.0336287
     2.83983
     3.09174
     3.78556
     1.57693
     2.06449
     1.30658
    0.757854
     2.04107
    -1.30153
    0.515062
      2.5894
     3.67345
     2.08414
     0.98641
    -0.73939
     4.22617
   -0.270134
   -0.531025
    -1.22636
     2.50924
     3.18722
     2.34118
     3.38738
      4.5088
     1.57316
   -0.105913
     1.56061
     2.04609
    0.254708
     3.75775
    0.869993
    -1.18023
     -1.2106
   -0.441589
     1.43369
     3.38059
     2.52876
     1.91563
     1.60336
     2.12465
      2.8434
     2.17022
   -0.550803
    -1.60442
    -1.21896
    -1.18173
     6.91045
     5.28867
     3.60129
     3.09641
    0.372539
     3.85983
   -0.323707
   -0.257829
   -0.302675
     3.04218
     1.79176
     4.68356
     3.70517
     4.27412
     5.33252
   0.0741733
   -0.626251
     1.90198
     1.65169
     1.69671
    0.469632
   -0.141276
     5.03446
     1.19368
      5.1326
     4.59708
    -1.09434
     4.61568
     1.73528
     1.98153
   -0.701875
    0.666207
   -0.788546
    0.480324
     3.16188
     3.78965
     4.33919
     6.28869
     5.00099
    -1.73033
   0.0374545
     1.77188
     1.65994
     2.10031
      -1.431
    -1.32203
     6.21679
   -0.848208
     2.13513
     2.52238
     2.37983
  -0.0987405
   -0.727027
   -0.220678
     2.40754
    -0.01971
   -0.739932
    -1.55063
    -1.10808
     4.05988
      4.8463
      6.2563
     8.02122
     3.36235
   -0.525229
    -1.92142
    -1.46752
     1.59655
   -0.802456
    0.446117
     4.51706
   -0.773482
   -0.227821
     1.21825
     3.12726
     3.42605
     2.98622
     1.97719
     1.22097
     1.99965
     4.12672
    -1.25248
     2.93248
    -0.88687
    -1.60292
   -0.971815
      1.6662
    0.861261
     2.15424
     3.47403
     7.17187
     9.54859
     6.82875
     7.54401
      5.7301
     6.36939
     6.17803
   -0.285209
   0.0494323
    -1.33376
     5.06071
      9.9552
     6.54463
     6.24048
     5.69565
     7.65386
   -0.952189
     2.77771
     -1.0853
     3.25303
    0.652506
     4.21423
    -1.25432
     -0.9837
     1.57647
    -1.32165
    -1.57158
     1.91348
     5.51376
     7.08086
     5.02098
    -1.34286
    -1.71982
    -1.44397
     1.47163
     5.03339
     6.50314
      5.3008
    -1.80946
     1.26402
     2.30559
     3.16146
     1.63947
    -1.82459
     3.80255
     4.77155
   -0.394508
    -2.10718
    -3.20909
     6.19011
     5.72074
     9.23172
    -3.82557
   -0.157631
    -2.59474
    0.770953
    -2.89166
    -2.20331
    -1.50592
    -1.03752
     4.10131
     2.09102
     1.93158
   -0.737334
     8.30317
       7.581
    0.241408
   -0.352896
   -0.485193
     2.21687
    -1.31359
     2.31628
   -0.793768
     4.02832
     -1.1818
    -1.86365
    -1.05651
    0.112493
     1.69265
     2.35949
     3.58704
      5.9049
     3.98682
    -4.17159
     5.96582
     -3.6754
     3.38917
    0.845644
    0.665371
    -1.69929
     -1.9122
     8.58369
     2.54045
     3.02651
     3.56089
    -5.95119
    -3.12958
      4.0977
    0.548093
    -1.93782
     4.29737
     6.12712
     6.14949
     1.55636
     1.33084
   -0.369728
    -1.67506
    -1.28342
   -0.605995
    0.843745
     2.62592
   0.0270488
    -1.08316
     1.61011
     4.58157
    -3.23972
     1.38818
      2.9932
     7.02388
     2.25039
    0.728534
     2.10145
    -2.76769
    -7.95335
     -2.3147
    -4.27441
     1.56913
     1.53189
    -4.19914
     3.69438
     6.14513
     1.11754
    -1.84324
     1.72197
     1.48896
     4.47725
     2.14619
     1.58681
     2.36377
    -5.07579
    -3.61035
     1.69742
    -3.71063
    0.532271
    -2.24434
    -2.03998
      -1.942
   -0.636618
    0.214473
   -0.190494
     2.19291
     6.85213
     8.38627
    -3.23097
    -4.45112
     -1.0966
    0.821256
     1.88817
     1.12865
    -9.30002
      9.5299
     9.71976
     6.47773
    0.537737
    -4.28361
    -5.70383
    -1.24188
    -3.11364
    -3.42588
    -2.87303
     3.72647
    0.248512
    -2.18664
    0.309187
     4.74638
     9.67573
    -1.55349
    -4.55066
     6.26578
     9.36334
     12.4127
    -4.64959
     1.06637
    -6.11209
    -4.40683
    -4.18396
     1.05494
    0.273128
  -0.0940011
   -0.155768
     1.76069
     1.35521
    -2.05854
     2.31059
    -5.12083
     2.24499
    -0.72451
     -4.6445
    -1.02575
    -1.62285
    -1.55098
     2.27914
     9.76673
   -0.639714
     -5.7216
    -8.50999
     6.01467
    -2.39189
    -4.87656
    0.768421
     3.23397
    -4.73432
     3.44469
     1.25737
     10.2276
    -1.46542
    -1.21186
     1.02737
    -1.50043
    -11.3978
     3.03517
    -2.20426
    -3.05731
     -1.7019
     7.92092
    -4.85763
    -3.72805
    -1.85733
    0.552207
   -0.762387
     6.16588
     -1.4684
    0.798013
    0.627418
     11.7142
     7.32639
    -6.64494
      8.9063
    -4.08878
     1.10855
     1.60084
    0.316717
    -6.58089
    -9.46718
     12.2497
     5.86625
     5.74039
     1.24066
       -2.09
     -3.0027
    0.207449
     12.5272
     5.58511
    0.803086
     0.99875
    -10.4838
    -5.66741
    -6.20199
     4.14918
    0.710108
    -4.75777
   -0.362657
   -0.655152
    -3.72766
    -12.1451
    -9.18125
    -2.93294
    0.409763
    0.488981
    -1.50151
    -1.90173
     12.2249
     11.0802
     9.24025
    -1.04634
    -1.15728
    0.352521
 -0.00999982
     9.81876
     8.12728
    -2.08563
    -4.69304
    0.754981
     7.42502
    -4.47875
    -3.30489
     -2.6521
   -0.706939
   -0.919918
     12.0354
     9.27134
    -1.01463
   -0.336901
    0.791506
    -1.18646
      7.5642
     1.46313
     3.04642
     1.43765
    0.190722
     1.14938
     3.20939
     3.87327
     11.5006
    -2.33137
    -4.11377
    -5.45096
     -5.7614
     10.1676
    -4.18706
     9.67964
     10.8486
     9.23723
    -1.27727
    0.834213
    -1.45457
    -4.59653
    -7.76461
    -2.85415
     3.24691
     1.26632
    -4.76053
     -1.8554
    0.765061
    0.430912
    -1.02957
   -0.383165
   -0.968867
   -0.611872
        -0.6
    -4.75098
    -10.5832
     3.02434
     4.77376
    -4.81282
    -1.30404
    -1.08358
    0.212642
     6.16385
     4.12439
   -0.280704
    0.265969
    -6.98611
    0.941891
    -1.05163
     8.11428
    -4.08985
     1.18751
    0.995787
   -0.825304
   -0.659094
    0.519116
   -0.544916
    -5.34439
    -3.47314
   -0.141609
     6.39459
     7.27327
     3.96512
    -1.15013
    -8.68504
      8.3977
    -4.65528
     16.4879
    -4.24065
     2.58917
   -0.104148
   -0.678167
    0.871824
      3.1246
     -2.9622
     1.76585
    -1.22117
    -4.29523
    -2.13137
   -0.855043
   -0.980646
      4.8986
     1.38918
   -0.894032
     -8.5035
     10.9607
     3.57814
     1.14086
     1.31442
   -0.739432
     4.96821
    -2.70934
   -0.379336
    -3.94785
    -3.99868
    -4.20032
    -3.98941
     1.64479
     3.58462
    -4.84414
    -4.56777
     5.91232
    -3.90214
     2.06422
    0.716623
  0.00290275
    -1.36292
     1.19019
    0.264888
    -4.80675
    -7.39325
     1.79195
    -2.67191
    -3.09524
   -0.593331
     -3.6918
    -1.61243
    -4.70771
     2.76659
    -3.81167
    -2.04639
     1.03527
     3.57855
    0.320044
     6.16147
     12.1705
    -2.77506
    -3.90156
     1.39524
   -0.737953
    -1.07429
    -1.40459
   -0.377537
    -1.41433
    -7.36486
     -7.1943
     6.59298
     10.2734
     9.16605
    -3.87692
   -0.148993
     -1.0078
     5.60904
     5.36268
     1.85371
   -0.540719
   -0.447058
    0.192508
     2.07016
     1.98839
   0.0379869
    0.454955
   -0.430094
    -3.85896
      1.4061
    0.509061
    -1.46681
      4.5155
    -0.85089
   -0.167326
    -5.82249
    -3.96922
    -2.08826
    -1.91595
      1.4074
    0.299531
    -3.28935
    -4.67457
    -4.03236
    -2.93088
    -3.92753
      2.4259
    0.744812
   -0.474431
     3.26896
   -0.835757
    -6.05143
     4.80048
      2.7127
    -2.03969
    -3.82227
    0.575063
   -0.832532
    -6.68845
    -4.78752
    -3.86404
    -3.77724
   -0.667345
    0.474975
    0.300504
    -1.25845
     5.26591
    -2.16654
        8.02
    0.773442
    -1.93136
    0.798619
     17.3558
     5.68671
     1.58055
    -3.02332
    -1.34156
    -1.40124
     9.36935
      2.7249
     1.03711
    0.685305
     3.57317
     3.87198
   -0.208417
    0.649137
    0.303442
    -4.28149
    -2.97337
   -0.123488
    -2.18191
    0.763766
    -1.26351
    -1.48035
   -0.439311
      4.7759
    0.760479
    -4.74842
    -3.96213
     6.22411
    0.988362
     7.36965
     11.6079
    -3.56044
    -3.70222
     -3.5003
    -3.21204
     1.26609
     4.67812
   -0.869327
    0.351509
   -0.406674
    -2.29255
    -3.92286
    -1.66074
    -4.60901
   -0.666228
     -2.4869
    -1.33984
    -0.77054
     3.50847
    -3.48383
     3.13206
     7.92414
     9.63104
     3.37751
    -4.27661
     -3.2656
     16.1068
    -3.65619
    0.381945
    0.104213
    -4.44701
    -4.31236
  -0.0354182
    -4.25988
    -3.57507
   -0.789008
   0.0904386
    -1.11492
    0.759374
    -4.30493
      2.6679
    -1.45934
     2.50731
     3.21474
    0.652398
    0.271306
    0.349646
  -0.0928467
      -1.332
     1.22937
   -0.283737
    -4.02183
    -3.52052
    -3.39498
   -0.974244
    -1.29964
    0.877779
    0.440943
     -1.3446
     7.28605
    0.916524
    -3.99542
    -4.96298
    -3.79739
     5.55407
    -2.92033
     1.53218
    -1.14875
     4.57387
     2.51145
   -0.959788
    0.406598
      1.2842
     1.28982
    -1.90345
   -0.935628
    0.509391
    0.375792
     4.22482
    -3.04546
    -2.48335
     -3.4657
      -3.489
    -3.38577
    -2.88745
    -1.01778
   -0.957012
    0.622819
     0.32141
   -0.613101
   -0.384595
    -2.42689
     -3.9389
     9.73832
      11.033
     2.78699
    -1.89663
    -1.22865
   -0.620204
    0.453953
   -0.512386
    -1.30314
     3.20086
     1.68045
    -1.47521
     -1.0397
    0.351042
    -3.35303
      4.3107
     5.51768
     3.17678
     -3.8683
     3.15551
    -0.98149
    -1.13543
    -1.57651
     0.83682
    -1.95151
      10.083
    -1.92118
     13.0749
     7.19262
    -3.47229
     1.10036
    0.408593
     5.59263
    -1.11165
     1.04841
    -2.24472
    -3.42857
     -1.5275
   -0.640437
    -2.69156
    -3.30478
    -1.36058
     4.39384
    0.242233
     1.75188
    -2.36861
    0.489496
     9.76321
    -3.47469
    0.267993
    -1.22215
      6.2308
      5.5719
     3.14354
    -0.47202
    -2.11891
    -3.71627
     3.21564
    -1.88409
    0.816925
     0.73931
    0.442505
    -1.18932
    -1.26578
     6.56477
     1.83708
     7.27283
     3.73758
    -3.92636
     1.66378
    -4.17741
    0.529039
    0.303094
   -0.366183
   -0.718469
     4.15137
    -1.47848
  -0.0305064
     1.19256
     1.36314
    -1.49605
    -1.40702
     9.21743
     1.08209
    -2.91189
    -2.59681
   -0.969395
    -3.26589
     1.24193
    -1.33393
     7.50776
     6.98196
     -1.7722
     4.78733
    -2.16442
  -0.0336823
     -2.9639
    0.783446
    -1.11516
   -0.688404
     2.60467
   -0.451262
   -0.632019
     2.04253
   -0.814948
     9.08026
   -0.765116
    -2.92031
   -0.369974
     1.01217
    -3.00385
     1.95584
     5.00942
     8.22781
     5.77462
     1.39113
    -1.66442
     1.69074
  -0.0823636
     4.32286
   -0.954587
     1.05021
    -1.51049
    -1.57756
    -2.32411
     8.85806
    -2.10648
     -2.7647
     1.22585
    -1.20629
     1.52547
     6.07407
    0.606109
    -0.33952
    0.302054
     1.70121
     3.48995
    -3.16546
     5.73807
     6.03492
    -3.16839
    -2.60756
     3.23372
    0.936846
    0.119539
   -0.695447
    -1.30395
    -1.34949
     4.22832
     2.22733
   -0.571466
-0.000516778
     2.39542
   -0.260797
    -1.44846
    0.667143
     -2.7501
     7.82201
     7.65516
     2.35414
   -0.916414
    -1.77624
    -1.23429
     6.87655
      6.1562
    -2.59199
    0.872612
    0.902394
    0.471052
   -0.646002
    0.195653
     1.01375
     2.64033
     6.28222
     1.10049
    -1.47648
    -1.35927
     5.67037
   -0.167394
   -0.448903
    -1.31939
     8.68924
     9.09208
      8.0966
     4.19491
    0.359716
  -0.0115676
    0.191096
     1.24581
     7.29713
     2.67869
     1.02028
    -1.07565
     0.12129
     5.42128
    -2.52775
    -2.35806
    0.931659
     1.08416
    0.100015
    0.719021
      2.4997
    -1.95643
    0.350123
     2.34874
    -2.13549
    -1.89422
    -2.65492
    0.946379
    -1.48756
   -0.426434
     9.11623
     7.80523
     3.10342
    -1.79836
     6.15818
     5.66053
     2.48954
     2.84021
     -1.3644
    -1.60807
     -1.4389
     6.46192
     0.59654
    -1.15074
    -1.37837
    0.221482
    -1.77429
     1.12737
    -2.25386
     1.65389
     1.02129
     2.27816
     2.37064
   -0.503769
    -1.32204
     2.11265
     4.98582
     7.76182
      1.3018
    -1.18031
     4.95748
     4.12133
    -1.85265
    -2.37369
    -2.22617
    0.994158
    0.447184
      -1.591
    -1.17549
    0.664442
     9.45233
     5.88985
     2.54589
    0.337549
     1.07162
    -1.18587
     7.06555
   -0.667716
    -1.13999
    -1.01193
     3.26734
    -1.94043
    0.182988
    -1.79316
     4.22499
     8.54429
     8.10437
     8.03133
    0.739524
     3.56164
     2.25153
     4.36384
     2.04614
   -0.300081
    -1.60827
     7.55464
     1.07551
     2.50382
     1.47471
     1.40807
       1.172
    0.981946
    0.625439
    -1.17256
    -1.97628
     6.31659
    -1.35806
     6.91683
     3.82602
      3.9179
     1.89656
    -2.16949
      2.5688
    0.601604
     3.65304
     2.66323
     1.69505
     1.61651
     4.37876
     1.02873
     5.18863
   -0.432408
     1.56581
    0.156216
     2.47275
    0.549644
     -1.0184
    0.220441
    -1.47928
    -1.07326
     2.22686
     9.15917
     7.63929
     4.53131
     4.27919
     1.31138
     3.01231
    0.485622
    0.194049
    0.959838
     -1.3678
    -1.65875
    0.646922
    -1.82406
     12.1033
     3.12581
     2.39935
    0.865581
    0.433049
        -1.1
    -1.73302
    0.605485
     0.40694
      9.4179
     4.81882
     2.62366
      5.4829
     3.59495
     5.29631
     3.13404
     2.42656
    0.550027
     10.2975
     9.58108
      7.1438
     2.90053
     2.03829
     4.15896
     5.35895
     4.43038
   -0.187671
  -0.0581418
   -0.240811
     4.17577
     2.21794
     1.06669
   -0.258103
    0.920808
    -1.87372
     2.43066
     6.00354
     6.13885
     5.88164
     5.40633
    0.476343
    0.334988
    0.287406
    -1.52483
     1.89581
    0.593305
    -1.73938
     8.24201
     3.57631
     3.76192
     6.18542
     6.55166
      1.6915
     2.29546
     1.75008
   -0.981984
     1.36153
    0.569311
   -0.114623
    -2.09516
    -1.42865
     6.96057
     4.66183
     2.96573
     6.18651
     5.28246
     2.51451
     1.71899
     1.68044
    0.732403
    -1.27205
      -1.175
    0.677811
   -0.800697
     6.51875
     7.72908
     8.93216
      3.6437
     6.85936
     3.42972
     2.74137
       1.724
     1.70243
    0.635586
     3.22725
     5.30312
    0.930315
     0.33665
    0.306252
    0.277554
     2.47251
     1.82701
     2.37666
    -1.02808
   -0.768916
    0.408095
    -1.72904
    0.515939
    0.973897
     4.84424
     3.78557
     3.14047
     2.20993
   -0.307039
    0.909591
    -1.78402
  -0.0754984
     1.94295
      9.6905
       9.733
     7.91499
     3.57094
     5.55315
    0.121272
      1.2764
   -0.500423
   -0.479924
   -0.960668
     0.66503
    -1.46315
      8.9064
     5.60499
     7.79328
     3.72593
     5.01025
     1.44469
    0.348588
    0.450776
    0.867199
    0.705658
   0.0714005
   -0.611019
    0.504647
     3.77252
     7.14967
     5.57302
     3.70079
     3.36861
      1.9837
     1.51453
    0.718222
    0.053395
   -0.659915
     -1.1436
    -0.82251
     4.18313
     1.94433
     1.25135
    -1.00029
     -1.5998
    -1.46166
   0.0577066
       1.236
     6.13032
     9.19605
     3.70753
     5.37268
     6.50497
     4.16348
     3.30863
    0.353959
     5.19315
    0.313149
    0.857903
   -0.353049
     6.74276
     8.61651
     9.13907
     3.20757
     5.49387
     3.37507
     3.13564
     3.28552
     3.71167
      2.1754
     1.23154
    0.370226
     3.27668
     2.40558
  -0.0670514
      1.4644
    0.615808
    0.685685
    0.400774
   0.0560538
    0.310274
    0.948266
    0.954777
    0.762314
     -1.3109
     5.91909
      3.7349
    0.136832
     4.28998
   -0.102209
   -0.464657
   -0.258302
   -0.248033
     6.19194
     1.98902
    0.546729
     4.43306
     3.41594
     1.35568
    0.750782
    0.260009
    -1.19644
    0.119623
     8.79126
     2.99652
     2.98356
     3.73158
     2.36388
    0.630658
     1.04383
   -0.453762
     3.88092
     2.94598
    0.842163
     1.35664
     1.56426
   -0.742841
   -0.846803
   -0.771146
      7.6074
     5.49354
      4.3047
      1.5777
     2.08412
    0.267243
    0.317736
     1.03606
       0.129
     1.00304
    0.717975
   -0.590634
    0.677187
     2.77006
     5.08955
     2.20477
     2.33431
     2.52406
     2.20573
    0.987809
     3.26121
     6.70976
     3.61943
     1.45782
   -0.164061
    0.602332
     1.57298
   -0.201792
     3.88955
     2.10911
      2.7743
     2.16424
     1.92696
    0.705744
     3.10467
     1.46995
     1.41895
    0.440898
   -0.063417
   -0.758252
   -0.361934
     4.30923
    0.992189
     2.11526
     2.37928
     1.14833
    0.780603
   -0.406773
     8.81391
     3.28858
      1.2317
     1.67359
     1.45883
   -0.195651
    0.317263
     1.46627
    0.990623
     0.24064
    0.813571
   -0.497215
     2.83305
     1.85715
     1.61948
    0.744805
  -0.0969462
     5.08071
   -0.418358
     3.26291
     2.16905
  -0.0114742
   -0.479928
   0.0947508
     1.11787
   -0.412952
   -0.230663
   -0.218411
     9.09045
      1.6875
   -0.681394
    0.558566
   -0.436273
    0.893151
     1.28663
     1.79066
    0.430534
     1.31437
    0.551944
    0.782731
     2.09557
     2.27659
  -0.0235053
     1.38536
     1.97945
     1.69595
     1.54281
     0.88127
     1.09883
    0.619737
   -0.370979
   -0.853212
     6.66063
     3.03371
     2.58715
   -0.428243
  -0.0800545
   -0.841759
     2.11285
     1.46795
     1.00167
    0.908792
   -0.215228
     2.98711
   -0.865765
   -0.435699
    0.486453
   -0.390436
       1.501
     4.05294
     1.65636
     1.76813
   -0.872401
     1.02028
     1.65042
     1.27667
    0.552715
    0.404933
   -0.250736
   -0.619411
     2.38395
    0.269795
    0.140941
    -1.19166
     1.33162
    0.443994
   -0.614752
     8.33811
    -0.72069
    0.425948
    0.805661
   -0.437171
    0.916636
   -0.777709
     1.34951
    -1.17682
    0.503675
    0.119525
     5.47666
     4.53561
     1.44698
    0.862451
    0.576509
    0.854541
   -0.485074
     1.46345
    0.249135
    0.142325
     1.59766
   -0.366085
    -1.42241
   -0.770175
     2.50925
   -0.214113
   -0.573869
    -1.04864
    -1.42799
  -0.0235049
    0.779852
     1.37575
   -0.211855
    0.197624
    -1.00457
    -1.34134
     2.71985
     2.20692
     1.59114
    0.157022
   -0.710662
   -0.689892
     -1.2074
   -0.609243
    0.420293
    0.219143
     2.57713
   -0.134093
     0.25058
    -1.03704
    0.335238
     2.72435
    0.941121
      2.2369
    0.585107
    -1.41202
    0.612077
    0.492311
   -0.205632
   -0.213288
      6.1475
   -0.728803
     1.03068
     1.20299
    0.663307
   -0.755131
    0.120486
    0.528066
     0.37836
   -0.907715
    -1.18538
     6.76607
    -1.40122
     1.34719
     1.79912
    0.212448
    -1.67232
    0.870679
  -0.0818604
    -1.07222
    0.124323
   -0.162362
    -0.95196
   0.0224708
     1.36086
     1.20247
     0.15657
     1.13936
    0.128181
  -0.0395291
    0.146275
    0.767372
   -0.681202
     2.44783
   -0.721723
    0.519589
    -1.07252
   -0.139606
    -0.09795
    0.429941
    0.484286
    -1.02691
     5.09461
    -1.18243
   -0.568459
     0.59925
   -0.357976
    -1.91011
    -1.15522
    -0.72965
    0.160325
    0.759397
      1.5393
    -1.62753
     1.97843
   -0.474002
   -0.885523
   -0.383408
    0.148018
     1.34572
    0.411199
    0.625165
    -1.41593
    0.106947
   -0.496146
   -0.978489
   0.0383989
   -0.611162
   -0.302141
    0.807366
     2.73747
      2.5112
     1.20825
  -0.0564555
    -1.28284
     1.08151
    0.504091
   -0.416274
   -0.695848
   -0.487047
     0.62268
     1.19514
    0.545827
    -1.43318
   -0.474321
   -0.227768
   -0.961133
   -0.648592
    0.730656
    0.672937
   -0.467004
    -1.65334
    -1.24291
      1.0259
   -0.570134
  -0.0687876
    -1.10794
      1.0577
    0.804495
    0.330515
    0.578866
    -1.21978
     1.68396
     2.59397
   -0.681355
   -0.944521
   -0.860445
    0.851265
     1.11086
    0.408891
    -1.77825
    -1.83126
    0.659712
     1.77829
     0.38915
   -0.611502
  -0.0272469
    0.846853
     0.47848
    0.610527
    0.928794
     2.10105
   -0.554567
   -0.412091
   -0.470411
    -0.39381
   -0.307425
   -0.316061
    -1.12955
    0.638013
    0.572182
     4.33408
     2.12697
   -0.541631
   -0.251214
   -0.809034
    -1.10965
    -1.21866
    0.136562
     1.07124
     1.09437
     -1.8104
   -0.041695
   -0.489274
   -0.357287
  -0.0404428
   -0.409627
    0.942564
    -1.93124
     4.94772
    0.894842
    -0.55013
    -1.01681
     -1.1227
    0.108394
    0.558911
   -0.765808
    -1.45259
     2.62639
   -0.315691
   -0.989601
    0.635387
    -1.70767
     5.33617
   -0.418156
   -0.359514
    0.300099
    0.284102
    -1.40586
     3.18061
     1.79415
   -0.367921
   -0.493289
   -0.152462
   -0.399327
    -1.05889
   -0.392584
     1.01251
    0.292618
      2.3297
    -0.35458
    -1.08213
    0.841193
    0.716387
     0.56414
      1.1449
   -0.230539
    -1.70162
     1.99638
     1.81542
      2.5217
   -0.877242
   -0.348693
    0.860391
    0.275658
    -1.95419
     1.11227
   -0.626021
   -0.336215
   -0.235172
   -0.388937
   -0.886589
   -0.213519
     3.29384
     2.72422
     1.66321
     2.17386
   -0.860471
   -0.264101
   -0.017996
    0.762912
     1.58423
   -0.185159
    -1.97226
   -0.309888
   -0.281775
   -0.811732
    0.304132
    -2.08283
   -0.721469
   -0.263542
   -0.314102
    -0.29464
   -0.634179
   -0.634583
    0.458038
     3.44584
     5.01271
    -0.43999
   -0.217256
   -0.139702
   -0.447925
   -0.372078
    0.381132
      1.2526
    0.392018
     4.95958
     2.74727
   -0.168634
   -0.266767
   -0.882041
    -0.75303
    0.346787
     1.76142
     1.88453
     1.18788
    -1.92699
    -1.65546
    -1.11494
  -0.0704488
   -0.269346
    -0.26318
   -0.237544
     1.24709
    0.943175
     2.38574
     1.05946
    -0.86743
   -0.235208
   -0.514982
    0.517037
     1.88164
   -0.481518
    -1.59262
    -2.19582
     3.60788
     2.20981
    -1.21388
  -0.0655235
   -0.569914
   -0.767669
   -0.111676
     1.17407
    -2.34783
     4.76854
     3.51215
      2.1114
   0.0633268
   -0.288217
    -0.24802
   -0.655844
   -0.523568
     1.29104
    0.491162
     4.51452
     2.57912
    0.156861
   -0.171567
    0.590095
     1.65432
   -0.291673
   -0.235787
   -0.293276
    0.781243
    0.334418
    0.317829
    -2.08764
     3.14082
     2.90325
    0.172582
   -0.157659
    -0.25275
   -0.201254
   -0.578454
   -0.249185
   -0.182839
    -1.77917
     2.62066
     2.03015
     1.12241
    -1.55651
  -0.0664738
     0.07068
 -0.00517277
   -0.183216
   -0.473129
     1.19029
    0.552163
     1.28925
    -2.36213
    0.700216
     3.48977
   -0.838441
   -0.169309
   -0.128033
   -0.494212
   -0.563998
     1.84424
     1.99714
     4.80723
      4.4494
   -0.748805
    0.170434
     0.26888
    0.182279
   -0.165358
   -0.166001
     1.45025
     2.03031
    -1.28306
    -1.53128
   -0.116858
  -0.0100463
   -0.163294
     1.08353
     1.28624
    -2.08213
    -2.01915
    -1.01158
     3.61814
     2.85458
   0.0370266
    -0.41088
    -1.51696
    -1.93806
    -1.83561
    -0.33384
   -0.482303
   -0.367486
    0.231337
     1.46937
     3.71328
    -1.58578
   -0.984506
   0.0439009
    -0.05539
  -0.0563992
  -0.0943885
   -0.452506
    0.193471
   -0.661474
 -0.00401649
    0.237659
     1.46795
     2.02988
     4.84227
     2.27666
    -1.05185
    -1.34252
     0.22764
    0.240621
    0.137494
   0.0183006
   -0.425707
    0.122118
    0.741137
     1.68739
     1.96549
    0.485984
    -1.62918
     1.65621
     4.22013
     4.03296
   -0.238003
   -0.515785
    -1.03519
    -1.78129
   -0.874796
    -1.37794
    -1.48116
    -1.47224
    -1.44509
   -0.467999
   0.0100795
   -0.197206
      1.4878
     4.26988
     3.26853
   -0.730133
   0.0562307
   -0.415463
     1.62622
     2.09365
    -1.91415
    -1.91219
    -1.58593
     -1.0575
   -0.893868
  -0.0216257
    0.135111
   -0.349593
   -0.526749
   -0.276408
    0.174537
     2.01906
     2.08114
    -1.57212
     1.13677
    0.112455
     1.62525
    0.826866
    0.276769
     -1.2571
    -1.08632
     2.53091
      3.5947
     1.54737
   0.0869809
   -0.199115
    0.536478
     3.52959
     4.20195
  -0.0727155
    -1.05524
    -1.31628
    -1.43541
    -1.20335
   -0.497476
   -0.454414
   -0.123326
   0.0409146
   -0.345985
    -0.22757
     2.21221
    -1.54522
     2.36561
    0.288985
    -1.61432
    -1.42276
   -0.130518
  0.00375697
   0.0805945
 -0.00498976
   -0.530055
     3.57774
 -0.00399982
    0.169411
   0.0195439
   -0.175048
      1.0417
    -1.64772
    -1.46403
   -0.231556
    0.583927
     2.25178
    -1.58625
  -0.0721009
  -0.0022536
    0.348687
    -1.15067
     1.94928
   -0.726801
    -1.13278
   -0.808071
    0.135545
    0.683607
     2.21525
     1.43743
   -0.731162
     2.79713
   -0.722432
    -1.32443
    -1.45653
   -0.646886
   -0.405513
   -0.331499
  -0.0426326
   -0.211263
     2.73157
    -1.00096
    -1.37692
     -1.1688
    -0.17896
   -0.132206
   0.0211743
    -1.34361
   -0.326308
   -0.909518
   0.0629713
    0.118124
    0.114646
    0.974626
     3.02626
    -1.33645
   -0.726738
   -0.405968
   -0.307444
    0.113645
     1.06843
     1.06219
   -0.650317
    -1.08726
     2.78469
     1.62696
    0.482248
    0.136916
    0.216966
  -0.0828786
     2.92593
   -0.432663
  -0.0917136
    0.260099
     0.57807
    -0.32381
    -1.19212
   -0.630924
   -0.383717
    0.265485
    0.434192
   -0.818776
     1.59791
     1.79644
   -0.938554
      -0.189
    0.182017
     1.78023
    0.750374
     1.83683
     2.31156
    0.802932
   -0.790179
   -0.384637
    0.456257
    0.334827
     2.64923
   -0.501373
     1.93003
  -0.0280623
    -1.37373
    -1.07101
    0.119546
    0.489528
     2.10642
    0.144388
    -1.27892
   -0.743571
   -0.614567
   -0.359378
   -0.333629
    0.759741
    0.774789
     1.38824
     1.22525
   -0.876643
    -1.10516
   -0.209502
    0.381532
    0.809208
     1.66424
     1.57605
    -1.29548
   -0.163018
    0.132145
    0.085743
    0.189198
     1.23935
     1.94016
    0.357622
   -0.303269
    -1.26249
   -0.353071
   0.0778454
     -0.6536
    0.391783
     1.22478
    -1.13216
    -1.24359
   -0.983279
   -0.511001
     1.54837
      1.2326
     0.60099
   -0.940031
    0.730234
     1.00987
     1.41537
  -0.0235822
    -1.11904
   -0.967699
   -0.587601
   -0.407087
     1.11381
   -0.766742
   -0.390917
    0.735682
     1.19781
   -0.682242
   -0.896081
   -0.139062
     1.40196
    0.734285
    0.201326
   -0.432601
   -0.943742
    0.681132
   -0.454768
    0.403384
    -0.31687
     1.33728
     0.48798
    0.320404
    0.153259
    0.296519
    0.243281
     1.93855
     1.46104
     1.25922
   0.0625573
    0.956516
     2.00007
    0.567332
   0.0533385
     1.82722
     1.40663
     1.83081
    0.804149
     1.18749
    0.561767
    -1.79753
    -1.63208
   -0.809807
    -1.40363
     1.74415
    -1.10979
    0.479519
    0.438873
     4.85293
    0.126026
     1.29415
     3.69249
  0.00672466
   0.0643191
  -0.0332614
    -1.50597
    0.171683
     0.09532
    -1.80348
     -1.5855
     3.00383
  -0.0156549
   0.0481263
     2.51826
   -0.204063
   -0.632299
  -0.0083049
    0.184959
     0.71867
    0.270779
     2.88957
    -1.35146
   -0.201945
  -0.0213751
    0.104915
    0.231594
   0.0472088
    0.480922
     -1.2549
     1.80865
   -0.105348
   0.0210135
    0.310354
    0.386378
     4.41265
   0.0969116
    0.232145
     0.49536
    -2.16586
    0.161393
    0.069485
    0.115113
     0.16024
  -0.0217332
  -0.0185889
     -1.3331
     1.17927
    0.115826
   -0.280739
   -0.572711
     2.69521
   -0.233847
   -0.637579
    -3.20253
     3.96161
     2.50817
  -0.0585537
     -1.1595
   -0.060066
     1.74648
    -1.00634
   -0.884576
    -1.05233
    0.645112
    -1.14953
     -0.1818
    0.837032
      5.8475
     2.25975
     1.45051
     2.44272
   -0.931269
     2.31314
     4.38311
     2.56145
     2.48132
   -0.572866
     2.39393
    0.139951
   0.0388393
   -0.259132
     2.33253
   -0.997597
    0.482042
    0.317555
     2.05497
     2.90987
     2.45894
     1.16063
     4.58856
     5.53948
   0.0563138
     2.94374
     1.49995
     1.39732
     1.31162
     2.84769
     1.22356
     2.38538
    0.837571
     6.14352
     5.67112
    0.275624
    0.401202
     1.20447
     5.79371
     4.26471
     3.00543
    -1.38702
    0.514728
    -1.31644
    -0.29465
     5.87787
     3.71121
   -0.199803
     9.33209
     5.20596
      7.0054
     2.80233
    -2.04316
     4.92102
     4.68672
    -1.19382
    -2.59637
    -4.15725
     3.29848
    -3.17168
     1.60985
     2.07611
     1.40418
    -2.18246
   -0.676024
   -0.754382
   -0.227079
     2.44342
     11.0784
     7.56572
    -5.53038
     6.65402
    0.150582
    -7.65386
    0.824569
    -6.37446
   -0.100754
     6.57575
     3.77174
      5.1334
     4.58317
     4.30295
     5.28443
   -0.234402
   -0.270619
     1.47173
    -2.23342
     9.16691
     2.71286
    -1.78169
    0.699618
     4.22532
    0.429167
   -0.137742
     -1.4606
     1.99148
     8.05285
     9.15523
   -0.784355
    -11.0111
    -3.90767
     6.21339
     9.06862
     1.50335
    0.692671
    -1.28839
     6.95599
     11.6505
     4.64403
   -0.636529
    0.785554
    0.812296
     -6.3792
      11.734
     7.23013
     2.54193
     8.21295
     10.2466
    -3.45297
     13.9426
     4.73248
     8.47351
     6.84638
    -3.97845
     5.78738
    -4.50167
     5.59153
    -2.28074
    -9.48998
     3.16347
   -0.183637
    -2.78246
    -1.87815
     2.36798
   -0.624518
     7.43658
    0.611627
     1.06212
      4.4701
    -2.80514
    -1.50467
    -3.41284
   -0.822939
     1.40151
    -1.84575
     8.88021
    0.256213
    0.339009
    0.341141
    -1.23682
     6.72061
     10.2862
    -1.40732
    -0.19465
     2.91178
    -1.98331
    -2.35984
     5.01486
     1.08505
    -2.00506
    -1.02637
    0.410359
     1.32073
     1.04672
    -2.77049
     0.19769
    -1.14502
    -2.29811
     6.00553
     -2.5957
    0.644685
     1.06616
     2.51142
    -1.91722
    0.852544
   -0.128334
   -0.635108
    -1.75952
    -1.95429
     8.33077
    -2.14969
     8.91735
     9.55302
     4.11522
   -0.840638
     -1.6124
   -0.256921
     2.25914
     8.20682
     1.62098
  -0.0358196
    -1.65862
    -1.93893
     3.92318
      1.6768
     1.34415
      2.1228
    0.686807
     2.68888
     1.77204
    0.899155
   -0.568008
     1.14969
    0.540602
    0.173202
    0.831917
    -1.04705
    0.972897
    0.732376
   -0.238348
     1.49079
     1.26129
    0.986923
      1.0433
   -0.643721
    0.815148
   -0.717026
    -1.05804
   -0.862613
    0.455001
    -1.78513
    -1.06831
    -1.14191
    0.657694
   -0.741127
   -0.342764
     1.23159
    0.739306
    0.704929
    0.582029
   -0.988435
   -0.330296
     1.09675
    0.846138
    -1.97968
   -0.980899
     0.22674
     0.63279
    0.127238
   -0.456332
   -0.576775
    -0.17931
    -2.06792
   -0.237262
   -0.439307
   -0.346729
     4.80674
     0.19974
    0.205134
   0.0596449
    -1.89465
  -0.0494879
   0.0726882
     1.14035
   -0.200474
     1.91222
     -1.1382
  -0.0500071
  -0.0529104
   -0.507635
   -0.188567
     -1.3245
     1.56782
    0.341732
     2.71572
    -1.34915
    0.493777
    0.461296
   -0.397907
    0.694377
   -0.290657
    0.485124
     1.23255
   -0.577655
   -0.393229
   0.0914731
    0.794128
   -0.569504
    0.869787
    0.959394
     1.38781
    0.386598
   -0.561384
   -0.287584
     0.61961
     2.40065
      1.9602
    0.457846
    0.800378
     2.32505
     1.64785
   -0.750079
     4.67634
    -1.65272
     4.65138
    -1.29825
     5.19197
     4.19747
     2.19523
   -0.600925
    -1.54825
    -0.18372
    -1.20183
    0.540787
    0.571049
    -2.23904
     2.17277
    0.651043
     2.51507
     1.21806
   -0.365119
     2.81536
    -1.30193
      3.7924
     2.28942
    -1.30967
     2.21872
     4.21136
   -0.799321
    -1.20338
     3.75295
    0.814805
   -0.864426
     5.08161
     2.76798
    0.969712
     3.78244
     2.15249
    0.466887
   -0.294308
    -0.97549
    0.998005
    -1.41095
    -2.14795
    -1.82839
     5.11548
     3.97942
    -4.56164
    -2.21279
     2.27995
     1.44333
      1.0749
    0.512746
   -0.570035
     2.02745
    -2.17206
   -0.515319
     1.85596
    -2.20799
     6.78881
   0.0951672
     10.0213
    -4.85474
    -1.34002
     8.88638
   -0.563551
     5.69326
    0.232455
    -4.77186
     9.06738
     6.61779
    0.589101
    -2.66295
    0.793829
    -1.14698
   -0.785603
    0.959754
     6.45411
    -0.62193
     15.5024
     10.2822
   -0.802053
    -2.19282
    -5.32065
    -3.57889
   -0.193013
     8.79807
    -5.07535
    -1.47233
     -1.3464
    0.922528
  -0.0876919
   -0.206026
     3.34929
   -0.237022
     7.77686
    -2.50734
    -2.67603
    0.667375
     1.20376
    0.120263
    -0.35459
  -0.0189397
     1.53152
     4.29856
   -0.383049
     5.92595
      3.8104
     2.06696
    0.741489
    0.441068
     5.09345
     1.71504
   -0.898177
   -0.314931
     2.00799
     1.53692
   -0.947415
   -0.698584
     3.11403
    0.471148
      1.6739
     1.10171
   -0.297561
    0.494635
     1.99927
    0.213847
     1.62038
    0.421468
   -0.473416
    -0.54886
    0.239908
    -1.28198
     1.30348
    0.390029
   -0.607346
   0.0910127
     1.14003
     1.56464
    0.915923
    -1.95507
   -0.713601
    -1.79424
     0.32825
     1.18335
   -0.278131
     1.13102
   -0.719056
    0.181294
     3.35124
     1.03571
   -0.314331
  -0.0241947
     2.28527
   -0.498591
    0.439808
  -0.0582474
   -0.120388
     1.36947
   -0.319743
     -2.2683
     3.09227
     4.74833
   -0.915702
    -1.91724
     3.79745
    -3.17846
   -0.919269
    0.915397
     2.28686
     3.57456
     6.94189
     7.11547
     1.17408
     1.16474
   -0.937597
     5.08486
    -1.92594
   -0.386235
    -2.75613
     4.83293
     -1.9887
     4.11807
     1.98585
   -0.936619
   0.0975858
   -0.357735
     -2.4913
    0.517413
    0.206068
   -0.257207
    0.589354
   -0.255344
     9.01832
     2.01267
   -0.367456
    -1.39042
    -1.68487
    -2.52364
     5.82933
    -2.88854
    -2.05269
     7.27908
    -5.66716
    -1.50371
    -1.13525
    -4.71703
     10.4085
     0.61334
     2.06458
    0.205205
   -0.802243
    -1.07534
    0.560411
   -0.678104
     3.38572
    -3.66926
    -1.22306
    -3.86852
     -3.0397
     6.61748
    -1.50559
     8.42898
     3.02856
     6.35302
    -2.39985
      0.8344
     6.00896
     2.13718
    0.991312
     1.87077
    0.202745
      1.7317
     1.02203
     1.40758
    0.344471
     1.35423
   -0.257187
     1.13069
   -0.561499
     1.31507
    0.597451
   -0.541279
     0.47251
     2.06183
    0.584725
     0.44329
  0.00503489
   -0.866993
     1.26439
   -0.478982
   -0.201034
     1.17665
   -0.244017
   -0.310807
    -1.79041
    0.499496
    -1.36748
   -0.394674
    -2.09521
    -1.99371
   -0.216757
   -0.512938
   -0.337593
    -1.27183
   -0.161362
    -2.22258
     1.90866
    -4.51377
    -6.60626
      1.5345
     11.2472
    -1.81397
    0.701368
     3.26915
    0.311413
     3.00134
     3.01979
     3.42158
    -1.53818
   -0.442217
     1.30893
    -1.51301
      -11.49
     8.06534
   -0.614638
   -0.847943
     1.96097
    0.859258
   -0.403585
     11.2254
     9.02186
     1.38026
    -0.47361
   -0.184065
   -0.172895
    -0.13429
   0.0999731
   -0.322594
  -0.0499445
    0.160037
   -0.132603
    0.405875
    0.462516
     1.07219
    0.214343
    -2.70417
     -1.9878
     1.19571
     1.68404
    0.724573
    0.304977
    -1.62167
     3.97619
      4.8689
     4.49993
   -0.653627
     2.37337
    0.413183
     3.42442
     2.43414
     3.11966
     2.48372
    0.966155
     1.80731
     2.30278
     1.63142
     1.92934
     1.82362
   -0.297549
    0.600936
     1.76735
     1.21335
    0.849729
     9.65751
     5.06484
     7.18556
     9.11068
     6.69942
     4.85253
     7.98264
     8.08615
     5.14232
     3.06283
     4.14385
     1.22465
   -0.271393
     1.96815
     4.28259
     3.95439
      2.8636
     3.40229
     1.79551
    0.948019
      1.5527
   -0.871963
    -1.17784
   0.0310598
    -0.39415
   -0.526133
  -0.0917323
   -0.452546
    0.554602
   -0.663372
   -0.771421
   -0.248187
   -0.318726
   -0.239714
    0.248857
   -0.118275
 -0.00725244
    0.912584
    0.838456
     1.47404
     1.16131
   -0.504859
   -0.830538
     2.45027
   -0.211536
   -0.294485
   -0.160028
   -0.604384
    -0.31686
     1.89861
     2.12148
   -0.701673
    0.113598
   -0.916087
   -0.188379
    -1.10921
    0.360847
    -1.43511
    -1.26072
     5.67276
      7.5601
     2.32018
     10.3526
     7.90574
    0.651435
     3.67823
     5.09319
     8.64107
     7.01264
     1.86131
     3.72779
     7.76748
     11.1327
     10.3947
     12.9385
     13.4084
      13.525
     13.2119
   -0.673751
      1.1066
     0.81268
     2.47058
     8.44898
     5.52863
     4.28925
      12.037
     3.88983
     10.1615
       6.133
     5.93745
     7.22758
   -0.361775
     1.47541
    -1.86905
     3.07552
     1.98774
   -0.813445
   0.0564872
    0.834074
   -0.338577
    0.732793
    0.934682
   -0.612706
    -1.24319
     2.14439
     2.53519
    0.971903
    0.661955
     1.94396
    0.341562
    0.793598
     5.31898
    -3.10968
     2.53819
    0.603909
     2.84791
     6.78156
     3.26283
    -3.86898
    -1.62411
     12.5528
    -5.66067
    -4.21609
    -2.66052
    -1.24943
    0.185287
     1.01764
    0.708506
   -0.728753
    -3.67306
     1.20116
    -0.32209
      -1.098
    -1.05456
   -0.658394
     5.22293
    -3.42358
     -3.2767
     -0.5202
    -3.09324
     8.18526
    0.112295
    0.769552
     7.02446
     0.96505
     1.86931
     2.35266
     2.57363
    -1.97674
    0.909852
    -1.07964
     3.24669
    0.765513
     1.70817
     0.92641
     1.05022
   0.0223859
   -0.159758
    0.237095
    -1.20091
   0.0209788
   -0.390962
    -1.21466
   -0.726977
    -0.77547
   -0.789586
    0.416924
     2.77463
    -1.98428
     1.11872
     4.62979
    -1.37876
    -1.20643
    0.264066
    0.391387
     1.44095
    0.184949
   -0.285718
     5.81758
     1.44337
     2.12496
     10.0206
    -1.20631
    -3.01168
   -0.592737
     -3.4627
     12.3142
      5.9678
    -1.26773
  -0.0990754
    0.354444
     1.45751
    -6.82606
     10.0281
     8.38322
     8.76586
      1.1784
     8.87124
     10.0859
     1.51481
    0.562068
   -0.306718
     -1.8885
    -2.09211
   -0.136817
   -0.133058
   -0.312233
   -0.413315
   -0.495512
    -1.25848
     5.06186
     2.03922
     1.93194
     1.02245
   -0.102337
   -0.918384
   -0.263225
   -0.196076
   -0.115272
     2.79621
    -1.01632
  -0.0155919
     1.73596
     3.06563
     12.7197
     0.86882
    0.490931
     6.77411
      2.6975
   -0.283987
     2.17467
     5.66445
      6.2797
     1.61408
    0.182634
     2.94209
     2.44843
    -1.43561
     1.11931
     2.32394
 -0.00548666
    -1.03606
   -0.685127
     4.93353
   -0.105392
     2.24751
    0.900056
    -3.04972
    -1.76257
    -2.34471
     5.27796
    0.789752
    -4.25895
    -3.23011
     2.85889
      0.2264
     3.57611
   -0.718095
    0.774141
     1.00781
     -3.4907
       2.066
    -1.07701
    0.461039
     3.69702
     2.21304
   -0.973939
    0.952135
    0.385508
     3.64458
   -0.384733
   -0.316077
    0.138883
    0.335347
    0.340833
   -0.149547
    -1.24963
     3.10819
      5.1019
     1.21136
   -0.176395
  -0.0390947
     -0.5661
    0.661813
      1.4103
    0.873391
      3.9629
    0.866743
   -0.764169
     0.60063
     2.26842
    0.473985
    -1.55995
   -0.684203
   -0.902105
     3.55277
     -2.1766
     3.98957
   -0.892768
     1.43043
     3.38409
    -3.84065
    0.416624
    0.918397
    -1.64375
    0.846758
    -1.27862
     2.18047
    -1.08298
     5.41559
     4.61282
     1.03261
    0.338803
    0.973612
     2.18318
     2.58124
     -1.9505
   0.0429654
    -1.96898
   -0.149174
     4.95918
     0.25093
     4.83976
     7.53495
    -2.11381
     4.09498
    0.290574
     2.75361
   -0.999891
    -1.29436
    -2.40534
     2.69986
   0.0890824
    -1.41839
    -1.01539
  -0.0642654
    -10.8421
     -2.3576
    0.589506
     -1.4651
   -0.882185
    -1.36172
     6.25776
     1.46925
     6.14294
     2.65855
    -1.38947
     1.99002
  -0.0593119
   -0.168858
   -0.634125
       2.115
     1.17229
   -0.935568
    -4.63986
     1.29105
    0.354009
    0.156613
    -1.04001
     4.31767
    0.172937
   -0.104888
     4.28359
     1.99836
   -0.439165
     1.78933
      1.4377
    0.435921
     3.17132
  -0.0961806
    -4.36758
     3.71052
     5.00648
     0.84535
    0.204103
   -0.137769
     4.71634
      0.9496
      -1.525
   -0.659729
   -0.404587
     1.35469
    -1.98418
    0.831155
    0.264506
     2.02314
   -0.729338
    0.185112
    0.253158
   -0.526131
   -0.703506
    -2.26614
    0.923316
    -1.44942
    -3.04663
    -1.38532
    -1.20349
   -0.426896
     1.54325
    -5.03338
    0.649366
     3.24952
     3.29649
    -0.11325
    -2.57271
      2.3312
     1.48406
     1.82418
     5.53336
     5.49866
    0.423483
    -4.10952
  0.00669661
    -1.10887
   -0.567309
     3.99351
   -0.687236
   -0.776035
     2.16371
   -0.647557
   -0.105141
   -0.190556
     2.62101
   -0.945119
     1.73408
     4.92165
    -0.72409
    0.435792
   -0.197135
    -2.27239
     2.76919
     2.25797
     4.23816
     1.52564
     1.88615
    -1.78245
     0.14223
   -0.382207
   -0.053269
     15.4064
    -4.27243
    -9.26903
    -0.84852
   -0.725216
    -1.09248
  -0.0808311
    0.190184
     1.01339
     7.97279
    -1.51538
     2.34823
   -0.592963
     2.46975
   -0.523831
    0.161277
    -1.46817
    -1.19348
     4.11161
     10.7205
    0.703313
     3.57812
     5.68079
     -3.2883
     1.14465
    -10.6232
    0.227266
   -0.782026
     2.36589
     3.64195
     4.25332
    -1.25457
    -1.45758
     1.17925
   -0.805722
    0.179757
     1.49603
       2.239
   -0.312289
   -0.295505
   -0.934171
     1.26309
     2.83083
     4.40266
   0.0168223
      1.9316
   -0.493152
   -0.236593
    0.235427
     5.36839
     4.99813
    -2.24942
     2.19308
     5.85811
     4.73664
     1.53609
     4.60801
    -1.36383
    -2.66239
    -1.62153
    -0.29815
     1.79656
    -1.32532
     3.13186
     1.49556
     5.38342
     2.58435
     5.50065
     1.41741
    -1.43319
      3.1511
     2.23326
      1.9476
  0.00999077
     3.35024
    -2.42089
      3.2654
     1.72094
    -8.32929
     5.81198
     5.10591
     13.3754
 -0.00186439
    -1.99973
      1.0942
     4.77519
     3.35103
    -1.71903
    -2.12091
    -1.50834
    0.779656
   -0.258093
     1.17035
     1.05255
    0.877744
    0.892505
    0.664336
  -0.0343026
    0.355082
   -0.199124
     2.47442
     1.10326
     1.21892
     1.34214
     1.38905
   -0.385749
    0.869254
    -1.87254
    0.334804
     1.02654
    0.526709
     4.01022
  -0.0494039
    0.170937
     2.73184
    -2.36499
    -1.67596
     -1.7373
     1.13334
     1.08864
   -0.224531
     1.03524
    0.879902
  -0.0660616
    0.223078
   -0.539862
   -0.170477
   -0.321355
    0.466008
    0.340291
     3.76869
     3.67353
     1.72195
    0.695605
    0.840913
    0.434894
   -0.321483
   -0.715603
    0.303147
   -0.260964
   -0.159883
   -0.198575
   0.0408159
   0.0690478
     4.99626
     3.43907
     1.61235
     2.16254
     2.00464
    -1.32051
   -0.481142
   -0.018762
     1.84911
     -2.7183
     0.52015
     2.11004
    -1.21565
     4.03924
     4.00884
      4.2111
     2.41693
     1.37855
     1.14756
    0.433321
   0.0158115
     1.17434
    0.537154
    0.480639
    0.719978
  -0.0107261
    0.371771
      1.1877
     1.28014
     4.75355
     1.01239
   0.0557096
     1.77787
    0.679003
   0.0232954
      1.1178
     1.32475
     1.20241
     5.12982
     1.66529
     2.14928
     1.59254
     3.66897
    -2.23655
     2.01123
    0.928661
     4.43666
     4.14947
     2.85865
     -3.0374
      1.0355
     1.02432
    0.258318
     1.13754
   -0.376909
      1.3031
     1.20216
 -0.00935326
    -2.54515
     2.08643
    0.290066
    0.661109
    0.433911
    0.308732
    0.187123
    0.350215
     3.67741
     4.33113
    0.255585
    0.694657
    0.202699
   -0.428524
    0.762431
    0.673714
     2.18619
     1.80124
    0.367912
   -0.224838
     1.35706
  -0.0442529
    0.592661
     1.19068
    0.849467
    0.592189
     3.32096
    0.725207
  -0.0106843
     5.04725
   -0.465701
     2.55734
     1.11408
    -1.03863
   -0.288826
     1.94136
      3.6685
    0.787362
    0.457252
   -0.605438
     1.10407
   -0.129049
   0.0836064
    0.636288
    0.716367
     2.26186
    0.526786
 0.000143486
     2.12743
    0.769618
    0.391643
   -0.348508
     1.94552
     0.38723
    0.832733
     2.54457
    0.214123
    0.183987
     1.64906
     2.81977
     3.67284
     1.59071
      1.2832
   0.0637163
    0.572147
    0.592559
    -2.37423
     3.56943
    -2.36546
   0.0773466
    0.215129
    -1.98203
    -1.52522
     1.59225
     1.65397
   0.0511069
     1.77027
     1.42437
     1.48881
     1.41251
     1.08428
      1.3596
     3.07264
     1.10424
    0.151162
     1.32383
    0.394824
   0.0197825
    0.576963
      2.1603
   -0.365736
   0.0621299
    0.851483
   0.0650587
   -0.249077
    0.282227
     4.96207
  -0.0582238
     4.00836
  -0.0703213