    -1.54413
    -1.56949
   -0.849738
     -1.5251
    -0.99285
     1.71586
     1.24494
   0.0982588
   -0.490437
     2.71895
    -1.45604
    -1.90606
  -0.0560246
    0.247649
    0.572284
      3.2473
   -0.319589
    -1.80944
     2.39613
    -1.14203
   -0.593675
    0.392443
     0.57762
     4.55188
   -0.865247
    -1.55653
   -0.628983
  -0.0635532
     3.66141
     4.81463
    -1.30131
    -1.83385
    -1.93476
    -1.65796
    0.230091
    -1.95622
    -1.68374
   -0.703897
    0.484808
     2.91819
     2.51578
    -1.71594
    -1.63551
    -1.21842
   -0.230268
  -0.0446344
     1.38679
   -0.583351
    -1.70698
    0.312645
    -2.02829
    -1.90891
   -0.474079
   -0.251072
   -0.372155
   -0.253193
     2.71002
     1.51773
   -0.554386
    -1.99533
   -0.595139
 -0.00514302
    0.407806
    0.717536
     3.85389
   -0.742742
   -0.220083
    0.670577
    0.868062
      5.3593
     -0.7482
     4.91171
     4.21948
     3.07891
    0.793394
   -0.181677
    0.877544
     2.14243
    -1.80472
    -1.26136
   -0.355829
  -0.0506953
  0.00523021
    0.538655
     4.27596
     5.26841
   -0.661745
     -2.0186
   -0.838266
   -0.674045
   -0.654445
   -0.403208
     0.38772
     6.10664
    -2.02957
    -1.96658
     2.42007
    -1.64511
    -1.75325
   -0.179166
  -0.0598887
    0.476145
    0.596261
     4.24083
     4.58319
    -1.45598
   -0.364779
  -0.0608143
  -0.0536794
    0.562079
    0.435348
    -2.46218
   -0.937488
     2.07937
     3.34339
    -1.00268
   -0.724888
   -0.604896
    0.288169
     0.25048
     6.91036
     1.29396
    -2.15924
    -1.64933
     -1.4763
     6.64903
   0.0112118
     3.92345
   -0.905795
  0.00628002
    0.118196
    0.471439
   -0.322402
    -2.95836
     4.83667
    -1.20643
    -1.10627
   -0.441222
   -0.115236
   -0.077966
   0.0852009
    0.531778
     6.60527
    -2.57102
    -2.39296
     2.87833
   -0.206729
   -0.839708
   -0.563723
   -0.128452
    0.134151
     0.27711
   0.0886834
  -0.0994132
   0.0323222
   0.0632569
     5.60823
    -1.82477
    -1.28196
   -0.421127
  -0.0384356
    0.352121
    0.198463
   -0.101503
   -0.193341
    0.546349
     5.23819
   0.0364061
    -3.20252
    -2.26472
     3.33299
    -1.13911
   -0.555409
    0.339949
    0.361582
    -2.61169
     4.50464
     2.33089
   -0.820176
   -0.297092
  -0.0654477
   -0.422949
   -0.367437
   -0.551198
   -0.193074
     2.46647
    -1.20525
     4.54128
     3.93964
     2.91404
     1.02231
   -0.465215
   -0.215666
     0.67363
    0.599605
    0.416113
   -0.634052
    0.810601
     4.98567
   -0.600505
    -1.23038
    -2.56117
    -2.30661
      4.3981
    0.558009
    0.219926
   -0.646169
   -0.495715
     1.05959
     4.13598
    -2.72453
    -3.10408
     1.59306
    0.490945
    -0.21171
    0.495655
   -0.191179
   -0.585152
   -0.492293
     6.32327
     2.90564
      1.7712
    -1.27962
     3.11047
     2.77003
     2.48445
     2.03489
    -1.12167
   -0.554146
    -0.48195
    -1.21098
     1.04296
    -1.93786
    0.377043
   -0.317912
    0.889485
    -1.26487
    -0.79983
   -0.623778
     6.21364
     2.10797
    0.545331
    -1.22067
     -2.1854
    -1.67164
     1.53093
     1.35591
     2.15427
    -0.28634
   -0.938129
    -0.83051
   -0.433315
   -0.201022
    -1.00617
    0.390511
    0.742898
     3.15237
     1.50067
    -1.62689
    -1.12376
   -0.520717
   -0.514437
    0.878964
   -0.445871
   -0.491025
   -0.346561
   -0.081387
    0.461814
     1.00651
   -0.143006
   -0.314766
     1.81734
      1.2508
    -1.69414
   -0.505934
    0.725737
    -1.01776
    -0.93751
    -1.75236
      1.2048
   -0.443738
   -0.335975
    0.984623
    0.949104
    -1.08433
    -2.11875
   -0.609927
    -0.36782
     4.51318
     4.19396
     2.05978
     0.89136
    -1.75666
     5.24682
     2.48172
   -0.574252
   -0.529949
    -0.45079
     0.30114
    0.362061
    -1.53786
   -0.983374
   -0.120316
     1.11311
      0.9862
     1.37955
   -0.859445
     1.62681
     2.24975
   -0.682687
   -0.434195
    -1.64024
     1.27084
     1.69915
    -1.03946
    -1.06911
      1.2342
   0.0992293
    0.795877
    0.306669
    -0.84875
    -1.47167
     6.44768
     3.13812
   -0.945554
     2.20208
     1.24057
    -1.95681
    -2.24667
   -0.694093
    0.724105
     1.44206
     3.51317
   0.0202136
    0.632769
  -0.0650915
   -0.649873
   -0.454792
     1.31243
    -1.84728
   -0.151709
    0.243682
    0.235093
    0.971328
     1.51657
   -0.314056
   -0.663419
     -1.8053
     1.09402
   -0.329054
   -0.202345
   -0.504292
    -1.10191
   -0.421122
    0.152022
     1.34663
    0.697237
   -0.372984
     2.66001
     7.05785
     1.83179
   -0.221533
     1.27544
     1.18008
   -0.479375
      3.3262
     1.50655
     1.24328
    0.656411
     6.25208
   -0.381779
  -0.0216963
    0.441046
     2.13258
    0.621028
   -0.189508
   -0.267336
    -1.29411
    -1.81497
   -0.980657
    0.498301
     0.87439
    0.760847
     1.12595
    0.957096
   -0.799146
   -0.143244
   0.0622141
    0.161471
     1.60642
   -0.797746
   -0.969898
     1.00922
     1.25276
     1.11621
     6.12624
     1.71928
   -0.692588
      2.1873
    0.175169
   -0.371083
     -0.5367
       1.397
   -0.675136
    0.405349
     2.10726
    0.165941
     1.33146
      1.1492
    0.710674
   -0.774851
   -0.424425
    0.158543
     1.02042
     2.06851
  -0.0923842
    0.262387
     5.84964
     1.63851
    0.937684
    -1.13492
   -0.812412
     1.92159
    0.838723
   -0.218101
    0.520787
     1.41306
     1.50078
    0.491758
    -0.70803
    0.475673
     3.64043
    -1.24793
     1.50753
    0.998649
   0.0734329
     1.40029
     1.69771
     1.52857
     1.40029
    -0.29951
   -0.479801
     5.21648
      2.1471
     3.83396
      2.0482
     0.89518
    0.727138
    0.970594
     1.48357
     1.00479
     3.31469
     3.12103
   0.0864704
    0.340494
    0.568474
     2.18929
     1.41172
   -0.442813
    -1.27473
    -1.03132
     1.07055
     1.26284
     1.46579
       0.253
    0.815824
     1.90811
     1.25174
    0.538955
   -0.858914
   -0.738324
     7.60997
     2.03585
     1.50778
    0.864718
   -0.761321
     5.63421
    -1.14253
   -0.970114
    -1.04399
     6.70848
   -0.593238
      1.4278
     1.77816
      2.5323
     2.52446
     1.28903
   0.0913097
     3.94047
   -0.626123
     1.01126
     1.41182
     3.52278
    0.198389
     1.63146
    0.584534
  -0.0268046
      2.4991
      1.5025
   -0.381171
    -0.25149
     1.33474
    -1.25765
     1.55305
     2.54019
     2.50085
     3.72131
     0.16405
  -0.0616334
     2.69247
     2.80274
     2.80286
     1.01675
      1.3606
    0.984926
    0.594742
     2.04107
    -1.30153
    0.515062
      2.5894
     3.67345
     2.07582
    0.974072
   -0.797804
     3.91072
   -0.314193
   -0.558479
    -1.22636
     2.50924
     3.18722
     2.34118
     3.38738
      4.5088
     1.52956
  -0.0904299
    0.966181
      1.3856
    0.179918
     3.75775
    0.869993
    -1.18023
     -1.2106
   -0.441589
     1.43369
     3.38059
     2.52703
     1.42189
     1.09327
     1.55043
      2.8434
     2.17022
   -0.550803
    -1.60442
    -1.21896
    -1.18173
     6.91045
     5.28867
     3.60129
     3.09643
    0.372825
     3.47018
   -0.342753
   -0.255663
    -0.30194
     3.04218
     1.79176
     4.68356
     3.70517
     4.27412
     5.33252
   0.0527847
   -0.695835
     1.50164
     1.21161
     1.33362
    0.432066
   -0.144818
     5.03446
     1.19368
      5.1326
     4.59712
    -1.07633
     4.31517
     1.35355
     1.33718
   -0.686824
    0.666207
   -0.788546
    0.480324
     3.16188
     3.78965
     4.33919
     6.28869
     5.00099
    -1.68752
    0.123718
     1.22056
     1.13744
     1.63527
      -1.431
    -1.32203
     6.21679
   -0.900454
     1.40389
      1.6843
     1.70869
  -0.0924566
   -0.722642
   -0.220792
     2.40754
    -0.01971
   -0.739932
    -1.55063
    -1.10808
     4.05988
      4.8463
      6.2563
     8.02122
     3.35463
   -0.523652
    -1.94927
    -1.20057
     1.39343
   -0.800634
    0.446048
     4.51706
   -0.773482
   -0.227821
     1.21825
     2.16516
     2.57578
     2.98622
     1.97719
     1.22097
     1.99965
     4.12672
    -1.32043
     2.52641
   -0.830644
    -1.55294
     -0.9302
      1.6662
    0.861261
     2.15424
     3.47403
     7.17187
     9.54859
     6.82875
     7.54401
      5.7301
     6.36939
     6.17794
   -0.257793
   0.0493343
    -1.33376
     5.06071
      9.9552
     6.54463
     6.24048
     5.69565
     7.65386
   -0.952189
      2.6353
    -1.09085
     2.44035
    0.470514
      3.1088
    -1.18652
   -0.964358
     1.57647
    -1.32165
    -1.57158
     1.91348
     5.51376
     7.08086
     5.02098
    -1.34286
    -1.71982
    -1.44397
     1.47163
     5.03339
     6.50314
     5.27828
    -1.27117
    0.661043
     1.54934
     2.13476
     1.54418
    -1.71855
     3.80255
     4.77155
   -0.394508
     -2.1452
     -3.0152
     6.19011
     5.72074
      9.2282
    -3.37427
   0.0615014
    -2.20181
    0.177369
    -2.78223
    -2.10495
    -1.42223
    -1.01642
     4.10131
     2.09102
     1.93158
   -0.737334
     8.30317
       7.581
    0.241408
   -0.352896
   -0.485193
     2.21687
    -1.32765
     1.70315
    -1.00324
     3.38898
    -1.15246
    -1.86365
    -1.05651
    0.112493
     1.69265
     2.35949
     3.58704
      5.9049
     3.98682
    -4.17159
     5.84548
    -2.05933
     2.17648
    0.845644
    0.665371
    -1.69929
     -1.9122
     8.58369
     2.54045
     3.02651
     3.56089
    -5.95119
    -3.12958
     3.86081
    0.330029
    -1.92456
     2.95423
     4.41044
      5.2511
     1.55636
     1.33084
   -0.369728
    -1.67506
    -1.28342
   -0.605995
    0.843745
     2.62592
   0.0270488
    -1.15726
     1.24395
     4.41362
    -3.00522
     1.38818
      2.9932
     7.02388
     2.25039
    0.728534
     2.10145
    -2.76769
    -7.95335
    -2.24158
    -3.13282
     1.30227
     1.19393
    -2.18959
     2.05121
      4.0775
     1.30593
    -1.73582
     1.72197
     1.48896
     4.47725
     2.14619
     1.58681
     2.36377
    -4.34276
     -2.4114
     1.67652
     -3.5084
    0.532271
    -2.24434
    -2.03998
      -1.942
   -0.636618
    0.214473
   -0.190494
     2.19291
     6.85213
     8.38627
    -2.99439
    -4.04298
     -1.0966
    0.821256
     1.88817
     1.12865
    -9.30002
     9.52644
     9.60035
     6.26324
    0.322337
    -4.03449
     -4.7668
   -0.426422
    -3.04126
    -3.24322
    -2.68369
     3.72647
    0.248512
    -2.18664
    0.309187
     4.74638
     9.67573
    -1.55349
    -4.55066
     6.26578
     9.36087
     12.4004
    -3.21456
     1.02974
    -3.50141
      -4.212
    -3.87649
     1.05494
    0.273128
  -0.0940011
   -0.155768
     1.76069
     1.35521
   -0.967145
     1.75299
    -3.28002
     2.58951
   -0.770222
    -4.24849
    -1.02575
    -1.62285
    -1.55098
     2.27914
     9.76673
   -0.639714
     -5.7216
    -8.50999
     5.77097
    -2.25922
    -4.25967
    0.983589
     1.66105
    -4.40823
     3.44469
     1.25737
     10.2276
    -1.46542
    -1.21186
     1.02737
    -1.50043
    -11.3978
     2.76257
    -1.04518
     -1.3321
    -1.55671
     4.67235
    -4.81734
    -3.47154
    -1.79446
    0.552207
   -0.762387
     6.16588
     -1.4684
    0.798013
    0.627418
     11.5808
      7.2034
     -3.2086
     5.32446
    -3.91986
     1.10855
     1.60084
    0.316717
    -6.58089
    -9.46718
     12.2136
     5.64545
     5.44449
     1.18934
    -2.21006
    -2.80014
    0.207449
     12.5272
     5.58511
    0.803086
     0.99875
    -10.4838
    -5.66741
    -4.66669
     5.87644
     1.19466
    -4.58373
   -0.362657
   -0.655152
    -3.72766
    -12.1451
    -9.18125
    -2.93294
     0.22641
    0.691802
    -1.50151
    -1.90173
     12.2249
     11.0802
     9.24025
    -1.04634
    -1.15728
    0.352521
 -0.00999982
     9.81968
     7.97643
    -1.93876
    -2.94964
    0.956061
     3.80547
    -4.21507
    -3.08974
    -2.46324
   -0.706939
   -0.919918
     12.0354
     9.27134
    -1.01463
   -0.336901
    0.791506
    -1.18646
     7.32769
     1.40891
     3.04642
     1.43765
    0.190722
     1.14938
     3.20939
     3.87327
     11.5006
    -2.33137
    -3.66053
    -2.60277
     -3.5776
     10.5272
     -4.0515
     9.67964
     10.8486
     9.23723
    -1.27727
    0.834213
    -1.54867
     -4.5657
    -7.76461
    -2.85415
       3.247
     2.94838
     -5.0045
    -1.79612
    0.765061
    0.430912
    -1.02957
   -0.383165
   -0.968867
   -0.611872
        -0.6
    -4.75098
    -10.5832
     2.68179
     8.15301
    -4.65331
    -1.30404
    -1.08358
    0.212642
     6.16385
     4.12439
   -0.280704
    0.265969
    -6.98611
     0.68905
    -1.03381
     4.01276
    -4.18532
     1.18751
    0.995787
   -0.825304
   -0.659094
    0.519116
   -0.557254
    -3.23801
    -3.39938
   -0.141609
     6.39459
     7.27327
     3.96512
    -1.15013
    -8.68504
     8.03566
    -3.67867
     8.37103
    -4.63573
     2.58917
   -0.104148
   -0.678167
    0.871824
     3.12571
    -1.35134
     1.67219
    -1.02674
    -4.75319
    -2.07974
   -0.855043
   -0.980646
      4.8986
     1.38918
   -0.894032
     -8.5035
      10.877
     3.12584
     3.64668
     1.31442
   -0.739432
     4.96821
    -2.17589
     0.43441
    -4.53585
    -4.24956
    -4.26042
    -4.18584
     1.64479
     3.58462
    -3.09566
     -2.4593
     9.23127
     -4.6583
     2.06422
    0.716623
  0.00290275
    -1.36292
     1.19019
    0.264888
    -4.80675
    -7.39325
     1.41211
    -3.52655
    -3.35818
   -0.593331
    -2.94054
  -0.0688551
    -2.99871
     2.12072
     -3.9758
    -2.04529
     1.03527
     3.57855
    0.320044
     5.69505
     5.94131
    -3.83825
    -4.00268
     1.39524
   -0.737953
    -1.07429
    -1.40459
   -0.377537
    -1.41433
    -7.36486
     -7.1943
     6.61701
     10.1999
     8.80084
     -4.3049
   -0.148993
     -1.0078
     5.60904
     5.36268
     1.85371
   -0.540719
   -0.447058
    0.192508
     2.07192
     1.60175
  -0.0636105
    0.889155
     1.23691
     -4.1177
      1.4061
    0.509061
    -1.46681
      4.5155
    -0.85089
   -0.167326
    -5.82249
    -2.13201
    -1.21713
    -1.91595
      1.4074
    0.299531
    -3.28935
    -4.67457
    -2.76574
    -1.26196
    -4.53778
      2.4259
    0.744812
   -0.474431
     3.26896
   -0.835757
    -6.05143
     4.34377
     2.31291
     -1.6897
    -4.48344
    0.575063
   -0.832532
    -6.68845
    -3.67353
    -4.33254
    -3.77143
   -0.667396
    0.474975
    0.300504
    -1.25845
     5.26591
    -2.16654
     7.59046
    0.565961
   -0.671351
     1.08011
     9.61097
     8.14456
     3.98163
    -3.24446
    -1.34156
    -1.40124
     9.38812
      2.7249
     1.03711
    0.685305
     3.57317
     3.87198
   -0.208417
    0.649137
    0.303442
    -4.28149
   -0.991629
    0.497043
    -2.71443
    0.763766
    -1.26351
    -1.48035
   -0.439311
      4.7759
    0.760479
    -4.74842
    -3.96213
     5.89054
     1.16748
     3.82097
      10.632
    -3.81568
    -3.85313
    -3.31197
    -3.20501
     1.26609
     4.67812
   -0.869327
    0.351509
   -0.406674
    -2.29255
    -2.41564
   -0.612399
    -2.98515
   -0.211952
    -2.51563
    -1.33984
    -0.77054
     3.50847
    -3.48383
     3.13206
     7.70858
     9.40164
     3.06402
    -3.53688
    -1.02886
     8.01166
    -3.90218
    0.381945
    0.104213
    -4.44701
    -3.66539
    0.604364
    -3.76475
     -4.0571
   -0.789008
   0.0904386
    -1.11492
    0.759374
    -4.30493
     2.41954
    -1.32924
     4.31411
     3.21474
    0.652398
    0.271306
    0.349646
  -0.0928467
      -1.332
     1.22937
   -0.283737
     -3.4615
    -3.58299
    -3.25262
   -0.926478
    -1.29964
    0.877779
    0.440943
     -1.3446
     7.28832
     1.06457
    -1.71291
    -3.20019
    -3.13639
     2.52572
    -3.13495
     1.53218
    -1.14875
     4.57387
     2.51145
   -0.959788
    0.406598
      1.2842
     1.28982
     -0.8375
   -0.934023
    0.509391
    0.375792
     4.22482
    -3.04546
    -2.48335
    -3.44436
     -3.0819
    -3.06587
    -2.76578
    -0.93925
   -0.954541
    0.622819
     0.32141
   -0.613101
   -0.384595
    -2.42689
    -3.34564
     5.30551
     10.0591
     3.82855
    -1.72754
    -1.22571
   -0.620508
    0.453953
   -0.512386
    -1.30314
     3.20086
     1.68045
    -1.47521
     -1.0397
    0.351042
    -3.35303
      4.3107
     5.26244
     2.92965
    -2.53791
     3.15551
    -0.98149
    -1.13543
    -1.57651
     0.83682
    -1.95151
     10.0396
    -1.80173
     7.75232
     7.92331
    -3.26683
     1.10036
    0.408593
     5.59263
    -1.11165
     1.04841
    -2.24472
    -3.29277
   -0.193182
   -0.963031
    -2.61331
    -3.00895
    -1.36058
     4.39384
    0.242233
     1.75188
    -2.36861
    0.332709
     6.87774
     -3.3327
    0.267993
    -1.22215
      6.2308
      5.5719
     3.14354
    -0.47202
    -2.11891
    -2.72851
     1.45645
    -1.78736
    0.816925
     0.73931
    0.442505
    -1.18932
    -1.26578
     6.56477
     1.83708
     7.02741
     3.43643
    -2.74733
     1.46794
    -2.56944
    0.529039
    0.303094
   -0.366183
   -0.718469
     4.15137
    -1.47848
  -0.0305064
     1.19256
     1.36314
    -1.49605
    -1.40702
     9.14568
     1.10156
     -1.2411
    -1.82639
    -1.08067
     -2.8303
     1.24193
    -1.33393
     7.50776
     6.98196
     -1.7722
     4.78733
      -2.148
   -0.568517
    -2.71083
    0.783446
    -1.11516
   -0.688404
     2.60467
   -0.451262
   -0.632019
     2.04253
   -0.814948
     9.02328
    -0.79634
    -2.82293
    0.250572
     1.11976
    -2.77887
     1.95584
     5.00942
     8.22781
     5.77462
     1.39113
    -1.66442
     1.69074
  -0.0823636
     4.32286
   -0.954587
     1.05021
    -1.51049
   -0.684644
    -1.05541
     5.62383
    -1.90072
    -2.51377
     1.22585
    -1.20629
     1.52547
     6.07407
    0.606109
    -0.33952
    0.302054
     1.70121
     3.16963
    -2.60546
     3.35471
     5.63876
    -2.83546
    -2.52494
     3.23372
    0.936846
    0.119539
   -0.695447
    -1.30395
    -1.34949
     4.22832
     2.22733
   -0.571466
-0.000516778
     2.39542
   -0.280007
     -1.4479
    0.720483
    -2.46365
     7.82201
     7.65516
     2.35414
   -0.916414
    -1.77624
    -1.23429
     6.87652
     5.86516
    -2.53867
    0.872612
    0.902394
    0.471052
   -0.646002
    0.195653
     1.01375
     2.64033
     6.28222
     1.10049
    -1.47648
    -1.35927
     3.45652
  -0.0679295
   -0.448903
    -1.31939
     8.68924
     9.09208
      8.0966
     4.19491
    0.359716
  -0.0115676
    0.191096
     1.24581
      7.2915
     2.36394
    0.817085
    -1.07726
    0.241479
     4.68099
    -2.33751
    -2.25974
    0.931659
     1.08416
    0.100015
    0.719021
      2.4997
    -1.91736
    0.410408
     1.73369
    -1.44016
    -1.56211
    -2.48267
    0.946379
    -1.48756
   -0.426434
     9.11623
     7.80523
     3.10342
    -1.79836
      6.1576
     4.47605
     2.38198
     2.84021
     -1.3644
    -1.60807
     -1.4389
     6.46192
     0.59654
    -1.15074
    -1.37837
    0.198408
    -1.65979
    0.362397
    -2.17542
     1.65389
     1.02129
     2.27816
     2.37064
   -0.503769
    -1.32204
     2.11265
     4.98582
     7.63477
      1.1158
    -1.45345
     3.45489
      3.7429
    -1.69054
    -2.21129
    -2.19831
    0.994158
    0.447184
      -1.591
    -1.17549
    0.664442
     9.45233
     5.88985
     2.54589
    0.337549
     1.07162
    -1.18587
     7.05326
   -0.674446
     -1.1289
   -0.788749
     1.99919
     -1.8088
    0.182988
    -1.79316
     4.22499
     8.54429
     8.10437
     8.03133
    0.739524
     3.56164
     2.25153
     4.14471
     1.61155
   -0.300081
    -1.60827
     7.55464
     1.07551
     2.50382
     1.00998
    0.836346
       1.172
    0.981946
    0.625439
    -1.17256
    -1.97628
     6.31659
    -1.35806
     6.90887
     2.78051
      2.8506
     1.81991
     -2.0479
      2.5688
    0.601604
     3.65304
     2.66323
     1.69505
     1.61651
     4.37876
     1.02873
     5.13524
   -0.422788
      1.3327
  -0.0897681
     1.68836
    0.581917
   -0.945028
    0.220441
    -1.47928
    -1.07326
     2.22686
     9.15917
     7.63929
     4.53131
     4.27919
     1.31138
     3.01232
    0.494857
    0.163549
    0.598292
    -1.36674
    -1.65708
    0.646922
    -1.82406
     12.1033
     3.12581
     2.39935
    0.847276
     0.43217
    -1.03926
    -1.71609
    0.605485
     0.40694
      9.4179
     4.81882
     2.62366
      5.4829
     3.59495
     5.29581
     2.98793
     2.01051
    0.550027
     10.2975
     9.58108
      7.1438
     2.90053
     2.03829
     4.15896
     5.35895
     4.43037
   -0.207648
  -0.0839046
   -0.280959
      3.2361
     1.52196
    0.711363
   -0.220271
    0.920808
    -1.87372
     2.43066
     6.00354
     6.13885
     5.88164
     5.39908
    0.482473
    0.320717
    0.299941
    -1.49426
     1.89581
    0.593305
    -1.73938
     8.24201
     3.57631
     3.76192
     6.18542
     6.55166
     1.26968
     1.91328
     1.57416
   -0.980918
     1.36153
    0.569311
   -0.114623
    -2.09516
    -1.42865
     6.96057
     4.66183
     2.96573
     6.18651
     5.28319
     2.11614
     1.32961
     1.32412
    0.717136
    -1.25777
    -1.17496
    0.677811
   -0.800697
     6.51875
     7.72908
     8.93216
      3.6437
     6.85936
     3.43188
     2.68184
     1.55768
     1.70243
    0.635586
     3.22725
     5.30312
    0.941511
    0.346283
    0.319481
    0.260593
     2.02603
     1.21542
     1.77928
    -1.02136
   -0.770366
    0.408095
    -1.72904
    0.515939
    0.973897
     4.84424
     3.78594
     2.85542
     1.69536
   -0.295718
    0.909591
    -1.78402
  -0.0754984
     1.94295
      9.6905
       9.733
     7.91499
     3.57094
     5.55315
   0.0959793
    0.885477
   -0.501939
   -0.493677
   -0.960649
     0.66503
    -1.46315
      8.9064
     5.60499
     7.79328
     3.72593
     5.01025
     1.39815
    0.354785
    0.459535
    0.851575
    0.665919
   0.0623751
   -0.611063
    0.504647
     3.77252
     7.14967
     5.57302
     3.70079
     3.36861
     1.55921
     1.51453
    0.718222
    0.053395
   -0.659915
     -1.1436
    -0.82251
     4.18313
     1.90988
     1.10693
     -1.0003
     -1.5998
    -1.46166
   0.0577066
       1.236
     6.13032
     9.19605
     3.70753
     5.37268
     6.50497
     4.16348
     3.30863
    0.341439
     4.09797
    0.271658
    0.857903
   -0.353049
     6.74276
     8.61651
     9.13907
     3.20757
     5.49387
     3.37507
     3.13564
     3.28552
     3.71167
     2.17455
      1.1817
    0.349666
     2.69712
     1.89607
   -0.085424
      1.4644
    0.615808
    0.654302
     0.42109
   0.0434121
    0.206514
    0.948266
    0.954777
    0.762314
     -1.3109
     5.91909
      3.7349
   0.0921798
     3.64767
   -0.102209
   -0.464657
   -0.258302
   -0.248033
     6.19194
     1.95137
     0.52056
     3.89405
      2.5085
    0.826555
    0.438067
    0.260009
    -1.19644
    0.119623
     8.79126
     2.99652
     2.98356
     3.73158
     2.36446
    0.495595
     1.04383
   -0.453762
     3.88092
     2.94598
    0.797573
     0.87979
     1.11062
   -0.792156
   -0.860035
   -0.771146
      7.6074
     5.49354
      4.3047
      1.5777
      2.0717
    0.248662
    0.294843
    0.794326
   0.0893191
     1.00304
    0.717975
   -0.590634
    0.677187
     2.77006
     5.08955
     2.20477
     2.33431
     2.38121
     1.48658
    0.987809
     3.26121
     6.70976
     3.61943
     1.39745
   -0.224928
    0.508266
     1.57298
   -0.201792
     3.88955
     2.10911
      2.7743
     2.12271
     1.87435
    0.666543
     2.35949
    0.965838
    0.919554
    0.230261
   -0.269525
   -0.758252
   -0.361934
     4.30923
    0.992189
     2.11526
     1.56287
    0.796073
    0.780603
   -0.406773
     8.81391
     3.28858
      1.2317
     1.67359
     1.45813
    -0.22116
    0.154582
    0.951677
    0.990623
     0.24064
    0.813571
   -0.595006
     1.90453
     1.20489
     1.03019
    0.445031
  -0.0969462
     5.08071
   -0.418358
     3.26291
     2.16905
  -0.0114742
   -0.480026
   -0.131415
     1.11787
   -0.412952
   -0.230663
   -0.218411
     9.09045
     1.64409
   -0.760343
    0.370822
   -0.645955
    0.892727
     1.22534
      1.1484
    0.182669
     1.31437
    0.551944
    0.782731
     2.09557
     2.27659
  -0.0235053
     1.02831
     1.29115
     1.06462
    0.981908
    0.500155
     1.09883
    0.619737
   -0.370979
   -0.853212
     6.66063
     3.03371
     2.58715
   -0.428243
  -0.0741077
   -0.858045
     1.43324
     1.46795
     1.00167
    0.908792
   -0.215228
     2.98711
   -0.973963
   -0.573217
    0.486453
   -0.390436
       1.501
     4.05294
     1.65636
     1.76813
   -0.872401
    0.980466
     1.04114
    0.775998
    0.244366
   0.0757865
   -0.519322
   -0.619411
     2.38395
    0.270367
    0.135856
    -1.19678
    0.888104
    0.140773
   -0.614752
     8.33811
   -0.658552
    0.354838
    0.805661
   -0.437171
    0.916636
   -0.777709
     1.33777
     -1.2458
    0.503675
    0.119525
     5.47666
     4.53561
     1.44698
    0.862451
    0.576614
    0.834032
   -0.458966
    0.926329
  -0.0468793
   -0.290982
     1.59766
   -0.366085
    -1.42241
   -0.770175
     2.50925
   -0.214113
   -0.573869
   -0.886353
    -1.43602
   0.0500453
    0.524566
    0.852471
   -0.504742
    0.197624
    -1.00457
    -1.34134
     2.71985
     2.20692
     1.59114
    0.157022
   -0.710662
   -0.689892
    -1.07071
   -0.467177
    0.132372
  -0.0573404
     2.57713
   -0.131606
     0.25058
    -1.03704
    0.335238
     2.72435
    0.941121
      2.2369
    0.581835
    -1.35852
    0.409332
    0.184586
   -0.455313
   -0.213288
      6.1475
   -0.728803
     1.03068
     1.20299
    0.663307
   -0.755131
    0.163862
    0.528066
     0.37836
   -0.907715
    -1.18538
     6.76607
    -1.32853
    0.854626
     1.79912
    0.212448
    -1.67232
    0.870679
  -0.0818604
    -1.07222
    0.124323
   -0.162362
   -0.776963
   0.0532822
    0.846507
     0.76524
   -0.112311
     1.13936
    0.128181
  -0.0395291
    0.153328
    0.767372
   -0.681202
     2.44783
   -0.721723
    0.521877
   -0.829149
   -0.053877
    -0.28285
    0.429941
    0.484286
    -1.02691
     5.09461
   -0.882604
   -0.363406
     0.59925
   -0.357976
    -1.91011
    -1.15522
    -0.51128
    0.128652
    0.501474
      1.5393
    -1.62753
     1.97843
   -0.474002
   -0.885523
    -0.37974
    0.177583
    0.876354
    0.108157
    0.625165
    -1.41593
    0.106947
   -0.496146
   -0.978489
   0.0383989
   -0.611162
   -0.293141
    0.807366
     2.73747
      2.5112
     1.20825
  -0.0378175
   -0.871743
    0.769532
    0.504091
   -0.416274
   -0.695848
   -0.282818
    0.465972
    0.851105
    0.545827
    -1.43318
   -0.474321
    -0.11909
   -0.709907
   -0.408423
    0.730656
    0.672937
   -0.467004
    -1.65334
    -1.24291
      1.0259
    -0.56897
  0.00692889
   -0.772422
    0.663793
    0.449942
    0.330515
    0.578866
    -1.21978
     1.68396
     2.59397
   -0.418681
    -0.66882
   -0.549032
    0.692955
    0.776227
    0.408891
    -1.77825
    -1.83126
    0.659712
     1.77829
     0.38915
   -0.611502
   0.0217181
    0.678447
    0.156341
    0.610527
    0.928794
     2.10105
   -0.554567
   -0.412091
   -0.470411
   -0.393031
   -0.297745
   -0.174749
   -0.789596
    0.638013
    0.572182
     4.33408
     2.12697
   -0.541631
   -0.241343
   -0.502738
   -0.795125
   -0.870723
    0.214894
    0.741966
     1.09437
     -1.8104
   -0.041695
   -0.489274
   -0.357287
  0.00731279
   -0.225177
    0.561922
    -1.93124
     4.94772
    0.894842
    -0.55013
   -0.700612
   -0.774746
    0.222729
    0.558911
   -0.765808
    -1.45259
     2.62639
   -0.315691
   -0.649873
    0.635387
    -1.70767
     5.33617
   -0.418156
   -0.359514
    0.328576
    0.284102
    -1.40586
     3.18061
     1.79415
   -0.367921
   -0.493289
   -0.135482
   -0.212811
   -0.748748
   -0.139158
    0.669918
    0.292618
      2.3297
   -0.352634
   -0.721291
    0.665846
    0.716387
     0.56414
      1.1449
   -0.230539
    -1.70162
     1.99638
     1.81542
      2.5217
   -0.877242
   -0.348693
     0.60136
    0.275658
    -1.95419
     1.11227
   -0.626021
   -0.336215
   -0.100722
   -0.170858
   -0.546668
  -0.0194478
     3.29384
     2.72422
     1.66321
     2.17386
   -0.860471
   -0.264101
   0.0853852
    0.762912
     1.58423
   -0.185159
    -1.97226
   -0.309888
   -0.182306
   -0.474394
    0.304132
    -2.08283
   -0.721469
   -0.263542
   -0.300688
   -0.239841
   -0.332751
   -0.390868
    0.458038
     3.44584
     5.01271
    -0.43999
   -0.217256
   -0.139702
   -0.183962
   -0.243564
     0.34348
    0.986711
    0.392018
     4.95958
     2.74727
   -0.168634
   -0.101902
     -0.5715
   -0.597893
    0.346787
     1.76142
     1.88453
     1.18788
    -1.92699
    -1.65546
    -1.11494
  -0.0704488
   -0.268222
   -0.193857
   -0.149064
     1.05022
    0.943175
     2.38574
     1.05946
    -0.86743
   -0.233033
   -0.448618
    0.461916
     1.88164
   -0.481518
    -1.59262
    -2.19582
     3.60788
     2.20981
    -1.21388
  -0.0655235
   -0.299191
   -0.384127
  -0.0939319
     1.17407
    -2.34783
     4.76854
     3.51215
      2.1114
   0.0633268
   -0.271728
   -0.222084
   -0.436976
   -0.476369
      1.0857
    0.491162
     4.51452
     2.57912
    0.156861
   -0.138849
    0.590095
     1.65432
   -0.291673
   -0.168909
   -0.146256
    0.781243
    0.334418
    0.317829
    -2.08764
     3.14082
     2.90325
    0.172582
   -0.155555
   -0.247917
   -0.192851
   -0.325856
   -0.211607
   -0.182839
    -1.77917
     2.62066
     2.03015
     1.12241
    -1.55651
  -0.0664738
     0.07068
 -0.00517277
   -0.140249
   -0.373401
    0.988419
    0.552163
     1.28925
    -2.36213
    0.700216
     3.48977
   -0.838441
   -0.169309
   -0.128003
   -0.352891
   -0.388763
     1.84424
     1.99714
     4.80723
      4.4494
   -0.748805
    0.170434
     0.26888
    0.182279
   -0.153902
   -0.145053
     1.45025
     2.03031
    -1.28306
    -1.53128
   -0.116858
  -0.0100463
    -0.13367
    0.885703
     1.28624
    -2.08213
    -2.01915
    -1.01158
     3.61814
     2.85458
   0.0370266
   -0.317408
    -1.51696
    -1.93806
    -1.83561
    -0.33384
    -0.40493
   -0.277419
    0.221519
     1.46937
     3.71328
    -1.58578
   -0.984506
   0.0439009
  -0.0545114
  -0.0535234
  -0.0875856
   -0.407625
    0.193471
   -0.661474
 -0.00401649
    0.237659
     1.46795
     2.02988
     4.84227
     2.27666
    -1.05185
    -1.34252
     0.22764
    0.240621
    0.137494
   0.0183006
   -0.418613
    0.114128
     0.62218
     1.68739
     1.96549
    0.485984
    -1.62918
     1.65621
     4.22013
     4.03296
   -0.238003
   -0.522897
    -1.03519
    -1.78129
   -0.874796
    -1.37794
    -1.48116
    -1.47224
    -1.44509
   -0.467999
   0.0100795
   -0.196158
      1.4878
     4.26988
     3.26853
   -0.730133
   0.0562307
   -0.422819
     1.62622
     2.09365
    -1.91415
    -1.91219
    -1.58593
     -1.0575
   -0.893868
  -0.0216257
    0.135111
   -0.348993
   -0.526651
   -0.283706
    0.162547
     2.01906
     2.08114
    -1.57212
     1.13677
    0.112455
     1.62525
    0.826866
    0.276769
     -1.2571
    -1.08632
     2.53091
      3.5947
     1.54737
   0.0869809
   -0.200349
    0.563271
     3.52959
     4.20195
  -0.0727155
    -1.05524
    -1.31628
    -1.43541
    -1.20335
   -0.497476
   -0.454414
   -0.123326
   0.0409146
   -0.345985
    -0.22757
     2.21221
    -1.54522
     2.36561
    0.288985
    -1.61432
    -1.42276
   -0.130518
  0.00375697
   0.0805945
 -0.00546438
   -0.530055
     3.57774
 -0.00399982
    0.169411
   0.0195439
   -0.175048
     1.07798
    -1.64772
    -1.46403
   -0.231556
    0.583927
     2.25178
    -1.58625
  -0.0721009
  -0.0022536
    0.348687
    -1.15067
     1.94928
   -0.726801
    -1.13278
   -0.808071
    0.135545
    0.695955
     2.21525
     1.43743
   -0.731162
     2.79713
   -0.722432
    -1.32443
    -1.45653
   -0.646886
   -0.405513
   -0.331499
  -0.0426326
   -0.211263
     2.73157
    -1.00096
    -1.37692
     -1.1688
    -0.17896
   -0.132206
   0.0211743
    -1.34361
   -0.326308
   -0.909518
   0.0629713
    0.118124
    0.114646
    0.974626
     3.02626
    -1.33645
   -0.726738
   -0.405968
   -0.307444
    0.113645
     1.06843
     1.06219
   -0.650317
    -1.08726
     2.78469
     1.62696
    0.482248
    0.136916
    0.216966
  -0.0828786
     2.92593
   -0.432663
  -0.0917136
    0.260099
     0.57807
    -0.32381
    -1.19212
   -0.630924
   -0.383717
    0.265485
    0.434192
   -0.818776
     1.59791
     1.79644
   -0.938554
      -0.189
    0.182017
     1.78023
    0.750374
     1.83683
     2.31156
    0.802932
   -0.790179
   -0.384637
    0.456257
    0.334827
     2.64923
   -0.501373
     1.93003
  -0.0280623
    -1.37373
    -1.07101
    0.119546
    0.489528
     2.10642
    0.144388
    -1.27892
   -0.743571
   -0.614567
   -0.359378
   -0.333629
    0.759741
    0.774789
     1.38824
     1.22525
   -0.876643
    -1.10516
   -0.209502
    0.381532
    0.809208
     1.66424
     1.57605
    -1.29548
   -0.163018
    0.132145
    0.085743
    0.189198
     1.23935
     1.94016
    0.357622
   -0.303269
    -1.26249
   -0.353071
   0.0778454
     -0.6536
    0.391783
     1.22478
    -1.13216
    -1.24359
   -0.983279
   -0.511001
     1.54837
      1.2326
     0.60099
   -0.940031
    0.730234
     1.00987
     1.41537
  -0.0235822
    -1.11904
   -0.967699
   -0.587601
   -0.407087
     1.11381
   -0.766742
   -0.390917
    0.735682
     1.19781
   -0.682242
   -0.896081
   -0.139062
     1.40196
    0.734285
    0.201326
   -0.432601
   -0.943742
    0.681132
   -0.454768
    0.403384
    -0.31687
     1.33728
     0.48798
    0.320404
    0.153259
    0.296519
    0.243281
     1.93855
     1.46104
     1.25922
   0.0625573
    0.956516
     2.00007
    0.567332
   0.0533385
     1.82722
     1.40663
     1.83081
    0.804149
     1.18749
    0.561767
    -1.79753
    -1.63208
   -0.809807
    -1.40363
     1.74415
    -1.10979
    0.479519
    0.438873
     4.85293
    0.126026
     1.29415
     3.69249
  0.00672466
   0.0643191
  -0.0332614
    -1.50597
    0.171683
     0.09532
    -1.80348
     -1.5855
     3.00383
  -0.0156549
   0.0481263
     2.51826
   -0.204063
   -0.632299
  -0.0083049
    0.184959
     0.71867
    0.270779
     2.88957
    -1.35146
   -0.201945
  -0.0213751
    0.104915
    0.231594
   0.0472088
    0.486015
     -1.2549
     1.80865
   -0.105348
   0.0210135
    0.311238
    0.390534
     4.41265
   0.0969116
    0.241928
    0.502024
    -2.16586
    0.171558
    0.106097
    0.115113
    0.162323
   0.0382528
   0.0486148
     -1.3331
     1.17927
    0.157816
   -0.150906
    -0.44707
     2.69521
   -0.127839
   -0.395524
    -3.20253
     3.96161
     2.50817
   0.0122449
   -0.874827
   -0.162663
     1.74648
   -0.682627
   -0.714901
    -0.70399
    0.645112
   -0.691407
   0.0237474
    0.663403
      5.8475
     1.52563
     1.00649
     1.63034
   -0.931269
     1.48813
     4.38311
     1.64109
     1.56825
   -0.572866
     2.39393
   0.0881947
   0.0388393
   -0.237991
     2.33236
   -0.997597
    0.482042
    0.175758
      2.0161
     2.90987
     2.45894
     1.08606
     4.26271
     5.53948
   0.0563138
     2.69628
      1.3486
     1.39732
     1.31162
     2.19696
     1.01761
     2.31459
    0.777991
     6.14352
     5.67112
    0.270115
    0.509675
    0.688775
     5.79371
     4.26471
     3.00543
     -1.3458
    0.514728
    -1.31644
    -0.29465
     5.87787
     3.71121
  -0.0269048
     9.33209
     5.20596
      7.0054
     2.80233
    -2.04316
     4.92102
     4.68672
    -1.19382
    -2.59637
     -3.9018
     3.29848
    -3.19074
     1.60985
     2.07611
     1.40418
    -2.18246
   -0.832292
   -0.754382
   -0.227079
     2.44342
     11.0498
     7.56572
    -5.53038
     6.65402
    0.150582
    -7.65386
    0.824569
    -6.37446
   -0.100754
     6.57575
     3.77174
      5.1334
     4.58317
     4.30295
     5.28443
   -0.234402
   -0.270619
     1.47173
    -2.23342
     9.16691
     2.71286
    -1.78169
    0.699618
     4.22532
    0.429167
   -0.137742
     -1.4606
     1.99154
     8.05333
     9.15523
   -0.784355
    -11.0111
    -2.21257
     6.21339
     9.06862
     1.50335
    0.692671
    -1.28839
     6.95599
     11.6505
     4.64403
   -0.636529
    0.785554
    0.812296
     -6.3792
      11.734
     7.23013
     2.54193
     8.21295
     10.2466
    -2.46866
      12.216
     4.73248
     8.47351
     6.85652
     -4.1516
     5.38932
    -4.50167
     5.59153
    -2.24669
    -9.48998
     3.16347
   -0.183637
    -2.79509
   -0.154138
     2.36798
   -0.624518
     7.45253
    0.611627
     1.06212
     4.47622
    -2.83424
    -1.50471
    -3.72706
   -0.793682
     1.40151
    -1.96231
     4.51991
    0.256213
    0.339009
    0.341141
    -1.22954
     6.72427
     10.2573
     -1.3127
    -0.19465
     2.91178
    -1.98331
    -2.35019
     5.01486
    0.885281
    -1.85914
    -1.02637
    0.410359
     1.32073
     1.04672
     -1.5685
    0.512379
    -1.15594
    -2.20981
     6.00553
    -2.45578
    0.644685
     0.86839
     1.41206
    -1.08483
    0.870858
   -0.528014
   -0.635108
    -1.75952
    -1.92619
     8.33077
    -2.04237
     8.91735
     9.55302
     4.11522
   -0.877594
    -1.51445
   -0.256921
     2.25914
     8.20682
     1.11832
 -0.00206597
    -1.65862
    -1.93893
     3.70657
     1.50554
     1.34415
     2.06753
    0.624639
     2.68888
     1.48146
    0.899155
   -0.694619
     1.14969
    0.540602
   -0.225622
    0.831917
    -1.04705
    0.559409
    0.732376
   -0.238348
    0.919371
    0.801114
    0.580298
      1.0433
   -0.643721
    0.463886
    -0.71685
   -0.818447
   -0.862613
    0.455001
    -1.78513
   -0.730828
   -0.792217
    0.657694
   -0.741127
   -0.342016
     1.23159
    0.739306
    0.704929
    0.582029
   -0.680687
   -0.330296
     1.09675
    0.653237
    -1.97968
   -0.694284
     0.22674
     0.63279
    0.142637
   -0.243233
   -0.354811
   -0.178082
    -2.06792
   -0.202726
   -0.303873
   -0.300979
     4.80674
    0.167127
    0.205134
   0.0596449
    -1.89465
  -0.0489391
   0.0726882
      1.0978
   -0.200474
     1.91222
     -1.1382
  -0.0500071
  -0.0529104
   -0.507635
   -0.188567
     -1.3245
     1.56782
    0.341732
     2.71572
    -1.34915
    0.493777
    0.461296
   -0.397907
    0.694377
   -0.290657
    0.485124
     1.23255
   -0.577655
   -0.393229
   0.0914731
    0.794128
   -0.569504
    0.869787
    0.959394
     1.38781
    0.386598
   -0.561384
   -0.287584
     0.61961
     2.40065
      1.9602
    0.457846
    0.629246
     1.51428
     1.10667
   -0.804144
     4.67634
    -1.65272
     4.65138
    -1.29825
     5.19197
     4.19747
     2.19523
   -0.600925
    -1.35166
   -0.135187
   -0.883596
    0.544374
    0.563102
    -2.20207
     2.17277
    0.651043
     2.50563
     1.21806
   -0.420598
     2.42533
    -1.30193
      3.7924
     2.28942
    -1.30967
     2.21872
     4.21136
   -0.799321
    -1.20338
     3.15606
    0.787869
   -0.864527
     5.08161
     2.76798
    0.969712
     3.78244
     2.15249
    0.466887
   -0.379209
    -0.97549
    0.998005
    -1.41095
    -1.34263
    -1.82839
     5.11548
     3.97942
    -4.56164
    -2.21279
     2.27995
     1.44333
      1.0749
    0.512746
   -0.570035
     2.02745
    -2.17206
   -0.515319
     1.85596
    -2.20799
     6.79762
   0.0951672
     7.10281
    -4.62166
   -0.220546
     8.88638
   -0.563551
     5.69326
    0.232455
    -4.80512
     9.06738
     6.61779
    0.589101
    -2.24513
    0.793829
    -1.14698
   -0.785603
    0.959754
     6.45411
    -0.62193
      11.163
      10.718
   -0.802053
    -2.19282
    -5.32065
    -3.55382
   -0.193013
     10.7101
    -5.07535
    -1.47233
    -1.27262
    0.922528
    0.174944
   -0.206026
     3.34929
 -0.00884415
     4.50332
    -2.33558
    -2.41376
    0.667375
     1.20376
    0.117198
   -0.359652
   0.0912909
     1.53152
     3.30282
   -0.383049
     5.92595
      3.8104
     1.81928
    0.718443
    0.441068
     5.09345
     1.13818
   -0.898177
   -0.314931
     1.89606
     1.01124
   -0.947415
   -0.698584
     3.11403
    0.471148
      1.6739
     1.10171
   -0.297561
    0.470426
     1.99927
    0.213847
     1.01597
    0.334716
   -0.473416
    -0.54886
    0.239908
     -1.1558
    0.890603
    0.390029
   -0.607207
   0.0910127
    0.740296
     1.56464
    0.915923
    -1.95507
   -0.713601
    -1.79424
     0.32825
     1.18335
   -0.278131
     1.13102
   -0.420477
    0.181294
     3.35124
     1.03571
   -0.314331
  -0.0241947
     2.28527
   -0.498591
    0.439808
  -0.0582474
   -0.120388
     1.36947
   -0.319743
     -2.2683
     3.09227
     4.74833
   -0.915702
    -1.91724
     3.79745
    -3.17846
   -0.919269
    0.915397
     2.28686
     3.57456
     6.94189
     3.71536
    0.824537
    0.732329
   -0.937597
     5.08486
    -1.92594
   -0.386235
    -2.75613
     4.83293
     -1.9887
     4.11807
     1.98585
   -0.624584
   0.0975858
   -0.258283
    -2.50358
    0.517413
    0.206068
     -0.3297
    0.585467
   -0.279229
     9.01832
     2.01267
   -0.368611
    -1.39042
    -1.68487
    -2.42825
     5.76324
    -2.88854
    -2.05269
     5.81776
     -2.6075
    -1.50371
    -1.13525
    -4.70842
     10.3394
     0.61334
     2.06458
    0.815943
   -0.802243
    -1.07534
    0.560411
   -0.678104
     6.72149
    -4.15728
    -1.22306
    -3.16583
    -2.91864
     6.61748
    -1.26563
     6.64713
     2.87445
     4.56387
    -2.23788
      0.8344
     6.00896
     2.13718
    0.528582
     1.87077
    0.185483
     1.21069
     1.02203
     1.40758
    0.344471
    0.892888
   -0.257187
     1.12903
   -0.561499
     1.28453
    0.597451
   -0.351071
     0.47251
     2.06183
    0.260421
     0.44329
     0.04563
   -0.866993
     1.26439
   -0.478982
   -0.108672
     1.17665
   -0.199098
   -0.292447
    -1.79041
    0.499496
    -1.36748
   -0.394674
    -2.09521
    -1.99371
   -0.216757
   -0.512938
   -0.337593
    -1.27183
   -0.161362
    -2.22258
     1.90866
    -4.51377
    -6.60626
      1.5345
     11.2472
    -1.81397
    0.701368
     3.26915
    0.311413
     3.58184
     3.01979
     2.88621
    -1.53818
   -0.430246
     0.86532
    -1.51301
      -11.49
     8.06534
   -0.614638
   -0.847943
     1.96097
    0.859258
   -0.403585
     11.2254
     9.02186
     1.38026
    -0.47361
   -0.184065
   -0.172895
    -0.13429
   0.0999731
   -0.322594
  -0.0499445
    0.123608
   -0.132603
    0.341146
    0.171739
    0.808911
   -0.053716
     -2.5493
    -1.98525
    0.762757
     1.08594
    0.724573
    0.308467
    -1.62167
     3.97619
      4.8689
     4.49993
   -0.653627
     2.37337
    0.413183
     3.42442
     2.43414
     3.11966
     2.48372
    0.966155
     1.80731
     2.30278
     1.63142
     1.92934
     1.82362
   -0.297549
    0.600936
     1.76735
     1.21335
    0.849729
     9.65751
     5.06484
     7.18556
     9.11068
     6.69942
     4.85253
     7.98264
     8.08615
     5.14232
     3.06283
     4.14385
     1.22465
   -0.271393
     1.96815
     4.28259
     3.95439
      2.8636
     3.40229
     1.78408
    0.948019
     0.96352
   -0.871963
    -1.17784
   0.0310598
   -0.192282
   -0.526133
  -0.0917323
    -0.45243
    0.554602
   -0.363285
   -0.450516
   -0.248187
   -0.267515
   -0.136129
    0.248857
   -0.118275
 -0.00688247
    0.912584
    0.828326
    0.909676
    0.753766
   -0.242093
   -0.492781
     2.45027
    -0.10757
   -0.294485
   -0.160028
   -0.604384
   -0.214975
     1.88174
     2.12148
   -0.499904
    0.113598
   -0.916087
  -0.0478549
   -0.794747
    0.360847
    -1.43511
    -1.26072
     5.67276
      7.5601
     2.32018
     10.3526
     7.90574
    0.651435
     3.67823
     5.09319
     8.64107
     7.01264
     1.86131
     3.72779
     7.76748
     11.1327
     10.3947
     12.9385
     13.4084
      13.525
     13.2119
   -0.673751
      1.1066
     0.81268
     2.47058
     8.44898
     5.52863
     4.28925
      12.037
     3.88983
     10.1615
       6.133
     5.93745
     7.22758
   -0.361775
     1.47541
    -1.86905
     3.07552
     1.98774
   -0.813445
   0.0564872
    0.831706
   -0.338577
    0.732793
    0.882867
   -0.596109
    -1.24319
     2.14439
     1.72893
    0.658506
    0.461832
     1.94396
    0.341562
    0.784274
     5.31898
    -3.09599
     2.53819
    0.603909
     2.84791
     6.78156
      2.9737
    -3.79599
    -1.62411
     8.97317
    -4.23889
    -4.26597
    -1.16107
    -1.24943
    0.694463
     1.01764
    0.708506
    0.281878
    -3.76721
    0.966494
    -0.32209
      -1.098
    -1.05456
   -0.658394
     4.96116
    -3.41287
    -3.06498
     -0.5202
    -2.87593
     8.02761
    0.112295
    0.769552
     6.75683
     0.96505
     1.86931
     2.35266
     1.81567
    -1.97674
    0.909852
    -1.07964
     3.24669
    0.765513
     1.52635
     0.92641
     1.05022
   0.0223859
   -0.159758
    0.237095
    -1.22638
   0.0845892
   -0.390962
   -0.982484
   -0.447675
   -0.480135
    -0.59013
    0.407768
     2.77463
    -1.98428
     1.11872
     4.62979
    -1.37876
    -1.20643
    0.264066
    0.391387
     1.44095
    0.185934
   -0.296872
     5.81758
     1.44337
     2.12496
     10.0206
   -0.478179
    -3.01168
   -0.592737
     -3.4627
     12.3142
     5.97675
    -1.26773
  -0.0990754
    0.354444
     1.45751
    -6.82606
     9.97784
     8.38351
     8.76518
    0.962422
     8.78063
     10.0859
     1.51481
    0.562068
   -0.167394
     -1.8885
    -2.09211
   -0.136817
   -0.133058
   -0.312233
   -0.413315
   -0.495512
    -1.22434
     5.06186
     2.03922
     1.93194
     1.02245
   -0.102337
   -0.918384
   -0.263225
   -0.196076
   -0.115272
     2.79621
    -1.01632
  -0.0155919
     1.73596
     3.06563
     12.7197
     0.86882
    0.490931
     6.77411
      2.6975
   -0.283987
     2.17467
     5.66445
      6.2797
     1.61408
    0.182634
     2.94209
     2.44843
    -1.43561
     1.09002
     1.47477
 -0.00548666
    -1.03606
   -0.685127
     4.93353
   -0.105392
     1.47925
    0.635422
    -2.86144
   -0.942497
    -1.29432
     5.27796
    0.789752
    -4.25895
    -0.99014
     2.85889
      0.2264
     3.57611
   -0.718095
    0.774141
     1.00781
     -3.4907
       2.066
    -1.07701
    0.461039
     3.69702
     2.21304
    -0.94976
    0.952135
    0.385508
     3.64458
   -0.384733
   -0.316077
    -0.20542
    0.335347
    0.340833
   -0.122682
   -0.915413
     3.10819
      5.1019
     1.21136
   -0.166535
  -0.0390947
     -0.5661
    0.560187
      1.4103
    0.873391
      3.9629
    0.866743
   -0.547227
    0.509127
     2.26842
    0.224806
    -1.33908
   -0.684203
   -0.902105
      3.2572
     -2.1766
     3.99095
   -0.892768
     0.77396
     3.38409
    -2.46341
    0.416624
    0.918397
    -1.64375
    0.846758
    -1.27862
     1.40084
    -1.08298
     5.41559
     4.61282
     1.03261
    0.338803
    0.973612
     2.18318
     2.58124
     -1.9505
   0.0429654
    -1.89933
   -0.149174
     4.95973
     0.25093
     4.83976
     7.53495
    -2.11381
     4.09498
    0.290574
     2.75361
   -0.999891
    -1.29436
    -2.41276
     2.69986
   0.0930425
    -1.41839
     -1.0641
  -0.0644094
    -10.8421
     -2.3576
    0.589506
     -1.4651
   -0.882185
    -1.36172
     6.25776
     1.46925
     6.03138
     2.65855
    -1.38947
     1.99002
  -0.0593119
   -0.168858
   -0.634125
     1.34846
    0.830684
   -0.935568
    -4.63986
     1.29105
    0.361893
    0.156613
    -1.04001
     4.31767
    0.172937
   -0.136024
     4.28359
     1.99836
   -0.439165
     1.78933
     1.43609
    0.435921
     3.17132
   -0.162503
    -3.63543
     3.23886
     5.00648
     0.84535
   -0.202395
   -0.137769
     4.71634
      0.9496
      -1.525
   -0.659729
   -0.404587
     1.35469
    -1.98418
    0.831155
   0.0721446
     2.02314
   -0.729338
    0.185112
    0.253158
   -0.526131
   -0.703506
    -2.19728
    0.923316
    0.372741
    -2.81864
    -1.38532
    -1.20349
   -0.426896
    0.966523
    -3.39264
    0.649366
     3.24952
     2.68944
    -0.11325
    -2.57271
      2.3312
     1.48406
     1.30417
     5.53336
     5.49866
    0.423941
    -3.86325
  0.00669661
    -1.10887
   -0.567309
     3.99351
   -0.687236
   -0.776035
     1.84706
   -0.647557
   -0.105141
   -0.190556
     2.62101
   -0.984833
     1.73408
     4.92165
    -0.72409
    0.294278
   -0.197135
    -2.27239
     2.58812
     2.25797
     4.23816
     1.52553
     1.88615
    -1.78245
     0.14223
   -0.407595
   -0.053269
     8.42676
    -4.32925
    -9.26903
    -0.84852
   -0.725216
    -1.09248
  -0.0808311
    0.190184
     1.01339
     7.97281
    -1.25441
     2.34823
   -0.592963
     2.46975
     1.31262
    0.161277
    -1.46817
    -1.19348
     4.11161
     10.7205
    0.703313
     3.57812
     5.68079
    -3.15045
     1.14465
    -10.6232
    0.227266
   -0.782026
     2.36589
     3.64195
     4.25332
    -1.25457
    -1.45758
     1.17925
   -0.805722
    0.208736
     1.07765
     1.46395
   -0.337977
   -0.177765
   -0.611809
     1.26309
     2.83083
     4.40266
   0.0168223
      1.9316
   -0.493152
   -0.236593
    0.235427
     5.36839
     4.99813
    -2.24942
     2.19308
     5.85811
     4.73664
     1.53609
     4.60801
    -1.36383
    -2.66239
    -1.59501
    -0.29815
     1.79656
    -1.32532
     2.26141
     1.11902
     5.38342
     2.58435
     5.50065
     1.50216
    -1.43319
     2.20757
     2.23326
      1.9476
  0.00999077
     3.31617
     -2.1111
     2.54834
     1.11041
    -8.32929
     8.02941
     5.10591
     13.3754
 -0.00186439
    -1.99973
      1.0942
     4.77519
     3.35103
    -1.64907
    -1.94468
    -1.44778
    0.779656
   -0.281848
     1.17035
     1.05255
     0.51535
    0.684049
    0.312225
  -0.0062435
    0.355082
   -0.157871
     2.47442
     1.10326
     1.21892
     1.34214
     1.38905
   -0.385749
    0.869254
    -1.87254
    0.334804
     1.02654
    0.526709
     4.01022
  -0.0932706
    0.152451
     2.73184
    -2.60224
    -1.68232
    -1.85088
     1.13334
     1.08864
   -0.309601
     1.03524
     0.50084
  -0.0762548
    0.223078
   -0.539862
   -0.170477
   -0.321355
    0.466008
    0.340291
     3.76869
     3.67353
     1.72195
    0.695605
    0.840913
    0.434894
   -0.321483
   -0.715603
    0.303147
   -0.260964
   -0.159883
   -0.198575
   0.0408159
   0.0187522
     4.99626
     3.43907
     1.61235
     2.16254
     2.00464
    -1.41769
   -0.481142
   -0.018762
     1.84911
    -2.61755
    0.418735
     2.11004
    -1.21565
     4.03924
     4.00884
      4.2111
     2.41693
     1.37855
    0.825075
    0.433321
   0.0158115
     1.17434
    0.537154
    0.295964
    0.625444
  -0.0200022
    0.371771
      1.1877
     1.28014
     4.75355
     1.01239
  -0.0548685
     1.77787
    0.557101
   0.0232954
    0.699246
    0.890879
    0.761375
     5.12982
     1.66529
     2.14928
     1.59254
     3.66897
    -2.36707
     2.01123
    0.928661
     4.43666
     4.14947
     2.85865
    -3.18544
      1.0355
     1.02432
   0.0909364
    0.775355
   -0.376909
      1.3031
     1.20216
  -0.0967592
    -2.49143
     2.08643
  -0.0764584
    0.661109
    0.274066
    0.308732
    0.187123
    0.259135
     3.67741
     4.33113
    0.125403
    0.694657
  -0.0970751
   -0.429243
    0.762431
    0.554549
     2.18619
     1.80124
    0.339037
   -0.224838
     1.35706
   -0.203092
    0.592661
     1.19068
    0.849467
    0.592189
     3.32096
    0.725207
   -0.295528
     5.04725
   -0.468821
     2.55734
     1.11408
    -1.03863
   -0.288826
     1.36196
      3.6685
    0.787362
    0.278198
   -0.605438
    0.853639
   -0.129049
  -0.0205855
    0.636288
    0.716367
     2.26186
     0.22118
   -0.312101
     2.12743
    0.419631
    0.391643
   -0.348508
     1.94552
     0.38723
    0.832733
     2.54457
   -0.108758
    0.183987
     1.64906
     2.81977
     3.67284
     1.59071
      1.2832
   0.0564759
    0.572171
    0.592559
    -2.20769
     3.56943
    -2.26729
   0.0773466
    0.215129
    -1.89182
     -1.4339
     1.59225
     1.65397
   0.0511069
     1.77027
     1.42437
     1.48881
     1.41251
     1.08428
      1.3596
     3.07264
     1.10424
    0.152595
     1.32383
    0.381054
 -0.00932307
    0.492657
      2.1603
   -0.369559
   0.0353242
    0.851483
   0.0965761
   -0.271461
    0.271265
     4.96207
  -0.0472759
     4.00836
  -0.0706914