   -2.76057
   -3.44799
    -2.8025
   -3.37596
   -2.81077
   -2.43772
    -2.2698
   -2.57979
   -2.16507
   -2.28015
   -2.81288
   -3.67599
    -1.6214
   -1.24825
  -0.793997
   -2.30472
   -1.96588
   -3.30791
   -2.82577
   -2.48426
   -2.10759
   -1.20167
  -0.759914
   -3.47222
   -2.02031
   -2.72076
   -2.27042
   -1.63113
   -3.28216
   -3.36363
   -2.03702
   -2.74829
   -3.09053
   -3.28191
  -0.332314
   -6.76618
   -4.00664
   -2.98601
   -3.98757
   -2.65176
   -2.42658
   -1.87324
   -3.16871
   -3.01696
   -2.03229
   -0.86778
   0.269465
   -6.36492
   -7.50418
   -1.68891
   -2.44065
   -3.07868
   -1.44012
   -2.19471
   -1.53778
    -2.4867
   -1.60808
   -1.26217
   -1.39703
   -2.44169
   -2.55156
   -1.32004
  -0.882042
  -0.713824
   -1.89391
   -2.86724
   -1.60282
  -0.648871
   -0.40829
  -0.687298
   -6.07495
   -1.00884
   -1.19743
  -0.782627
   -1.19281
   -2.13684
 -0.0850093
   -1.00258
    -3.0142
   -3.02029
   -2.63983
   -2.03207
   -1.71397
  -0.131354
  -0.970939
  -0.505587
    -1.4773
   -2.47826
     -3.057
   -3.10467
   -3.41021
   -2.76774
   -1.00293
  -0.669097
    -7.8768
   -6.51243
  -0.773526
   -2.02892
   -2.82552
   -2.45525
    -1.8325
  -0.865311
  -0.401957
  -0.611087
  -0.463716
      -3.16
   -3.08079
   -2.06594
   -1.89736
  -0.247203
   -0.20291
   -7.66702
   -2.62564
   -1.32742
  -0.824046
   -3.19425
   -3.31652
   -3.42764
  -0.591699
  -0.368045
  -0.806949
   -0.35856
   -6.25328
   -4.46773
   -3.13876
   -1.33709
   -2.15356
  -0.412138
   -2.51347
   -2.12633
   -1.04762
  -0.523231
   -1.58135
   -6.37614
  0.0321123
    -3.0847
   -3.18244
   -3.41646
    -2.8469
   -2.36852
    -1.3976
  -0.687869
   -1.66377
   -8.19588
   -6.71947
   -1.02174
   -3.20855
   -3.41463
   -3.49036
   -3.15312
   -2.21418
   -2.16924
   -1.66212
  -0.699447
  -0.432261
  -0.627322
   -2.21738
   -4.48552
    -3.3958
    -3.5113
   -2.76262
   -2.09993
   -1.93204
   -1.39252
  -0.450245
  -0.726189
   -2.62601
   -1.16493
   -8.37167
   -6.72264
   -1.26291
   -3.23719
   -3.53528
   -2.73669
   -2.36974
   -4.24719
   -2.74309
   -2.43751
    -3.3602
   -3.46756
   -3.33714
   -1.35317
  -0.842619
  -0.785789
  -0.543863
   -1.60411
   -4.94321
   -1.24339
   -1.81701
   -2.22923
   -3.09327
    -3.6032
   -3.42447
   -2.53181
   -2.21475
   -2.12496
   -1.40273
  -0.579785
    -2.8986
   -2.11402
   -2.88702
   -4.67594
   -6.87345
   -2.83617
   -3.06304
   -1.95996
   -1.53605
  -0.893149
  -0.466077
   -2.49697
   -8.82474
   -8.61611
   -2.87528
   -2.74922
   -3.66042
   -3.39642
   -1.93018
   -1.52044
   -1.77626
   -2.18173
   -2.05751
   -1.82608
    -4.8711
   -3.83595
   -4.63178
   -3.38798
   -2.96339
   -3.36421
    -3.3933
    -3.5388
   -1.94959
 -0.0819502
   -6.99298
   -6.31851
    -3.5833
   -2.43999
   -2.67512
   -3.34804
   -2.61622
   -1.39643
   -1.72723
   -1.82527
   -2.66308
   -4.35114
   -8.64625
   -3.49412
   -5.18232
   -3.43475
   -3.27297
   -2.96985
   -3.18151
    -3.5656
   -3.66473
   -3.20372
  -0.158171
 -0.0180745
   -2.17249
   -1.65825
   -4.93045
   -3.35056
   -2.82504
   -3.23673
   -3.29618
   -2.73649
   -3.50896
   -2.56375
   -2.00175
   -1.82339
   0.534491
   -1.97956
   -6.27634
   -3.38473
    -3.3179
   -2.53578
   -4.03294
   -1.16878
   -3.26744
   -5.21357
   -6.50771
   -3.29907
   -3.21778
    -3.7975
   -3.41051
   -3.09648
   -2.33781
   -3.65105
   -3.94774
   -4.05426
  -0.580552
   -1.40435
   -1.25345
   -1.07097
   -8.80824
   -3.87652
   -5.52131
   -7.29775
   -2.75904
   -3.35417
   -3.57734
   -3.01687
   -3.31108
   -3.46441
   -3.52351
   -2.55785
    -1.9124
  -0.177263
   -8.74736
    -4.1661
   -3.06498
   -2.12286
   -3.15821
    -2.8372
   -1.17587
    -1.5009
   -8.60722
   -7.14949
   -3.09842
   -3.30455
   -3.30826
   -2.91888
   -2.99357
   -3.68656
  -0.143803
   -1.02493
   -6.96994
   -3.24387
   -2.99211
   -3.49632
   -3.71505
   -3.30563
   -3.07126
   -1.90691
  -0.259122
   -5.23842
   -2.70625
   -1.82906
   -2.40258
   -2.52841
   -3.10285
   -4.62223
   -3.33115
    -3.7196
   -3.65866
   -3.20088
   -1.10966
    -1.4426
   -4.82505
   -6.31515
   -1.82122
   -2.52976
   -3.15748
   -2.81192
    -3.1638
   -2.48662
   -3.31698
   -2.12462
  -0.832928
   -8.26275
   -2.47604
   -3.70922
   -1.94988
   -1.82395
   -2.25959
   -2.95664
   -8.17105
   -4.20051
    -3.4914
   -2.93653
   -2.82532
 -0.0308084
   -6.09832
   -7.08422
   -4.01602
   -1.94727
   -0.46603
   -1.40465
   -1.52281
   -4.26718
   -3.67689
   -2.41581
   -2.12147
   -2.07406
   -2.92902
   -2.83819
  -0.989587
   -5.08124
  -0.950462
   -1.50098
   -2.31998
   -2.51172
   -4.00286
   -4.97044
   -2.26768
   -3.08394
   -3.03338
  -0.245471
   -0.89918
   -4.12544
   -2.35709
  -0.877468
   -1.54045
   -4.14201
  -0.674094
   -6.64358
  -0.456151
   -1.64061
   -5.35687
   -2.77526
   -2.82944
   -3.24279
   -4.58452
   -8.72612
    -8.2551
   -1.43298
   -1.73725
   -4.37273
    -3.4217
  -0.675576
    -1.0277
    -1.2223
   -1.78677
   -8.51292
   -2.32311
  -0.030613
   -1.89923
  -0.413271
     -1.634
   -2.23458
    -2.8855
   -2.99577
   -6.53896
   -1.99789
   -6.20732
  -0.636235
  -0.813998
   -4.44076
   0.170422
  -0.390875
    -1.7037
   -2.19619
   -3.52369
   -3.31621
  -0.271191
   -2.52348
   -3.40165
   -1.22057
   -2.26376
   -3.17438
  0.0554216
   -1.25683
   -2.39387
 -0.0279841
  -0.570976
   -7.45291
   -5.06453
   -3.24892
   0.345293
  -0.747491
     -3.319
   -1.80733
   -8.22377
  -0.444448
  -0.736072
   -1.80913
   -5.63639
   -2.14368
    1.07568
   -1.75677
   -1.66902
   -6.41884
   -8.72692
    -1.9693
  -0.776503
   -1.37239
    -1.7239
   -3.48249
  -0.973523
    -2.8937
   -4.43333
    -6.2546
   -2.65677
   -5.75476
  -0.103373
  -0.335663
   0.161495
   0.803388
   -1.89448
   -2.59907
  -0.707806
     -1.704
   -5.16009
   -4.04296
   -1.65498
   -4.01563
  -0.657963
   -4.88784
    -3.5381
    2.09287
  -0.925338
    -3.0678
   -3.87764
   -1.28546
    -1.7748
   -2.31101
    -1.8593
   -1.50823
  -0.911269
   -4.57766
   -5.93362
   0.435128
    1.93322
     2.4871
   0.261139
  -0.378746
   -1.11558
   -1.63138
   -1.06749
   -7.32944
   -6.75624
  -0.501929
  -0.198242
   0.491279
   -1.81529
   -4.33493
    2.84534
   -3.13361
     -3.786
   -6.65401
   -2.59717
  -0.187676
  -0.535612
  -0.816434
   0.701764
    0.90111
   -2.62197
   0.561812
  -0.159222
   -2.12239
  -0.903839
   -1.47561
     -4.269
   -9.43166
   -7.80976
   -2.96873
    1.12448
    1.97692
     1.1936
  0.0337819
  -0.284299
   -1.00221
   -1.14261
   -1.68086
   -2.61539
   -5.12177
   -8.66016
  -0.525497
    -2.5568
   -1.85946
    1.82755
    -2.4518
    2.44994
   -4.22591
   -3.94783
   -4.42311
   -1.17035
   -1.51178
   -0.79311
  -0.428341
   -0.79638
  -0.520598
   -4.58693
   -5.37682
   0.539452
   0.158454
   -1.03283
    -2.1317
   -3.48122
   -1.36707
   -4.88499
  -0.597054
    1.54322
   -4.11737
    2.38263
    1.09493
  -0.314351
   -5.47449
   -1.56324
   -8.81613
   -6.54679
  -0.942556
  -0.908198
  -0.818379
   0.184499
    1.33581
   -4.38398
   -2.07244
   0.824818
  -0.564722
  -0.808117
   -1.79843
   -3.70484
  -0.135866
   -4.89382
  -0.713562
  -0.746621
  -0.224812
   -3.19818
   -5.60989
   -5.02565
   -1.55391
   -1.73628
   -1.81895
   -2.35048
   -8.37545
  -0.870255
  -0.945507
  -0.431657
   0.205375
    1.44634
   -2.73747
   -5.25522
   -2.72888
   -2.01877
   -4.72633
   -5.36786
   -1.59337
   -8.01822
   -7.64121
   -4.32707
  -0.767345
  -0.832621
   -1.29677
   -1.61401
   -1.39002
   -1.73412
   -1.69858
   -5.28343
   -1.54108
   -4.29561
   -6.64138
   -5.95782
   -1.50756
   -5.75039
   -2.49564
 -0.0307076
    1.76163
  -0.389828
   -1.53963
  -0.949316
   -1.41513
   0.227399
   0.764358
  -0.552294
   -5.80732
   -6.27231
    1.85248
    1.60282
  -0.706393
   -1.80028
  -0.593431
   0.776625
    -8.9127
   0.216124
   -2.91233
    0.77685
   -1.41708
  -0.865249
   -6.81283
   -5.93638
   -1.50895
   -1.88827
   -3.70132
   -3.56038
   -1.53535
   0.381776
  0.0462372
   -8.18425
   -13.6847
   -13.5402
   -5.79565
    -1.0875
   -0.10528
    1.01348
   -3.35096
   -2.05367
   -1.21359
  -0.957359
   -2.12407
   -5.24004
  -0.923902
  -0.596407
   -5.10882
    -4.5059
   -6.74734
   -2.01743
   0.809756
    0.80124
   -4.57965
    -2.9929
   -4.06435
   -2.53687
   -8.53598
   -7.65868
   -6.88261
   -6.34996
   -1.74122
   -1.78574
   -1.70492
   -2.04527
    4.45501
   -1.42613
   -1.12921
   -6.66065
   -5.84938
   -4.29131
   -4.01979
  -0.155777
   -3.21094
     -1.156
   -6.23261
   -4.97159
   -7.53825
   -6.59488
   -4.34544
   -1.49488
   0.486023
   -2.52778
   -1.81786
   -10.9719
  0.0146635
    -4.8112
   -1.53673
   -1.98682
   -1.73815
   -2.25995
   -3.79011
    1.27868
   -1.15427
    1.24235
    1.47724
    -11.338
   -12.3406
   -1.49029
   -2.21059
   -3.16793
   -1.14376
   -1.15109
   -1.20563
    -2.0243
   -1.86309
   -2.33478
   -6.55147
   -7.77083
   -7.75337
   -1.76527
   0.982544
   -6.46817
   -2.71627
   -1.63586
   -2.19868
   -7.23545
   -2.14678
   -2.05833
    0.80967
    -3.2638
  -0.409313
   0.459346
    -6.7053
   -11.0017
    -3.8685
    -5.0877
   -2.26997
   -2.96021
   -5.73327
   -2.27221
   -1.22488
   -4.03733
   -7.07046
   -1.96346
   -5.82408
   -2.58479
   -2.81209
   -3.10514
     -4.162
   -5.37754
   -5.10131
   -3.00415
   -9.34319
   -2.30876
    -3.1773
   -4.46611
   -5.83648
   -7.63049
   -2.81813
   -1.59623
   -1.10768
   -2.83093
  -0.925456
     -4.583
   -9.83044
   -2.34665
   -7.09968
   -2.37553
   -3.56846
   -14.0543
  -0.637083
   0.481083
   -1.12143
   -3.76356
   -4.35718
   -5.76552
   -4.77637
    -6.7127
   -9.13165
   -8.19801
   -1.65602
   -2.24389
   -2.43948
   -7.32502
   0.275049
    2.76976
   -2.19166
   -9.55163
   -1.65887
  -0.828622
  -0.109898
   -5.21748
   -3.23104
   -6.49817
   -9.15572
   -9.27754
   -2.21338
   -2.34106
   -2.51509
   -2.30225
   -4.05057
   -6.62288
   -4.40482
   -2.56558
   -6.13548
   -3.12294
   -4.76654
   -9.70802
   -2.24724
   -2.30347
   -6.89358
   -6.07295
    3.05565
   -7.49341
   -10.4537
   -11.3244
   -3.04697
   -4.90552
    -5.3859
   -3.61828
   -2.45201
   -10.8339
   -1.43966
   -2.06173
    9.15176
   -2.16623
   -2.78437
   -7.34589
    -10.069
   -13.9657
   -6.51043
   -4.84468
   -5.65854
   -3.96328
   -1.91336
   -11.5731
   -8.38891
   -6.32256
   -2.13015
   -6.49845
    3.41655
   -4.18474
   -4.80376
   -8.52231
   -1.02717
    -2.1829
   -7.12395
   -2.02543
   -8.77378
   -1.90205
   -6.54892
   -6.48727
   -11.3201
   -11.3483
   -2.37547
   -5.08433
   -7.55797
   -2.98389
   -5.96739
   -7.43456
   -7.07812
    5.70001
    4.96769
    -1.2959
   -9.17575
   -10.6925
    -8.6471
    -6.6406
   -3.66666
   -4.16335
   -11.6378
   -2.30664
   -5.86223
   -11.0061
   -15.5364
   -11.1586
    -7.3877
    -5.3522
    -3.6585
   -1.83818
   -2.44372
    11.3676
    9.55582
    7.50673
   -8.03097
   -6.87135
   -9.41058
   -10.2699
   -5.11137
   -3.92328
   -4.60083
   -5.51002
   -3.80256
   -2.49426
   -8.88223
   -7.39397
   -6.49256
    -1.8324
   -4.89063
    6.64655
    7.36582
   -7.14756
   -8.71178
   -11.1414
   -12.0952
   -6.72102
   -2.47171
   -1.22472
   -1.70035
   -5.69687
   -5.91997
   -6.46729
   -5.91588
    7.04102
   -11.3938
   -4.50774
   -5.91906
   -6.90132
   -3.08498
   -7.89458
   -4.52673
   -1.82811
    3.68799
   -9.76768
   -11.5753
     -5.055
   -8.91864
   -11.0787
   -8.54554
   -7.03757
   -4.39266
   -12.9222
   -5.76646
   -1.45695
   -1.55276
   -3.80657
   -9.25139
    -11.564
   -12.5279
    -11.555
   -11.1815
   -14.4269
    -6.0545
   -4.34873
   -9.87181
   -2.41819
   -2.95125
   -4.89122
   -5.44154
   -5.97294
   -11.6195
   -12.2573
    -10.276
   -3.63913
   -3.05046
   -3.34084
   -7.76803
   -1.59652
   -1.37875
   -1.38574
    -4.2278
   -11.9061
   -1.84754
   -6.10695
   -6.48925
   -1.29561
   -8.10296
   -7.23429
   -9.96845
   -12.7326
   -11.6718
   -7.34116
   -6.32101
   -3.57321
   -12.3733
   -1.17164
   -13.6854
   -13.8756
   -12.8012
      -8.98
   -4.40985
   -1.33257
   -4.59783
   -11.1596
   -5.28884
    -2.4199
    -3.1246
   -14.1519
    -15.092
   -13.2782
    -12.201
   -8.89271
   -4.78162
   -4.43647
   -1.25104
   -1.21265
   -9.36672
   -2.88987
   -3.13999
   -12.5634
   -11.0841
   -8.75528
   -7.87639
   -1.18658
   -7.72217
   -5.13592
   -5.58764
   -4.34851
   -8.62548
   -1.00081
   -1.14182
   -0.94138
   -2.83774
   -6.96513
   -14.4335
   -8.80009
   -11.2288
   -2.28635
    -4.5654
   -6.22177
   -12.7119
   -3.77327
   -3.38507
   -6.51413
   -4.61283
   -8.66875
   -3.45483
   -1.24114
    -16.661
   -11.5209
   -6.10576
   -3.38031
   -4.61271
   -9.96394
   -1.28652
   -1.87351
   -2.79292
    -2.8671
   -4.18794
   -8.14189
   -9.49074
   -13.2569
   -8.14283
   -7.13287
   -6.88546
    -11.655
   -1.07105
   -2.53191
   -13.0569
   -16.6063
   -15.1188
   -12.5917
   -12.0871
   -9.62708
   -8.05219
   -1.75056
  -0.741228
   -2.42191
   -4.59273
   -10.8815
   -1.26685
  -0.937378
   -2.72669
   -9.96674
   -12.0499
   -10.8919
   -8.14305
   -4.92365
   -5.77701
     -2.305
   -6.60753
   -12.2895
   -8.01327
   -9.06912
    -4.2967
   -4.06796
   -7.94316
    -1.5946
   -1.33771
   -4.71419
   -14.2958
   -11.2846
   -12.2505
   -5.34756
   -3.67382
   -2.20026
   -12.3606
   -1.68539
   -9.98585
   -11.8828
    -6.3353
   -12.2659
    -9.6028
   -1.45862
   -1.55953
   -1.51748
   -2.79541
   -13.6058
   -7.05945
   -4.90494
   -2.02093
   -3.71663
   -2.16907
   -3.97243
   -4.46438
   -4.50289
   -7.40701
   -2.95665
   -3.37275
   -5.71967
   -1.74695
   -1.70278
   -1.76549
   -8.34538
   -12.4798
   -7.90718
   -6.44071
   -6.81111
   -6.45417
   -3.89382
   -4.48504
   -4.34057
   -1.90305
    -2.1061
   -2.94598
   -4.22535
   -10.6806
   -9.29446
   -11.6387
   -10.3686
   -4.06389
   -2.13539
   -3.56057
   -3.69193
   -9.70538
   -10.8568
   -9.34742
   -8.35785
   -4.89002
   -8.49137
   -8.43315
   -5.82062
   -4.94625
   -4.37304
   -4.09693
   -3.53386
   -5.40506
   -3.87941
   -7.20692
   -2.97348
   -3.63772
   -6.62759
   -11.7028
   -2.54702
   -2.66079
   -3.80325
   -5.13041
   -4.38077
   -4.48076
   -3.05354
   -11.1967
   -1.93152
   -1.56192
   -5.78243
   -4.63239
   -3.12767
   -5.83934
   -7.38821
   -1.33449
   -6.87958
   -4.75225
   -4.83191
   -9.20635
   -4.78334
   -3.41068
   -3.77954
   -1.67072
   -2.00505
   -1.96269
   -1.76102
   -1.30721
   -3.39118
   -7.09453
   -5.64999
   -3.98899
   -10.4376
   -9.82954
   -5.86781
   -3.32185
   -4.55262
    -3.5096
   -3.32227
   0.443647
   -2.18608
   -4.85607
   -5.78012
   -5.23422
   -2.57532
   -5.16769
   -1.94929
   -2.30598
   -6.61833
   -6.44298
   -5.11713
   -4.00775
    -2.7848
   -3.16146
   -3.69236
   -3.75876
   -1.72653
   -1.86438
   -5.85601
   -4.69496
   -11.1272
   -8.67564
   -9.46245
   -9.52358
    -8.0789
   -6.27386
   -5.69407
   -1.30325
   -5.17674
   -4.89679
   -4.11004
   -11.8785
    -4.1733
     -2.182
   -2.67508
   -3.83454
   -7.50198
   -5.80394
   -3.72933
   -1.21846
   -1.13875
   -3.00754
   -4.55412
   -4.95738
   -4.03769
   -3.14987
   -2.21229
   -8.25464
  0.0898374
   -1.97493
    -3.5815
   -4.65983
   -1.50357
   -1.47044
   -4.14747
   -2.94923
   -2.25796
   -2.32634
   0.873848
   -3.18098
   -1.83773
   -3.22013
   -9.55505
   -1.65298
   -1.54265
   -5.89421
   -2.13109
   -1.66127
   -6.03859
   -3.53719
   -3.96177
   -3.67975
   -5.30335
   -9.63862
   -3.99036
   -3.64276
   -3.11901
   -1.42818
   -9.76298
   -3.90976
   -1.36043
   -8.47231
  -0.982734
   -4.96164
   -5.66407
   -3.99502
   -2.45267
   -1.25214
   -12.3904
   -4.86401
   -2.15211
   -7.43648
  -0.954062
  -0.916926
  -0.826502
   -2.38986
   -3.38529
   -4.72739
   -2.95414
  -0.726715
   -1.65333
   -3.97308
   -2.01807
   -5.03153
    -1.5044
   -1.65293
    -0.9379
    -4.8285
   -1.56457
    -1.8934
    -1.4359
   -1.14117
  -0.745114
   -3.69715
   -7.08372
  -0.666814
   -1.16028
   -4.00182
   -4.38253
   -3.74268
   -9.00851
   -1.17662
   -4.58314
    -4.1987
   -2.97417
   -7.75204
  0.0850224
   -2.97072
    -2.9945
   -9.14324
   -1.20218
   -1.52916
   -5.41453
   -4.78955
   -1.66079
   -1.60365
  -0.611068
   -0.99277
  -0.844073
   -2.05628
   -3.73179
   -2.57069
   -3.44158
   -8.14275
  -0.735545
   -4.25947
   -2.61961
    -1.9217
    -1.4544
   -12.6458
  -0.469217
   -5.18247
  -0.236409
   -2.04366
  -0.373305
   -8.20818
   -2.75594
    -3.1968
  -0.856405
   -4.60682
    -6.7685
  -0.876435
   -5.50071
     -5.049
   0.253186
   -0.58951
   -2.29599
  -0.868728
  -0.482532
  -0.712086
   -3.47137
  -0.957647
   -1.93571
   -9.15554
   -8.86949
   -1.04901
  -0.767141
  -0.909278
   -1.05662
   -2.42665
   -3.53626
    1.23629
-0.00022873
   -2.26251
   -1.44742
  -0.190402
   -1.61299
   -3.80481
   -1.35186
   -7.78993
   -2.91062
  -0.801742
 -0.0654338
    -1.6532
   -9.98269
   -5.33469
   -2.37496
   0.300006
   -8.71059
   -1.09674
  -0.770901
  -0.923256
   -5.86043
   -5.47205
   -4.95768
   -4.45425
   -3.36729
  -0.399484
   -6.00883
   -10.0826
  -0.753031
   -2.84515
   -1.17487
   -1.46799
   -1.17099
   0.738834
    1.47641
    3.45455
     -1.565
   -2.51645
    -2.2104
  -0.347218
  -0.221522
 -0.0802818
  -0.726741
   -2.74036
   -1.50695
   -1.20312
   -6.30342
    -8.9654
  -0.929618
  -0.130141
   -2.94738
   -1.07429
    -0.1822
    -3.8417
   -1.44653
  -0.296164
   -2.96885
   -3.68736
   -9.05158
  -0.795414
   -4.70705
   -5.95712
    3.62078
    4.37253
   0.058299
   -11.4071
   -2.39349
  -0.687023
   -1.92299
   -1.02922
   -1.72769
   -3.68926
   -5.75827
   -1.82147
   -2.69086
   -3.83927
   -8.27796
  -0.615313
   -2.73757
   -2.00848
   -8.34368
  -0.488658
   -0.85174
    1.09886
  -0.575682
   -5.05807
    -8.8145
   -4.66764
   -3.33624
   0.915824
   0.334622
   -2.43987
  -0.507637
   -1.40473
   -3.94789
   -7.03463
   -7.93012
  -0.946871
   -1.14397
   -5.86834
   -6.18946
   -5.28555
    3.42869
    5.23262
  -0.112805
   -3.25011
    -2.1082
   -8.97591
   0.472604
   -3.90492
   -3.63694
   -1.88348
   -1.01806
   -5.60147
   -1.70581
   -4.92223
   -2.70915
    3.14017
    6.85972
    5.32051
   -3.30652
  -0.103099
   -1.51558
   0.732454
  -0.105789
   -1.43634
   -2.49616
   0.378911
   -3.39765
 -0.0495902
  -0.485098
    -1.2846
   -1.09325
   -1.07891
   -1.57303
   -2.13267
   -4.10215
    1.57027
   -8.76759
    1.64211
     1.1167
  -0.503155
   -1.68844
   -6.91259
   -1.11108
   -1.50993
    1.53854
   -1.32887
   -3.38473
   -2.64123
   0.475882
   -6.28404
    1.60905
   -2.24527
  -0.589652
  -0.788611
  -0.592539
   -2.38724
    -3.4123
   -2.00338
   -6.58287
   -6.64774
   -3.50156
    8.86996
     3.0695
 -0.0636886
   -1.19267
   -6.41254
   -3.54516
   -1.17215
   -3.83168
  -0.787549
   -7.34533
   -7.18026
   -1.53421
   -2.32673
    9.66778
  -0.455708
   -2.74377
   0.331683
   -2.69846
    -4.8189
   -7.30668
   -1.73054
   -5.23679
    6.63799
  -0.785879
   -2.74547
   0.146921
    -2.8931
   0.197525
     0.9171
  -0.593075
   -1.82748
    8.95314
    8.04585
    1.14281
   -2.22533
    -3.5355
   0.115448
   -0.83887
  -0.650088
   -4.29723
   -4.43998
   -3.06425
    2.13972
   0.755595
   0.386117
   -3.36606
   -1.61949
   -5.09571
   -1.84539
    3.61251
  -0.243762
  -0.559762
     2.0091
     -1.207
   -4.28987
    -5.1066
   -6.36419
   -1.23652
   -1.80279
   -6.05636
    5.97545
   -2.16973
  -0.943698
   0.203071
    0.19587
  -0.251671
  -0.373232
   -1.18986
   -6.60952
   -1.38758
   -1.78828
   -2.14683
    -3.0532
   -6.50323
  -0.154123
   -1.49107
   -1.66183
    1.08073
    1.69848
   0.438962
    0.41001
-0.00617892
   -2.19263
   -6.79741
   -6.21109
   -1.81495
   -2.25278
    5.57773
    5.53983
    2.07509
   -2.27516
   0.576797
    1.87385
    1.47257
   -1.50528
   -1.37289
   -1.94101
   -2.65553
  0.0230448
   0.359256
   -1.45274
   -3.18303
   -4.50014
    1.49823
 -0.0913665
 -0.0782762
   -5.69694
   -5.67763
   -2.04896
   -5.23027
   -4.78667
   -4.18209
 -0.0861594
     1.7018
    1.49977
  -0.269811
     -3.303
   -1.83809
   -2.91933
   -6.04632
  -0.379947
    5.16378
    7.36544
   0.578163
   -2.54171
   0.752991
   -2.98704
   0.268024
   -4.39689
   -4.42595
   -5.63322
   -1.77536
   -4.02632
    6.52494
    1.64019
  -0.304969
   -1.13498
    1.39933
   0.563451
   -2.99498
   -4.45179
  -0.979704
   -2.19127
   -3.26256
   -6.06333
   -1.79847
    2.56943
     5.3161
    2.24405
   -1.67967
   -2.03147
  -0.987687
   -1.39104
   -1.87664
   -1.94099
   -2.01348
   -5.61948
   -6.86198
  -0.688056
    1.34062
   -1.73424
   -5.32574
   -1.91087
   -2.68601
   -6.58766
   -1.16388
    3.64006
    3.91102
   0.960514
  -0.852898
   -0.35677
  -0.956794
   -2.01774
   -4.73286
    2.76139
   -3.71105
   -1.78115
   -7.38778
    2.81822
    2.82014
    4.88718
   -0.90317
   -0.38888
   -1.38425
    -1.7497
  -0.936552
   0.362266
    1.46562
  -0.815686
   -1.84853
     1.8847
    1.33921
   -4.18806
   -1.36159
   -5.61548
   -2.06361
   -4.14214
   -3.51137
   -3.57988
   -1.45853
    -1.4907
   -1.54326
   -1.65136
  -0.828272
  -0.638653
   -3.24662
    2.75809
   -1.72341
   -6.64853
   -7.77638
   -8.66933
    3.73405
   0.144269
   -3.08245
    2.78762
    1.88612
   0.710288
  0.0708082
   -1.23307
   -3.37888
   -7.76607
    1.99088
   -1.40612
   -1.45648
  -0.553802
    1.31523
   -2.61832
   -1.23639
   -5.26979
    1.62926
  -0.447626
   -1.87321
  -0.547323
   -1.33764
   -4.89104
   -5.14218
   -1.73777
    2.13552
  0.0854908
    0.11282
   0.707707
    0.61411
   -2.80018
   -4.47524
   -2.16835
   -4.42293
   -1.24712
   -1.29622
   -3.55943
   -2.15242
   -2.13774
  -0.861437
   -1.20954
   -1.72561
    1.43511
   0.794178
   -1.31501
   0.749138
    1.47541
    -1.5857
   -1.12483
   -4.04927
   -1.49899
   -1.27564
   -7.11028
   0.850744
   -2.35064
  -0.879223
  -0.453541
   -1.26135
   -1.95039
     2.0242
 -0.0580329
   -1.45381
   -2.82238
   -3.44826
   -1.15606
   -6.89464
  -0.446568
   -1.51815
   -1.10428
   -0.17677
   -2.33015
   -0.94812
   -2.11659
   0.862424
  0.0452111
   -1.23777
  -0.586683
   0.249955
   -3.78785
   -1.63148
  -0.687065
   -0.96657
   -7.59783
   -3.05711
   -2.97858
   0.769995
  -0.778372
    -1.6412
   -2.70554
   -1.02487
   0.767214
    -3.2421
   -1.02512
  -0.828786
   -1.18019
   -2.81293
   -3.22702
  -0.989975
  -0.814891
   -3.74242
   -9.07967
   0.763901
   -1.56557
    -3.7368
  -0.624045
   -2.97483
   -1.04497
   -1.66521
   -1.55233
   -3.01814
   -1.18889
   -5.73474
   -2.87238
   -1.61207
  -0.406876
   -1.52833
   0.275282
  -0.670637
   -1.98079
   -1.97642
   -2.54712
   -1.02637
  -0.903763
   -1.09208
   -8.31539
  -0.486472
  -0.504992
    0.13256
   -1.17507
   -2.65451
    -3.1375
   0.208747
   -1.13071
   -1.01151
   -1.03646
  -0.890767
   -1.60077
   -3.16929
   -2.52047
   -0.97292
   -2.53822
   -1.81775
  -0.185766
   0.241297
   -0.32855
  -0.988449
   -1.88562
   -2.26306
   -2.44334
   -2.78937
   -2.76955
   -2.49996
   -9.09547
    -0.9382
   -1.86621
   -2.07909
   -2.54876
   -1.98129
   -2.94715
   -3.67279
    -1.2684
   -1.98125
   -1.12173
   -1.07286
   -1.91039
  0.0169979
  -0.995118
   -1.70884
    -3.1076
   -1.05911
   -1.11183
   -3.66685
   -2.83868
   -2.10007
  -0.804399
   -2.04436
   -1.86417
   -1.80349
   -2.41279
   -2.93521
    -2.4898
   -1.15443
   -1.15125
   -7.35937
   -6.67272
   -1.73286
   -3.64075
   -1.80575
   -1.88978
   -2.37288
    -2.2547
   -2.72836
   -2.52593
   -2.20683
     -1.194
   -5.25649
   -10.1686
  -0.614391
  -0.533738
   -0.75743
  -0.511206
   -1.62479
   -1.59447
   -2.58882
   -2.34055
   -2.72497
   -2.19832
   -1.19073
   -2.37725
   -1.29458
   -9.09735
   -4.03464
   -3.85275
    -3.8642
   -1.38194
   -2.05073
    -1.6734
   -2.86119
   -2.39605
   -1.70573
   -1.35473
   -2.46298
   -4.10133
   -2.41792
   -1.73774
  -0.731941
    -2.2198
   -1.95345
   -1.16847
   -1.22351
   -3.29634
   -5.42256
    -2.5404
   -1.92415
   -2.35217
   -1.07773
    -1.3152
   -7.88037
   -3.38293
   -5.52677
    -5.6396
   -1.84563
   -1.34533
   -2.77589
    -3.0864
   -2.62718
   -2.08996
   -1.83334
   -1.01411
   -1.14381
    -1.3469
   -2.48095
  -0.985201
   -1.82365
   -1.87939
   -1.81035
   -2.28195
   -2.44802
   -3.00441
   -1.31953
   -1.17906
    -1.1389
   -3.39852
   -3.58474
   -1.83655
   -3.00751
   -1.04363
   -1.22257
   -7.49649
   -8.43808
   -2.64007
   -2.89387
   -2.58457
  -0.936229
   -9.00277
   -2.14622
   -2.15461
   -2.75357
   -2.78128
   -2.46952
   -2.34838
  -0.771336
   -1.19374
   -6.53246
   -3.74169
   -6.29621
   -5.79131
   -1.39319
   -1.96138
   -2.85376
  -0.811846
   -2.38657
   -2.30854
     -2.375
   -2.67733
   -1.56098
   -1.92074
   -1.29405
   -2.04513
   -2.53103
   -1.95455
   -2.03575
   -1.41385
   -1.07403
   -5.13442
    -5.1561
    -2.1063
   -2.20527
   -2.81782
  -0.778467
   -0.95159
   -1.30948
   -8.30517
   -4.58586
   -3.10701
   -2.89111
    -2.2871
   -1.73332
   -1.25676
  -0.800601
   -1.21928
   -1.26827
   -3.16739
    -3.2677
    -4.4858
   -1.85316
   -2.52889
   -3.03729
   -1.39618
   -1.06802
   -1.09961
   -5.95102
    -6.7699
   -3.73118
   -2.47597
   -2.61678
   -2.71649
   -2.46358
  -0.784372
  -0.641299
  -0.856141
   -1.19035
   -2.74425
   -2.31829
   -2.66465
   -2.71232
   -2.71962
   -2.79308
   -2.10594
   -2.61394
   -0.61441
  -0.939112
   -4.03864
   -4.94579
   -2.72387
   -2.58199
   -1.81139
   -2.14505
   -2.27863
   -1.59188
  -0.422321
   -1.00547
   -7.96801
   -4.63336
   -2.56276
    -2.5776
   -2.36003
   -1.87586
  -0.282561
   -6.36096
    -2.9795
   -4.42094
   -2.52538
   -1.80529
   -2.10035
  -0.975759
  -0.469249
   -1.40312
   -4.29033
   -2.12632
   -2.67285
   -1.87754
  -0.943396
    -3.6385
   -2.10812
   -2.73232
   -2.53657
  -0.680767
   -1.21942
   -2.60531
   -3.38486
   -2.32159
   -2.63286
   -2.64863
   -2.39502
   -1.67234
   -1.78793
   -1.08865
  -0.169061
   -1.13225
   -2.13573
   -2.38327
   -1.56704
 -0.0318858
  -0.745924
    -1.3866
   -1.13457
   -1.01598
   -3.79176
   -3.32246
       -1.8
   -2.07854
   -2.29361
   -2.56259
 -0.0581134
   -1.33257
   -6.39318
   -2.05115
   -2.28266
   -2.66752
   -1.47731
   -1.48089
   -1.32106
  -0.746975
   -1.75304
   -1.93956
   -2.35711
   -1.66006
   -2.33632
   -2.31244
  -0.559491
   -1.00549
  -0.986742
  -0.978584
   -7.86365
   -2.32023
   -1.65438
  -0.945723
  -0.825432
   -7.62763
   -2.39769
   -2.43402
   -2.27182
   -2.02615
   -1.07114
  -0.892104
   -1.42626
  -0.814367
  -0.435784
   -2.49902
   -2.52548
   -2.10997
   -1.24457
  -0.633015
  -0.251234
  0.0440856
   -1.36213
  -0.555696
   -1.08663
   -2.29393
   -1.27664
  -0.890916
  -0.853231
   -1.20836
   -1.16536
   -1.10199
   -1.00003
   -5.54932
   -2.85569
    -2.2008
   -1.67543
   -2.04653
   -1.47944
   -1.29178
  -0.164701
   -1.38191
   -1.25804
   -1.58496
   -2.30534
   -1.87026
  -0.588322
  -0.116032
   -1.27141
   -1.25694
   -2.75101
   -7.60105
  -0.197668
   -1.25912
   -1.62273
   -2.22782
  -0.838846
  -0.781241
  -0.376486
   -1.16232
     -7.453
   0.395074
  -0.322761
   -1.15532
   -1.75446
   -1.69163
   -1.43995
  -0.712062
  -0.525078
  -0.243048
   -1.59337
  -0.151234
   -1.05252
   -1.75214
   -1.15644
   -1.60308
   -1.46531
   -1.42229
  -0.801763
   -0.74498
   -1.66352
   -1.30649
   -1.56096
   -4.97419
  -0.372418
  -0.615702
   -1.45921
   -1.51514
   -1.36112
    -1.1601
  -0.661761
   -0.41556
    -1.4015
   -2.58128
  -0.608376
  -0.703027
   -1.11795
   -2.31997
   -2.13393
   -1.94788
    -1.4591
  -0.987049
     -0.516
  -0.270901
   -1.63716
   -1.60522
   -7.26161
   -1.26755
  -0.258882
   -2.25954
   -2.21356
   -1.25112
  -0.591363
  -0.669471
   -1.46564
   -1.25746
   0.420683
 -0.0119888
   -2.20878
   -1.65402
   -1.25612
   -1.27196
  -0.952877
  -0.779534
   -1.17261
  -0.509443
   -1.72226
   -2.59718
   -2.04998
   -1.89018
  -0.376595
  -0.296343
   -1.61145
   -4.67845
   -7.76865
   -3.20586
  -0.114834
  -0.262135
   -1.21629
  -0.599932
   -2.27957
   -7.55096
   -5.94033
   -2.10597
  -0.521892
  -0.574534
  -0.095965
   -1.28689
    -0.6119
   -2.76828
   -2.37592
   -1.01214
   -0.88103
  -0.711685
  -0.624149
  -0.560456
   -1.43984
   -2.27754
   -1.65132
   -1.17785
   -1.50422
   -1.30044
  -0.159455
  -0.488783
   -1.67859
   -2.53052
   -1.39299
   -1.08578
   -0.92859
  -0.734901
  -0.597557
  -0.210074
   -0.36384
   -1.46269
   -1.46264
    -1.3849
   -5.59909
   -1.89918
  -0.174824
  -0.380456
   -1.90202
  -0.578656
    -1.8723
   -4.03636
   -3.82976
   -2.52928
   -2.41095
   -2.85242
    -2.7344
   -1.94019
   -1.43149
  -0.550188
   -1.29065
  -0.702315
  -0.246569
   -2.14396
  -0.621686
  -0.543658
    -1.2229
   -1.26433
   -4.23839
    -5.6067
   -2.85438
   -2.36786
    -2.0681
   -1.13426
  -0.672458
   -0.60365
  -0.619084
  -0.582007
  -0.406321
  -0.912194
   -1.25533
   -6.17492
  -0.906779
   -0.81176
   -1.21068
   -1.27931
   -1.46911
    -2.2419
   -5.19835
   -1.79766
  -0.982739
  -0.977685
  -0.685597
  -0.422986
  -0.614328
   -1.63687
   -1.07276
   -1.58804
   -2.20581
   -2.87325
   -2.62149
   -2.37579
   -1.79469
    -1.5961
   -1.04055
  -0.528841
  -0.623284
   -0.48131
   -1.09113
    -3.4302
   -1.39056
   -1.58137
   -2.92216
   -2.47726
   -1.20151
  -0.953569
  -0.776331
  -0.410993
   -1.77526
    -1.5144
  -0.843258
  -0.468225
  -0.469491
  -0.537086
  -0.632315
   -5.09621
   -5.78856
   -4.43654
   -3.53359
   -2.28333
   -2.68588
  -0.996893
  -0.741291
   -1.56029
   -5.13241
   -2.59404
   -2.35409
   -2.87088
   -1.87384
  -0.475144
  -0.661504
   -1.05028
   -1.25989
   -2.07597
   -1.71759
   -2.75539
   -2.89392
   -2.81304
   -1.51401
   -1.36391
   -1.16276
  -0.727555
  -0.491041
  -0.990346
   -4.04058
   -2.37086
   -1.97748
  -0.929634
  -0.923285
  -0.209623
   -4.45237
   -3.95533
   -1.78285
  -0.641432
  -0.209497
   -1.69715
   -3.01297
   -1.99338
   -2.40883
   -1.38302
   -1.02564
  -0.932281
  -0.487074
  -0.599675
   -1.30217
   -2.27411
   -3.02007
   -1.96043
   -1.95495
   -2.21258
  -0.543586
  -0.119512
  -0.205724
   -1.00133
   -3.64622
  -0.597795
  -0.199194
  -0.444185
    -2.6792
   -1.73422
   -1.17466
  -0.984545
   -0.38785
   -0.13331
    -3.0121
   -2.88586
   -2.27199
   -1.47244
  -0.622963
    0.16011
   -1.14078
   -3.01795
   -2.63112
   -2.28292
   -2.48753
   -1.20357
  -0.880665
  0.0932633
  0.0790083
   -1.10224
   -2.01222
   -2.34832
   -2.69475
   -1.72315
    -1.2933
  -0.350108
   0.169763
   -1.35161
   -3.13875
   -2.29373
   -1.08332
   -1.01203
  -0.764099
  -0.712227
   0.204427
   -2.56825
   -2.49347
   -2.47948
   -2.68755
   -2.22954
  -0.392327
  -0.122452
   -1.21189
   -2.21538
   -2.18728
   -1.71763
  -0.492809
    -0.4953
  -0.323898
  -0.168318
  0.0998326
     -1.492
   -2.55766
   -2.55402
   -1.76375
  -0.853208
  -0.620461
   -1.72089
    -2.2124
   -2.29882
   -1.35251
   -1.38946
   -1.24758
   -1.01305
   -1.81572
   -1.96434
   -2.39418
   -2.15808
   -1.19546
   -1.56881
   -1.78412
   -2.31645
   -1.66934
   -1.22608
   -1.01771
  -0.932706
   -1.33021
  -0.989252
   -1.06495
   -0.43969
  -0.811145
   -1.97695
   -1.58479
   -1.24352
   -1.31014
   -1.81266
    -1.9823
   -1.75525
   -1.17483
    -1.2398
  -0.767532
   -1.52549
   -1.53343
  -0.442941
  -0.632555
   -1.04334
   -1.19024
   -1.30411
  -0.871789
    0.72204
   0.425314
  0.0701138
   -1.29008
  -0.181579
   0.335415
  -0.754505
   -1.11419
       0.19
   0.129156
   0.191609
  0.0721737
   0.151738
  -0.333101
   -3.96086
   -3.98101
    -2.5587
   -3.06171
   -2.34978
   -2.63058
  -0.473738
   -1.39708
   -2.64767
   -1.65827
   -1.88776
   -1.76705
   -1.63425
   -1.64362
    -1.0593
   -3.05853
   -1.22274
   -1.89074
   -4.16156
   -4.76721
   -1.76917
   -1.67258
   -1.41178
  -0.923355
   -1.64407
   -4.51356
   -1.56469
   -1.22855
  -0.276663
   -1.41856
   -1.04767
   -1.86686
   -2.21989
   -1.63791
   -1.40311
   -1.36166
   -1.64581
 -0.0339187
   -4.74375
   -1.08552
    -2.1762
    -1.9189
   -1.22465
  -0.867411
   -1.01096
   -1.73929
   -1.29602
  -0.360313
   -5.80908
    -1.6587
  -0.629948
    -2.0264
   -1.95954
   -1.17859
  -0.795911
   -2.51874
   -1.94412
   -1.83402
   -1.03239
  -0.664925
   -1.77546
    -1.6154
   -1.00068
   -7.33301
   -2.42983
   -3.50526
   -1.77531
   -1.80731
  -0.667835
    -4.4353
   -1.50304
   -1.70503
   -2.22881
   -3.57661
   -3.32224
    -2.7397
   -2.44286
  -0.651949
   -1.03305
   -2.86471
   -1.14087
   -2.75639
   -1.28855
 -0.0186232
    -2.0718
   -1.90644
  -0.985553
   -0.68324
   -2.90265
    -1.2549
   -3.18292
  -0.299504
   -2.83513
  -0.743886
   -2.68361
  -0.828505
  -0.819536
  -0.747038
   -1.36695
    2.44329
   -1.15493
   -1.62487
    1.08719
  -0.576422
   -1.42613
   -1.51936
  -0.274097
   -1.41081
    0.74314
   -2.42985
   -1.19253
  0.0748385
  -0.291058
   -1.56126
   -1.49825
   -1.11017
   -3.21919
   -6.21517
   -6.46934
   -8.86075
   -11.9742
   -6.55544
   -1.64556
   -2.98584
   -4.53762
  -0.570449
   -2.51324
    1.57582
   0.176284
   -9.82943
   -3.66304
   0.819101
   -4.34569
   -8.00479
   -5.15027
   -3.09357
   -4.22899
   0.303224
 -0.0605717
  -0.513138
   -3.99139
   -3.37314
   -5.03044
    -5.2863
   -3.21014
   0.766207
    5.24372
   -8.81815
    -1.3267
   -1.22078
    -12.393
   -5.80919
   -9.72827
   -4.91075
  -0.667166
    -1.6535
   -1.71989
   -4.60809
   -2.20024
   0.441331
   -2.78348
   -3.99429
   -6.28382
    -2.4385
    4.58418
   0.329558
   -2.50149
  -0.563444
   -2.25936
   -1.95704
   -1.68782
   -2.90322
   -4.62332
   -2.64466
      1.299
     -1.914
    -14.172
   -5.25003
    -3.0038
  -0.735012
   0.898397
    -2.5166
   -5.23995
   -5.48563
    3.11081
    2.82386
   -6.19405
   -8.54302
   -4.25249
   -9.09559
    2.88507
    2.06376
   -2.49438
   -6.38995
   0.570838
    -5.7916
   -4.01191
   -7.40969
   -4.85429
   -8.51977
   -6.49311
   -7.53729
   -10.8473
   -8.45806
   -4.65742
   -11.0453
   -13.1354
   -12.9551
   -5.84749
   -5.04121
    -1.3169
   -9.45126
   -9.79884
   -1.16542
   -1.36521
   -4.53022
   -5.59502
   -2.23569
   -7.45117
    -5.0958
   -12.1722
     -4.627
   -3.84838
   -1.25741
    -4.7557
   -1.80404
   -4.68829
   -1.62715
   -2.22406
   -6.14811
   -4.17652
   -4.93474
   -7.71345
   -4.39338
   -7.99823
   -4.45028
   -7.31777
    -7.2415
   -3.84424
   -3.38423
   -5.03173
   -3.30434
   -2.51288
   -2.52772
   -7.87113
   -4.86896
   -9.21517
   -1.12866
   -1.58983
   -1.62913
   -2.66954
    -1.1713
   -2.63235
   -7.80121
   -12.0604
   -8.22252
   -1.25669
   -3.20421
    0.92179
    6.21906
   -1.47692
   -3.47567
   -6.33238
   -4.63034
   -1.28958
    4.27226
  -0.492069
    -1.6351
   -2.25325
   -3.99403
    2.33372
   0.873894
   -1.46976
   0.608286
    -2.7942
    1.70406
   -1.46583
   -3.31841
   -3.72402
   -2.74762
  -0.539075
   -3.06491
  -0.949153
   -4.77325
   -2.68657
   -1.08034
   -1.05521
   -2.45265
   -2.78892
    -2.4228
   -1.09471
   -1.62174
   -1.58157
   -2.88232
     -2.082
   -2.51693
   -1.12502
   -7.17105
   -1.94127
   -2.59666
   -2.69858
   -2.80836
   -2.56294
    -2.6241
    -0.7264
   -1.25138
  -0.744584
   -1.16286
   -2.59258
   -1.90799
  0.0362641
   -5.76156
   -1.10521
   -1.45167
   -1.76669
  -0.247539
  -0.644406
  -0.683162
   -1.13891
   -6.28467
  -0.678214
  -0.602707
  -0.666258
 -0.0299633
  -0.170852
   -1.00703
  -0.872584
   -6.91531
  -0.582603
  -0.756219
  -0.450054
   -1.63235
   -1.02426
   -2.16675
   -0.97101
  -0.408054
   -1.22577
  -0.823399
   -1.93345
   -2.89758
    -3.3395
   -1.26671
   -2.22777
   -0.20897
   0.301437
   -2.55205
 -0.0152077
   -1.85653
   -1.75807
   -1.87831
   -1.64196
   -2.00236
    -1.3891
   0.300218
   -1.35361
   0.218975
   -1.04066
   0.713096
  -0.967169
   -1.05434
  -0.688217
   -1.10223
   0.488986
   0.286404
  -0.120616
   -0.69465
   -1.15145
    -1.9525
     -3.033
   -1.67404
   -7.78486
   -1.62731
   -2.61621
   0.266988
   -1.06257
   -1.04027
   -3.52765
   -1.84351
   -2.32922
   -2.23471
   -2.38906
   -2.73391
   -2.38925
   -2.45446
   -2.65492
  -0.609872
   0.130036
   -3.67263
    1.86754
   -3.38867
   -1.00601
   -1.39496
   -5.30252
   -2.86011
   -2.35447
   -1.87313
   -6.82276
    2.01595
   -1.04851
    -5.9457
    -1.4743
   -6.02529
   -9.12181
   -3.16258
   -6.11402
   -7.39649
   -2.17273
   -7.83839
   -2.50224
    -9.4748
   -3.39384
   -7.44307
    1.39361
   -3.31992
   -6.87405
   -4.39137
 -0.0199375
  -0.548392
   -1.81809
   -3.18558
   -2.44453
   -1.14438
   -7.20093
   -3.12556
   -2.48585
   -3.38776
   -2.19389
   -2.12739
   -1.39631
   -10.1201
   -4.12942
   -3.30186
   -3.61048
 -0.0156881
   -12.3873
   -11.4392
   -2.27806
   -2.79099
   -6.99268
   -2.65354
   -12.9848
   -1.45819
   -2.01676
   -1.20864
   -10.8396
   -9.75451
   -4.05366
   -4.63352
   -7.15066
   -5.84936
   -8.86248
   -10.0655
   -9.75189
   -4.73768
    -12.576
   -3.12706
   -3.78214
   -1.98628
   -4.03599
   -2.65466
   -1.26251
   -4.02361
   -1.29821
   -8.16174
   -7.97308
    -1.0334
    -1.7417
   -2.40057
   -3.20355
   -2.38472
   -2.51345
  -0.376848
   -2.07391
  -0.622479
    0.73322
    1.29978
  -0.722548
    -1.5379
   0.255214
 -0.0331561
   -4.90713
   -1.40216
   0.399975
   -1.19214
   -2.22638
   -1.23498
 -0.0531057
  -0.973031
  -0.735007
  -0.967728
   -5.45643
   -2.04345
  -0.755028
  -0.988108
   -1.63991
   -2.57626
  -0.844009
   -2.14821
   -1.18652
   -2.61233
   -1.95497
   -1.02923
   -2.56887
   -2.39701
   -1.64922
   -2.84414
   -1.09322
   -6.41671
   -2.47858
   -7.76768
   -1.04179
   -1.21971
    -2.3984
  -0.868579
  -0.760279
   -1.08666
  -0.515201
    -1.6707
  -0.999259
  -0.504548
   -2.44166
   -1.04677
   0.183502
   -2.25948
  -0.393334
 -0.0256684
  -0.706853
   -7.28348
   -2.42615
   -2.55718
   -10.3467
   -12.4122
   0.097218
   -4.86285
   -1.70786
   -2.91775
   -3.63105
    2.40911
    4.94686
   -4.26037
   -1.44346
   -2.68589
   -2.76369
   -1.39233
   -7.72373
   -2.01777
   -8.09121
 -0.0279886
   -2.73078
  -0.915166
    -2.7148
   -2.06878
   -3.47869
   -1.22924
    -3.4507
  -0.732429
   -3.68942
   -3.28671
    -3.5947
   -4.53654
  -0.631617
   -3.25713
   -4.65339
   -5.13516
   -2.51048
   -6.76248
   0.770226
   -11.7226
   -2.52809
   -1.10317
   -6.43658
   -3.91533
   -2.91197
   -10.8521
   -6.81871
   -4.78766
    -7.6833
   -2.62361
   -1.21423
   -1.99716
   -9.14514
     -9.591
   -5.13077
   -11.9371
     -2.359
   -3.84137
   -5.52811
   -4.38546
   -4.66811
    -1.0701
   -2.20601
  -0.485511
     -7.893
   -1.01669
     2.9386
   -4.20871
 -0.0710884
  -0.482087
   -3.98283
  -0.754565
   -1.16375
   -1.14667
  -0.317411
    -2.0159
   -4.28891
   -1.64124
  -0.861972
   -1.74905
   -1.08478
   -2.72701
  -0.438887
   -1.73681
   -1.52986
   -1.25726
   -2.40037
   -2.78425
  -0.993843
   -2.48393
   -2.12742
   -3.33388
   -2.24717
    -2.0082
   -3.60495
    -1.3373
   -3.42567
   -2.15879
   -6.94246
   -6.66845
  -0.958256
   -2.75213
   -1.04701
   -2.98198
   -1.45906
   -6.35904
   0.346217
   -11.0617
   -13.4047
   -4.33376
    5.27943
   -3.33205
   -1.79318
    1.25155
   -1.81368
   -3.06421
   -1.90113
  -0.548128
   -8.57986
  -0.633315
   -2.91806
   -2.08252
   -14.7928
  -0.531199
  -0.847347
   -3.66519
   -9.57001
  -0.746662
   -4.28599
    1.02239
    1.31047
  -0.146601
  -0.716078
  -0.729306
  -0.696472
  -0.707282
   -1.45184
  -0.980232
     -0.785
  -0.278882
  -0.285571
  -0.157859
   -1.21748
  -0.208971
   -1.29452
   -6.05103
   -4.63065
   -3.16832
    -2.5886
  -0.167601
  -0.227183
   -3.30752
   -3.09801
   -1.89513
   -1.66008
   -4.09726
  -0.909669
   -1.10444
  -0.753122
  -0.476257
    -1.5024
   -1.34731
   -2.06544
  -0.465819
   -1.09013
  -0.628131
   -1.52795
   -1.14303
   -1.31622
   -1.50826
   -1.08531
   -1.41376
   -1.06049
-0.00952579
   -4.08986
    -1.8179
    1.63159
   0.403011
  -0.246963
   0.619488
  -0.319084
   -1.41022
   -4.35591
   -4.36188
   -1.71553
    -3.4354
    -5.2665
   -4.44663
   -3.69129
   -2.87838
      1.167
  -0.703528
  -0.411957
    -2.3742
   -2.40231
   -2.03906
   -1.97852
   -1.01457
   -2.36048
  -0.989386
   -2.12696
   -0.56624
   -1.53731
   -1.39562
   -2.54085
   -1.77293
    -1.0064
   -1.47033
   -1.34477
  -0.626852
 -0.0887397
   -1.93689
    -2.6356
   -2.39512
   -1.42653
   -1.82979
    -1.6242
   -1.83555
    -2.1145
   -1.97932
   -2.70863
  -0.662036
   -1.27399
   -2.53408
   -2.03194
   -3.62084
   -2.35318
   -1.90551
   -1.65586
   -2.52329
   -2.26923
   -2.52433
   -3.97122
   -3.41064
   -3.03216
   0.932776
  -0.732135
   -5.05411
   -4.02938
    -4.5896
   -2.65275
  -0.167368
   -5.18519
   -5.07767
  0.0735945
    2.83794
     7.2779
    7.38534
    11.4721
    7.09759
    8.83594
   -6.37635
   -4.81738
   -5.97079
   -5.00158
    1.87201
     0.7945
   -3.44355
    5.52184
   -4.22352
     1.9155
   -3.26115
   -4.52417
    3.47093
   -2.39592
  -0.796135
    -2.9331
  -0.582069
   -2.07879
   -3.43887
   -3.14827
   -2.79395
   -2.49902
   -2.73793
   -2.58831
   -5.12249
   -6.08731
   -1.54352
   0.682872
   -2.38774
   -1.93638
   0.124043
   -4.68857
  -0.328348
  -0.263471
   -5.00043
   -1.54099
   -1.62609
   -1.45257
   -1.05807
   -2.98321
   -7.29507
    -5.4485
   -2.10514
   -5.75837
   -6.52497
   -4.81794
   -12.6861
   -2.95117
   -11.1826
   -11.9045
   -2.83024
   -8.57071
   -3.74202
   -1.42078
   -1.41429
   -1.53421
   -7.13429
   -3.95599
    -10.187
   -9.32204
    -3.9684
    -8.9017
  -0.930335
   -4.78691
   -1.02403
   0.129366
  -0.755763
   -0.23866
   -4.48763
  0.0991578
   -3.08118
    -1.3804
   -6.85062
   -3.09386
   -1.71459
   -1.07035
   -1.75827
   -1.43235
   -1.25003
  -0.925446
   -4.09431
   -2.49557
   -2.12191
   -2.03993
   -2.16189
   -2.34983
   -1.76399
  -0.783278
  -0.125592
  -0.744155
   -6.15443
  -0.915062
  -0.611326
   -3.31248
   -2.76177
  -0.708602
   -1.07604
   -1.62059
   -1.61078
  -0.401054
   0.501199
    -4.7102
   -2.63196
  -0.391902
   -4.52169
   -9.33333
   -2.55813
   -7.46785
    3.05427
   -6.17952
   -4.36212
   -6.46554
   -1.19897
   -1.45383
   -10.5229
  -0.378423
    1.22523
   0.521426
   -2.79032
    0.27473
    5.85161
  -0.994476
   -5.33185
   -2.92952
   -5.57925
   -7.60375
   -1.40654
  -0.537662
  -0.792527
  -0.747007
   -2.71719
   -6.37726
   -5.50408
   -1.48957
   -1.72449
    -1.3697
   -1.03242
   -2.56802
   -2.52602
   -1.25968
   -2.41724
   -1.39346
   -5.74644
   -2.31018
   -2.66134
   -4.21982
   0.709991
    -1.0177
   -2.62749
     2.0239
   -0.56068
   -3.30359
  -0.991311
   -1.39876
   -3.98743
   -1.34112
   -3.94529
   -2.12982
   -2.11918
    -5.2033
   -3.14182
    -2.3858
    -1.0025
   -1.42514
   -1.46101
   -1.69427
    -1.6045
  -0.266378
  -0.336944
   -4.37732
   -3.45957
   -3.78991
    2.77837
   -2.26689
   -10.0333
   -4.76045
   -8.23123
   -8.31446
   -7.85318
   -6.98135
   -4.12892
   -4.40693
   -11.8476
   -4.82044
   -1.84712
   -2.22637
   -4.72865
   -1.48647
   -5.01008
   -1.54746
   -7.64241
   -2.02079
   -3.49793
   -7.08971
   -2.22938
   -1.25914
   -1.28569
   -2.63409
   -2.18408
   -3.10366
 0.00457869
   -1.44874
  -0.591515
   -3.48834
   -4.36303
  -0.682343
   -1.80952
   -1.12793
  -0.292331
  -0.241545
   -1.27408
   -3.05526
  -0.818146
  -0.640082
   -4.94492
   -1.58442
    -2.8628
   -4.75172
   -9.72657
   -10.3529
   -1.30784
   -3.87453
   -0.61265
   -4.28471
   -1.62827
   -3.47176
   -9.61986
   -1.87532
   -2.15907
   -2.56964
   -2.83845
   -7.13552
   -1.21562
   -1.23599
   -1.24101
  -0.880345
  -0.487762
   -4.68191
   -7.53509
  -0.570937
   -7.24283
   -1.86177
   -3.68128
  -0.790405
  -0.215654
    1.17553
   -7.52423
  -0.374276
   -3.12456
   -2.94303
   -2.67836
   -7.72885
    -4.2658
  -0.470798
   -2.95492
   -2.69849
    -5.1595
   -2.50873
   -11.2857
   -7.40948
   -1.39386
   -2.33118
   -1.92879
   -4.44567
    2.67026
    -1.0672
    1.25176
   -3.13458
    -2.5784
   -1.17565
   -1.62637
   -1.90276
   -2.80344
   -2.87106
  -0.295686
   -10.1863
    -9.2122
   -2.84467
   -1.92338
  -0.361545
   -2.90711
   -3.30441
   -2.66828
   -3.05714
   -0.88787
   -1.34898
   -2.25597
   -4.89094
   -2.46738
   -4.89122
  -0.781081
   -5.37509
   -4.49899
   -3.88247
   -10.9066
   -2.35621
   -1.88839
   -5.77412
   0.339233
   -3.03656
   -2.65683
   -2.40242
   -2.18819
   -0.48718
   -4.64827
   -1.39475
   -4.90214
   -5.80869
   -0.86925
   -1.05983
  -0.768085
   -3.07294
   -2.84916
   -7.53493
   -1.56158
   -4.53191
   -9.51269
   -6.07609
   -7.11527
   -2.41075
   0.212431
   -5.54369
   -1.17726
   -1.79526
    1.79365
   -3.08859
   -7.29488
   -3.28985
  -0.934094
  -0.930215
   -1.26798
   -0.42254
   -2.96196
   -8.66712
   -1.90706
   -10.0928
   -1.56677
   -3.36915
   -6.17972
   -6.50509
  -0.709689
   -5.51757
   -2.31021
   -2.29681
   -2.76878
   -2.94702
   -1.34211
  -0.541955
   -6.89858
   -1.27074
   -1.75305
   -6.55624
  -0.381583
    0.45737
   -4.81205
   -1.23594
   -1.62313
   -4.55078
   -1.34311
   -4.27766
   -1.63573
   -3.00744
   -9.80661
   -13.7516
   -6.06402
   -6.29436
   -2.90584
   -2.23243
    -2.4526
   -1.43601
  -0.853169
   -5.72105
   -5.90751
    -3.2163
  -0.572228
   -4.48954
  -0.934169
   -2.16096
   -2.01574
   0.827309
    3.20011
    -2.3033
  -0.823902
  -0.946014
   -8.19754
   -1.50993
   -14.0931
   -12.8575
   -3.63266
  -0.871179
   0.166823
   -1.11274
   -2.36975
   -2.97845
   -1.39175
    -2.8653
   -1.05062
 -0.0582012
   -1.91319
   -5.69922
   -4.05225
   -1.35057
   -3.29748
  -0.616687
   0.106967
    -1.2365
   -1.26538
   -2.46391
   -2.74542
   -1.54082
 -0.0627282
   -1.74122
   -8.39729
    0.27025
   -6.82818
   0.544485
  0.0784432
   -1.89919
    -2.7524
   -8.08258
    -5.8816
   -0.94961
   -2.42654
   -1.49564
  -0.432598
   -1.74783
   -4.39399
  -0.708171
  -0.112844
    -1.5825
   -3.08941
   -0.27851
   0.228766
   -1.33588
   -1.13099
   -2.16685
   -2.82107
  -0.335089
   -1.35739
   -13.9048
   -3.67929
   0.070586
    11.9847
   -2.64085
   -5.82212
    -1.5366
    0.20093
   -1.43932
   -7.14625
   -6.86881
   -6.29405
   -1.53829
   -4.91071
  -0.897323
  -0.970687
   -1.95542
  -0.571848
  -0.340376
  -0.387549
   -1.62077
  -0.461888
   -1.12331
   -1.27674
   -1.28869
  0.0463788
  -0.589804
   -1.28502
   -2.59992
   -3.17011
  -0.746781
   -2.71557
  -0.627043
   -1.95914
  -0.657964
  -0.607074
   -1.74569
    -5.8346
   -4.69964
   -5.83135
  -0.790582
  -0.961582
   -4.58763
  -0.969408
   -1.03143
  -0.438546
 -0.0947687
   -1.24739
   -1.15012
  -0.612735
    -0.4977
  -0.728286
   -1.18517
   -1.28527
   -1.93377
   -1.88758
   -1.06381
   -1.65818
  -0.537347
  -0.960088
   -1.63345
  -0.962251
  -0.685919
  -0.859754
   -0.45667
  -0.532547
   -2.01908
   -2.82519
   -1.33308
  -0.980798
   -1.23348
   -5.06683
   -0.78669
   -0.57062
   -1.03741
   -8.52339
  -0.626644
   -1.04806
   -2.62495
   0.202908
   -0.61996
   -0.22717
   -1.67776
  -0.710752
  -0.340414
   -1.46892
   -1.53552
   0.272298
  -0.710623
  -0.411629
  -0.126607
  -0.292867
  0.0163725
   -0.95502
  0.0404714
   -2.15307
  -0.923473
   -3.16458
   -1.40294
  -0.360451
    -1.0063
  -0.706096
    -0.3765
  -0.745227
   -2.43843
  -0.113559
   -1.37428
   -1.74083
   -2.28874
   -5.06746
   -1.12489
   -1.66159
    -2.6943
   -2.43608
   -1.78547
    -5.8966
    -1.0742
   -1.52217
   -3.45563
  -0.692664
   -1.52801
  -0.451169
   0.116985
   -0.57975
   -5.16762
   -1.79525
   -2.67543
  -0.341626
  -0.584579
 -0.0492627
   -0.39084
  -0.644216
   0.392844
   -2.27653
  -0.543109
  -0.260464
   -2.68346
  -0.531681
   -0.37938
  -0.170533
    -1.6378
   -1.10734
  -0.146754
  -0.692921
  -0.582253
   -3.73874
   -1.09062
 -0.0181586
  -0.622102
  -0.484172
  -0.144077
    -0.1451
   -1.80916
   -1.14583
   -4.96867
   -1.65853
  -0.498373
   -1.18755
  -0.377597
  -0.812434
  -0.485592
   -1.61319
   -3.38679
   -2.11122
  -0.785733
  -0.833356
   -4.07257
   -2.26341
  -0.249832
   -1.17762
   -2.04716
   -3.28949
   -2.53606
   -2.28453
  -0.808455
   -2.04655
   -2.45919
  -0.942092
   -1.39614
   -1.01963
    -3.0359
  -0.269961
   -1.78591
   -2.76396
   -2.46585
   -1.76857
   0.285223
  -0.380598
  -0.117922
  -0.990734
   -7.26918
   -2.79529
    -7.8778
   -1.10021
  -0.312198
   -7.82885
   -6.86219
   -1.29823
  -0.805383
   -1.65907
   -1.75666
   -1.75867
  -0.958902
   -1.25784
  -0.552249
  -0.954736
   -1.58607
   -1.36722
  -0.240473
   -1.48344
  -0.404923
  -0.360726
  -0.198618
   -1.79866
   -5.18266
  -0.223159
  -0.873988
  -0.342373
  -0.314947
  -0.264459
   -2.63384
  -0.236821
     -2.582
  -0.440991