   -2.76057
   -3.44799
    -2.8025
   -3.37596
   -2.81077
   -2.43772
    -2.2698
   -2.57979
   -2.16507
   -2.28015
   -2.81288
   -3.67599
    -1.6214
   -1.24825
  -0.793997
   -2.30472
   -1.96588
   -3.30791
   -2.82577
   -2.48426
   -2.10759
   -1.20167
  -0.759914
   -3.47222
   -2.02031
   -2.72076
   -2.27042
   -1.63113
   -3.28216
   -3.36363
   -2.03702
   -2.74829
   -3.09053
   -3.28191
  -0.332314
   -6.76618
   -4.00664
   -2.98601
   -3.98757
   -2.65176
   -2.42658
   -1.87324
   -3.16871
   -3.01696
   -2.03229
   -0.86778
   0.269465
   -6.36492
   -7.50418
   -1.68891
   -2.44065
   -3.07868
   -1.44012
   -2.19471
   -1.53778
    -2.4867
   -1.60808
   -1.26217
   -1.39703
   -2.44169
   -2.55156
   -1.32004
  -0.882042
  -0.713824
   -1.89391
   -2.86724
   -1.60282
  -0.648871
   -0.40829
  -0.687298
   -6.07495
   -1.00884
   -1.19743
  -0.782627
   -1.19281
   -2.13684
 -0.0850093
   -1.00258
    -3.0142
   -3.02029
   -2.63983
   -2.03207
   -1.71397
  -0.131354
  -0.970939
  -0.505587
    -1.4773
   -2.47826
     -3.057
   -3.10467
   -3.41021
   -2.76774
   -1.00293
  -0.669097
    -7.8768
   -6.51243
  -0.773526
   -2.02892
   -2.82552
   -2.45525
    -1.8325
  -0.865269
   -0.40139
  -0.611087
  -0.463716
      -3.16
   -3.08079
   -2.06594
   -1.89736
  -0.246303
  -0.220672
   -7.66702
   -2.62564
   -1.32742
  -0.824046
   -3.19425
   -3.31652
   -3.42764
  -0.586056
  -0.362531
  -0.806949
   -0.35856
   -6.25328
   -4.46773
   -3.13876
   -1.33709
   -2.15356
  -0.412138
   -2.51347
   -2.12633
   -1.03935
   -0.69706
   -1.58135
   -6.37614
  0.0321123
    -3.0847
   -3.18244
   -3.41646
    -2.8469
   -2.36852
   -1.39086
  -0.986597
   -1.66377
   -8.19588
   -6.71947
   -1.02174
   -3.20855
   -3.41463
   -3.49036
   -3.15312
   -2.21418
    -2.1688
   -1.65335
  -0.690103
  -0.417946
   -1.00456
   -2.21738
   -4.48552
    -3.3958
    -3.5113
   -2.76262
   -2.09807
   -1.92915
   -1.37452
   -0.47401
   -1.15443
   -2.62601
   -1.16493
   -8.37167
   -6.72264
   -1.26291
   -3.23719
   -3.53528
   -2.73669
   -2.36942
   -4.24719
   -2.74309
   -2.43751
    -3.3602
   -3.46756
   -3.33714
   -1.36663
  -0.942609
   -1.24634
  -0.968996
   -1.60411
   -4.94321
   -1.24339
   -1.81701
   -2.22923
   -3.09327
    -3.6032
   -3.42447
   -2.53164
   -2.21403
   -2.12351
    -1.6407
   -1.13146
    -2.8986
   -2.11402
   -2.88702
   -4.67594
   -6.87345
   -2.83617
   -3.06286
    -1.9572
   -1.53271
   -1.39289
   -1.00405
   -2.49697
   -8.82474
   -8.61611
   -2.87528
   -2.74922
   -3.66042
   -3.39641
   -1.92813
   -1.87792
   -2.05137
   -2.18173
   -2.05751
   -1.82608
    -4.8711
   -3.83595
   -4.63178
   -3.38798
   -2.96339
   -3.36421
    -3.3933
    -3.5388
    -1.9633
  -0.462289
   -6.99298
   -6.31851
    -3.5833
   -2.44044
     -3.161
   -3.62557
   -2.89961
   -1.39643
   -1.72723
   -1.82527
   -2.66308
   -4.35114
   -8.64625
   -3.49412
   -5.18232
   -3.43475
   -3.27297
   -2.96985
   -3.18151
    -3.5656
   -3.66473
   -3.66788
  -0.437394
  -0.146918
   -2.17249
   -1.65825
   -4.93045
   -3.35056
   -2.82504
   -3.23673
   -3.29663
   -2.74681
   -3.67867
   -2.70524
   -2.07889
   -1.74754
   0.664421
   -1.97956
   -6.27634
   -3.38473
   -3.31953
   -2.97038
   -4.19792
   -1.10217
   -3.26744
   -5.21357
   -6.50771
   -3.29907
   -3.21778
    -3.7975
   -3.41053
    -3.1012
   -2.36491
   -4.51805
   -4.28647
   -4.13371
  -0.580552
   -1.40435
   -1.25345
   -1.07097
   -8.80824
   -3.87652
   -5.52131
   -7.29775
   -2.75904
   -3.35417
   -3.57734
    -3.0256
   -4.00369
   -3.99133
   -3.55556
   -2.35833
   -1.74749
  0.0276757
   -8.74736
    -4.1661
   -3.06498
   -2.12286
   -3.15821
   -2.98353
   -1.02838
    -1.5009
   -8.60722
   -7.14949
   -3.09842
   -3.30455
   -3.30827
   -2.93784
   -3.03006
    -4.7768
  -0.143803
   -1.02493
   -6.96994
   -3.24387
   -3.00072
    -3.8781
   -4.85792
   -3.86109
    -2.9375
   -1.69196
  -0.259122
   -5.23842
   -2.70625
   -1.82906
   -2.40258
   -2.52841
   -3.10391
   -5.74858
    -3.6034
    -3.6977
    -3.6006
   -3.05739
   -1.10966
    -1.4426
   -4.82505
   -6.31515
   -1.82122
   -2.52976
   -3.15748
   -2.84393
    -3.2715
   -3.13544
   -3.43309
   -1.91969
  -0.832928
   -8.26275
   -2.47604
   -3.70922
   -1.94988
   -1.82395
   -2.12413
   -2.77886
   -8.17105
   -4.20051
    -3.4914
   -2.70725
   -2.69288
 -0.0308084
   -6.09832
   -7.08422
   -4.01602
   -1.94727
   -0.46603
   -1.40465
   -1.52281
   -4.77189
   -5.04978
   -3.35429
   -2.25877
   -2.12336
   -2.79989
   -2.68681
  -0.989587
   -5.08124
  -0.950462
   -1.50098
   -2.31998
   -2.51739
   -4.29034
   -6.41383
   -2.19693
   -2.91306
   -2.87124
  -0.245471
   -0.89918
   -4.12544
   -2.35709
  -0.877468
   -1.54045
   -5.79468
  -0.532227
   -6.64358
  -0.456151
   -1.64257
   -6.48309
   -2.62473
   -2.70535
   -3.14094
   -4.58452
   -8.72612
    -8.2551
   -1.43298
   -1.74134
   -5.88206
   -3.43541
  -0.675576
    -1.0277
    -1.2223
   -1.78677
   -8.51292
   -2.32311
  -0.030613
   -3.04554
  -0.532507
   -1.51287
   -2.11496
   -2.87819
   -3.28414
   -6.53896
   -1.99789
   -6.20732
  -0.636235
  -0.813998
   -4.84466
   0.290168
  -0.247751
    -1.6017
   -2.10045
   -3.67903
   -3.64194
  -0.271191
   -2.52348
   -3.40165
   -1.22057
   -2.27482
   -3.24055
  -0.289367
   -1.16484
   -2.32286
 -0.0279841
  -0.570976
   -7.45291
   -6.64478
    -4.6867
   0.114414
  -0.666993
   -3.53119
   -1.80733
   -8.22377
  -0.444448
  -0.736072
   -1.79316
   -6.53558
   -3.31768
     1.2571
   -1.70018
   -1.66902
   -6.41884
   -8.72692
    -1.9693
  -0.776503
   -1.29993
   -1.69368
   -3.68427
  -0.973523
    -2.8937
   -4.43333
    -6.2546
   -2.65677
   -5.75476
  -0.103373
  -0.335663
   0.161495
   0.803425
   -1.87497
   -2.73848
  -0.707806
     -1.704
   -5.16009
   -4.04296
   -1.65498
   -4.01563
  -0.638214
   -5.33361
   -5.06165
    2.49885
  -0.884578
   -3.22597
   -4.01375
   -1.28546
    -1.7748
   -2.31101
    -1.8593
   -1.50823
  -0.911269
    -4.8799
   -6.93463
   0.250204
    2.34042
    2.70869
   0.379947
  -0.314877
   -1.12023
     -1.726
   -1.06749
   -7.32944
   -6.75624
  -0.501929
  -0.198242
   0.493221
   -1.78072
   -6.04847
    3.83606
    -3.3014
   -3.95179
   -6.65401
   -2.59717
  -0.187676
  -0.535612
  -0.816434
   0.701764
   0.904085
   -3.71381
   0.682053
   -0.16401
   -2.26911
  -0.903839
   -1.47561
     -4.269
   -9.43166
   -7.80976
   -2.96873
    1.12448
     1.9824
     1.5286
  0.0179039
  -0.332892
   -1.00221
   -1.14261
   -1.68086
   -2.61539
   -5.12177
   -8.66016
  -0.525497
    -2.5568
   -1.85946
     1.8276
   -2.43843
    3.20396
   -4.32838
   -4.04447
   -4.45986
   -1.17035
   -1.51178
   -0.79311
  -0.428341
   -0.79638
  -0.520598
   -4.86257
   -6.94461
   0.704748
   0.201492
   -1.10626
    -2.2887
   -3.63904
   -1.36707
   -4.88499
  -0.597054
    1.54334
   -5.76056
    2.99407
    1.37738
    -0.4204
   -5.56715
   -1.56324
   -8.81613
   -6.54679
  -0.942556
  -0.908198
  -0.818379
   0.184499
    1.33581
   -5.92202
   -2.63702
   0.968652
  -0.902492
  -0.952459
   -1.79843
   -3.70484
  -0.135866
   -5.53483
   -1.12541
   -1.12272
   -0.34161
    -3.4026
   -5.63837
   -5.02568
   -1.55391
   -1.73628
   -1.81895
   -2.35048
   -8.37545
  -0.870255
  -0.945507
  -0.431657
   0.205375
    1.44985
   -2.79997
   -6.86185
   -3.49861
   -2.23004
   -4.86979
   -5.36785
   -1.59337
   -8.01822
   -7.64121
   -4.32707
   -1.10846
   -1.11802
   -1.29677
   -1.61401
   -1.39002
   -1.73412
   -1.69858
   -6.36637
   -1.80095
   -4.52588
   -6.66905
   -6.07151
   -1.50756
   -5.75039
   -2.49564
 -0.0307076
    1.76163
  -0.389828
   -1.53963
  -0.949316
   -1.41513
   0.227399
   0.764442
  -0.410603
    -5.8073
   -6.27231
    1.85248
    1.60282
  -0.706393
   -1.80028
  -0.593431
   0.776625
    -8.9127
   0.197817
   -3.01721
   0.946974
    -1.3146
   -1.41803
   -6.94203
   -5.94745
   -1.50895
   -1.88827
   -3.70132
   -3.56038
   -1.53535
   0.381776
  0.0462372
   -8.18425
   -13.6847
   -13.5402
   -5.79565
    -1.0875
   -0.10528
    1.01181
   -3.84511
   -3.12516
   -1.94507
    -1.6432
   -2.47435
   -5.35785
  -0.923902
  -0.596407
   -5.10882
   -5.37131
   -6.70299
   -2.01743
   0.809756
   0.801754
   -5.92524
   -2.90125
   -5.79767
   -4.41177
   -8.53796
   -7.80912
   -6.99723
   -6.36683
   -1.74122
   -1.78574
   -1.70492
   -2.04527
    4.45501
   -1.42613
   -1.12921
   -6.66065
   -5.84938
   -4.29131
   -4.46191
 -0.0028179
   -5.26844
   -1.66738
   -6.25884
   -4.97159
   -7.53825
   -6.59488
   -4.34544
   -1.49488
   0.486023
   -2.52778
   -1.81786
   -10.9719
-0.00842174
   -4.99389
   -2.77729
   -1.98682
   -1.73815
   -2.25995
   -3.79011
    1.27868
   -1.15427
    1.24235
    1.47724
    -11.338
   -12.3406
    -1.5239
   -2.25592
   -3.39678
   -2.20493
   -2.03284
   -1.88331
    -2.0243
   -1.86309
   -2.33478
   -6.55147
   -7.77083
   -7.75337
   -1.76527
   0.982544
   -6.46817
   -2.76709
   -1.47551
   -2.91062
   -6.79549
   -2.14678
   -2.05833
    0.80967
    -3.2638
  -0.409313
   0.459346
    -6.7053
   -11.0017
   -3.98314
   -5.60173
   -2.14368
   -2.90102
   -5.92362
   -4.11318
   -2.52718
   -4.29961
   -7.32912
   -1.96346
   -5.82408
   -2.58479
   -2.81209
   -3.10514
     -4.162
   -6.02227
   -6.77769
   -3.36969
   -9.14774
   -2.30876
    -3.1773
   -4.46611
   -5.83648
   -7.63049
   -2.81813
   -1.59623
   -1.10768
   -2.83093
  -0.925455
   -7.52476
   -9.34564
   -2.34665
   -7.09968
   -2.37553
   -3.56846
   -14.0543
  -0.637503
    0.46831
   -1.15731
    -3.8477
   -4.81691
   -6.66536
    -4.8566
   -6.11171
   -9.44923
     -8.792
   -1.65602
   -2.24389
   -2.43948
   -7.32502
   0.275049
    2.76976
   -2.19166
   -9.55163
   -1.65887
  -0.829316
  -0.109723
   -5.53475
   -3.13435
   -7.80973
   -7.98868
   -9.47103
   -2.21338
   -2.34106
   -2.51509
   -2.30225
   -4.05057
   -6.62288
   -4.26358
   -2.48974
   -6.91312
   -3.39926
   -4.52586
   -9.76292
   -2.24724
   -2.30347
   -6.89358
   -6.07295
    3.05565
   -7.49341
   -10.4537
   -11.3244
   -3.09099
   -5.05018
   -5.64172
   -3.62099
    -4.1381
   -9.51437
   -1.43966
   -2.06173
    9.15176
   -2.16623
   -2.78437
   -7.34589
    -10.069
   -13.9657
   -6.58633
   -4.73547
   -5.85595
   -6.13879
   -3.47682
   -9.69073
   -9.06609
   -6.36193
   -2.13015
   -6.49845
    3.41655
   -4.18474
   -4.80376
   -8.52231
   -1.03069
   -2.18564
   -7.55516
   -2.80251
   -6.79768
   -1.90205
   -6.54892
   -6.48727
   -11.3201
   -11.3483
   -2.37274
   -5.13328
   -7.60118
   -2.93177
   -5.22145
   -8.09806
   -7.07812
    5.70001
    4.96769
    -1.2959
   -9.17575
   -10.6925
    -8.6471
   -6.96951
   -3.29704
    -4.0714
   -8.40508
   -2.30664
   -5.86223
   -11.0061
   -15.5364
   -11.1586
    -7.3877
    -5.4542
   -3.52074
   -1.83818
   -2.44372
    11.3676
    9.55582
    7.50673
   -8.03097
   -6.87135
   -9.41058
   -10.2699
   -5.11174
   -3.95033
   -4.79457
   -5.59972
   -3.68827
   -2.98887
   -9.57346
   -8.12666
    -6.7661
    -1.8324
   -4.89063
    6.64655
    7.36582
   -7.14756
   -8.71178
   -11.1414
   -12.0952
   -6.77269
   -2.38496
   -1.22472
   -1.70035
   -5.69687
   -5.91997
   -6.46729
   -5.91588
    7.04102
   -11.3938
   -4.76513
    -6.3618
   -7.24308
   -2.66303
   -8.87846
   -4.52673
   -1.82811
    3.68799
   -9.76768
   -11.5753
   -4.54578
   -10.1175
   -11.0787
   -8.54554
   -7.03755
   -3.81268
   -8.84194
   -5.79693
   -1.45695
   -1.55276
   -3.80657
   -9.25139
    -11.564
   -12.5279
    -11.555
   -11.1815
   -14.4269
   -6.13899
   -3.14312
    -10.339
   -2.41819
   -2.95125
   -4.89122
   -5.44154
   -5.97294
   -11.6195
   -12.2573
    -10.276
   -3.73163
   -3.19003
   -2.62215
   -9.11116
   -1.59652
   -1.37875
   -1.38574
    -4.2278
   -11.9061
   -1.96582
   -7.34562
   -7.32107
   -1.29561
   -8.10296
   -7.23429
   -9.96845
   -12.7326
   -11.6718
   -7.47381
   -7.07743
   -2.64294
   -8.51403
   -1.17164
   -13.6854
   -13.8756
   -12.8012
   -8.97968
   -4.20985
   -1.12499
    -4.1941
   -6.81032
    -5.3291
    -2.4199
    -3.1246
   -14.1519
    -15.092
   -13.2782
    -12.201
   -8.92875
   -4.88776
   -3.42472
   -1.25104
   -1.21265
   -9.36672
   -2.97717
   -2.85313
   -7.52584
   -9.44913
   -10.0185
   -9.53914
   -1.18658
   -7.72217
   -5.15733
   -5.87652
   -2.47272
    -5.4241
   -1.00081
   -1.14182
   -0.94138
   -2.83774
   -6.96513
   -14.4335
   -8.80009
   -11.2288
   -2.36392
   -4.08309
   -7.74476
   -12.7119
   -4.04916
   -2.90256
   -6.24418
   -1.52888
   -10.1893
   -3.45859
   -1.24114
    -16.661
   -11.5209
   -6.27457
   -1.63552
   -4.02832
   -10.0051
   -1.28652
   -1.87351
   -2.79292
    -2.8671
   -4.18794
   -8.14189
   -9.49074
   -13.2569
   -8.13515
   -7.16667
   -7.02589
   -9.03794
   -1.07105
   -2.53191
   -13.0569
   -16.6063
   -15.1188
   -12.5917
   -12.0871
   -9.62708
   -8.05171
   -1.83586
  -0.793772
    -2.1522
    -3.7781
   -9.70801
   -1.26685
  -0.937378
   -2.72669
   -9.96674
   -12.0499
   -10.8919
   -8.14305
   -5.31399
   -4.52212
     -2.305
   -6.60753
   -12.2895
   -8.01327
   -9.06912
   -4.80827
   -3.80783
   -5.00624
    -1.5946
   -1.33771
   -4.71419
   -14.2958
   -11.2846
   -12.2505
   -5.49152
   -3.77583
   -2.24796
   -7.00413
   -1.68539
   -9.98585
   -11.8828
   -8.00739
   -8.58593
   -10.3718
   -1.45858
   -1.55953
   -1.51748
   -2.79541
   -13.6058
   -7.05945
   -5.06492
   -2.10393
   -3.39655
    -1.9842
   -2.13695
   -2.93605
   -3.46837
   -8.81443
   -2.95665
   -3.37275
   -5.71322
   -1.74695
   -1.70278
   -1.76549
   -8.34538
   -12.4798
   -7.90718
   -6.44071
   -6.81111
   -6.45417
   -3.39631
   -1.94147
   -3.94638
   -1.90305
    -2.1061
   -2.94598
   -4.22535
   -10.6806
   -9.29446
   -11.6387
   -10.3686
   -4.15823
   -1.88906
   -2.10558
   -2.02468
   -5.97515
   -8.85259
   -10.0842
   -9.42119
   -4.89002
   -8.49137
   -8.43315
   -5.82062
   -4.94625
   -4.37304
   -4.07893
   -3.27397
    -7.0351
   -3.50653
   -8.15687
   -2.97348
   -3.63772
   -6.62759
   -11.7028
   -2.54702
   -2.70874
   -3.87674
   -5.19772
    -5.0179
   -4.12317
   -2.17957
   -7.57178
   -1.93152
   -1.56192
   -5.78243
   -5.53223
   -3.03744
   -7.16509
   -4.81588
   -1.33449
   -6.87958
   -4.75225
   -4.83191
   -9.20635
   -4.83714
   -3.52651
   -3.15993
   -1.67072
   -2.00505
   -1.96269
   -1.76102
   -1.30721
   -3.39118
   -7.09453
   -5.64999
   -4.22171
   -7.44541
   -9.48624
   -6.14309
   -3.32185
   -4.55262
    -3.5096
   -3.32227
   0.443865
   -2.01617
   -5.06797
   -7.72637
   -7.23057
     -2.762
   -3.98171
   -1.94929
   -2.30598
   -6.61833
   -6.44298
   -5.11713
   -4.00775
    -2.7848
   -3.16146
   -3.55418
   -3.76264
   -1.72653
   -1.86438
   -5.85601
   -4.69496
   -11.1272
   -5.82354
   -8.96492
   -9.84202
   -8.74716
   -6.45346
   -5.69967
   -1.30325
   -5.17674
   -4.89679
   -4.11004
   -11.8785
   -4.96358
   -1.59721
   -2.11226
   -3.48395
   -7.89235
   -5.80902
   -3.72895
   -1.21846
   -1.13875
   -3.00754
   -4.55412
   -4.95738
   -4.03769
   -3.14987
   -2.21229
   -8.25464
  0.0898374
   -2.02659
   -3.64677
   -4.88407
   -1.50357
   -1.47044
   -4.14747
   -2.94923
   -2.25796
   -2.32634
   0.864789
   -3.34025
   -1.56855
    -2.8558
   -7.99849
   -1.65298
   -1.54265
   -5.89421
   -2.13109
   -1.66127
   -6.03859
   -4.23938
   -3.95317
   -4.96843
   -4.09725
   -9.99537
   -3.99036
   -3.64276
   -3.11901
   -1.42818
   -9.76298
   -3.99012
   -1.64583
   -6.54702
  -0.982734
   -4.96164
   -5.66407
   -3.99502
   -2.45267
   -1.25214
   -12.3904
   -7.01253
   -3.46505
   -7.56637
  -0.954062
  -0.916926
  -0.826502
   -2.38986
   -3.38529
   -4.72739
   -2.95414
   -0.79004
   -1.72701
    -4.2658
   -1.99521
   -6.86672
    -1.5044
   -1.65293
    -0.9379
    -4.8285
   -1.56457
    -1.8934
    -1.4359
   -1.14117
  -0.745114
   -3.69715
   -7.08372
  -0.683039
   -1.12754
   -4.35211
   -6.17019
    -5.7198
   -8.57695
   -1.17662
   -4.58314
    -4.1987
   -2.97417
   -7.75204
  0.0850224
   -3.47366
   -5.48231
   -9.33124
   -1.20218
   -1.52916
   -5.41453
   -4.78955
   -1.66079
   -1.60365
  -0.611068
   -0.99277
  -0.861306
   -2.15586
   -4.83128
   -2.65811
   -3.36478
   -7.35193
  -0.735545
   -4.25947
   -2.61961
    -1.9217
    -1.4544
   -12.6458
  -0.469217
   -5.18247
  -0.236409
   -2.04366
  -0.373305
   -8.20818
    -2.6725
   -3.47608
   -1.73319
   -4.45767
   -5.73065
  -0.876435
   -5.50071
     -5.049
   0.253186
   -0.58951
   -2.29599
  -0.868728
  -0.482532
  -0.768348
   -4.35196
   -1.96912
   -2.19139
   -9.20212
   -8.92816
   -1.04901
  -0.767141
  -0.909278
   -1.05662
   -2.42665
   -3.53626
    1.23629
-0.00022873
   -2.26251
   -1.44742
  -0.190402
   -1.63465
   -4.70356
   -1.31403
   -7.62088
   -2.91062
  -0.801742
 -0.0654338
    -1.6532
   -9.98269
   -5.33469
   -2.37501
   0.236674
   -8.74764
   -1.09674
  -0.770901
  -0.923256
   -5.86043
   -5.47205
   -4.95768
   -4.45425
   -3.36729
  -0.399484
   -6.00883
   -10.0826
   -2.04699
    -3.0906
   -1.17487
   -1.46799
   -1.17099
   0.738834
    1.47641
    3.45455
     -1.565
   -2.51645
    -2.2104
  -0.347218
  -0.224227
  -0.139442
  -0.757197
   -3.02185
   -1.51587
   -1.95211
   -6.14414
    -9.0942
  -0.929618
  -0.130141
   -2.94738
   -1.07429
    -0.1822
   -5.22488
    -1.6114
  -0.210503
   -3.83607
   -5.72522
   -9.16373
  -0.795414
   -4.70705
   -5.95712
    3.62078
    4.37253
   0.058299
   -11.4071
   -2.39377
   -1.49704
   -2.38923
   -1.02922
   -1.72769
   -3.68926
   -5.75827
   -1.82147
   -2.69086
   -3.83927
   -8.27796
  -0.521571
     -3.918
   -4.06761
   -8.39162
  -0.488658
   -0.85174
    1.09886
  -0.575682
   -5.05807
    -8.8145
   -4.66764
   -3.33625
   0.878787
   0.330048
   -4.42053
   -1.51493
   -2.03015
   -4.05625
   -6.89322
   -7.96374
  -0.946871
   -1.14397
   -5.86834
   -6.18946
   -5.28555
    3.42869
    5.23262
  -0.112805
   -3.25011
    -2.1082
   -8.97591
   0.468277
   -4.98667
   -5.15429
   -2.28762
   -2.34345
   -5.51953
   -1.70581
   -4.92223
   -2.70915
    3.14017
    6.85972
    5.32051
   -3.30652
  -0.103099
   -1.51558
   0.693729
 -0.0580756
   -1.43634
   -2.49616
   0.378911
   -3.39765
 -0.0495902
  -0.416661
    -2.4656
   -1.09325
   -1.07891
   -1.57303
   -2.13267
   -4.10215
    1.57027
   -8.76759
    1.64326
    1.28212
   -1.29523
   -2.06395
   -6.79941
   -1.11108
   -1.50993
    1.53854
   -1.32887
   -3.38473
   -2.64123
   0.475882
   -6.28404
    1.60873
   -3.25336
  -0.653342
   -1.28745
   -1.32415
   -2.61731
   -3.61804
   -2.00338
   -6.58287
   -6.64774
   -3.50156
    8.86996
     3.0695
 -0.0636886
   -1.19267
   -6.41254
    -3.5452
   -1.10353
   -4.57635
   -1.39481
   -7.34841
   -7.18419
   -1.53421
   -2.32673
    9.66778
  -0.455708
   -2.74377
   0.460442
   -2.92981
   -4.83778
   -7.33683
   -1.73054
   -5.23679
    6.63799
  -0.785879
   -2.74547
   0.146921
    -2.8931
   0.198143
    0.90641
   -0.87385
   -1.82748
    8.95314
    8.04585
    1.14281
   -2.22533
    -3.5355
   0.115448
   -0.83887
  -0.650122
   -5.74853
     -6.276
   -4.62296
    2.47278
   0.831084
   0.336218
   -3.51097
   -1.61949
   -5.09571
   -1.84539
    3.61251
  -0.243762
  -0.559762
    2.02874
   -1.15808
   -5.17395
    -6.6621
   -6.38629
   -1.23652
   -1.80279
   -6.05636
    5.97545
   -2.16973
  -0.943698
   0.203071
    0.19587
  -0.549399
  -0.493189
   -1.46045
   -6.61164
   -1.38758
   -1.78828
   -2.14683
    -3.0532
   -6.50323
  -0.154123
   -1.49107
   -1.66183
    1.08073
    1.70113
   0.534714
   0.361424
  -0.142615
   -2.34432
   -6.82345
    -6.2111
   -1.81495
   -2.25278
    5.57773
    5.53983
    2.07509
   -2.27516
   0.576797
    1.89433
    1.49202
   -1.65387
   -1.37289
   -1.94101
   -2.65553
  0.0230448
   0.482677
   -1.44301
   -3.49433
   -6.44413
    1.81513
   -0.30786
  -0.292474
   -5.72702
   -5.70045
   -2.04896
   -5.23027
   -4.78667
   -4.18209
 -0.0861594
    1.70548
    1.82194
  -0.315888
    -3.4409
   -1.83809
   -2.91933
   -6.04632
  -0.379947
    5.16378
    7.36544
   0.578163
   -2.54171
   0.752991
   -4.62069
   0.261268
   -4.46563
   -4.50422
   -5.63325
   -1.77536
   -4.02632
    6.52494
    1.64019
  -0.304969
   -1.13498
    1.39933
   0.603488
   -3.26797
   -5.32269
   -1.66392
   -2.31389
   -3.36974
    -6.0634
   -1.79847
    2.56943
     5.3161
    2.24405
   -1.67967
   -2.03147
  -0.953374
   -1.39104
   -1.87664
   -1.94099
   -2.01348
   -5.61948
   -6.86198
  -0.688056
     1.3407
   -1.80292
   -5.32587
   -1.91087
   -2.68601
   -6.58766
   -1.16388
    3.64006
    3.91102
   0.960514
  -0.852898
   -0.35677
  -0.956794
   -2.01774
    -6.3733
    3.31865
   -3.79294
   -1.78115
   -7.38778
    2.81822
    2.82014
    4.88718
   -0.90317
   -0.38888
   -1.38425
    -1.7497
  -0.936552
   0.362266
    1.48283
  -0.795535
   -2.97828
    2.40523
     1.7878
   -4.26659
   -1.36159
   -5.61548
   -2.13935
   -4.96875
   -5.22993
   -3.67868
   -1.45853
    -1.4907
   -1.54326
   -1.65136
  -0.828272
  -0.638653
   -4.84598
    3.41421
   -1.72341
   -6.64853
   -7.77638
   -8.66933
    3.73405
   0.164712
   -3.46337
    3.74165
     2.2318
   0.863841
   0.239519
   -1.23307
   -3.37888
   -7.76607
    1.99088
   -1.40612
   -1.45648
  -0.553802
    1.31773
   -2.71426
   -1.23639
   -5.26979
    1.62926
  -0.447626
   -1.95616
  -0.429579
   -1.22266
   -4.90414
   -5.14505
   -1.73777
    2.13552
  0.0854908
    0.11282
   0.707707
   0.619656
    -3.1435
   -6.04972
   -2.21115
   -4.49052
   -1.24712
   -1.29622
   -3.55943
   -2.15242
   -2.13774
  -0.861437
   -1.20954
   -1.72561
    1.96872
    1.07024
   -1.31501
   0.749138
    1.47541
    -1.5857
   -1.12139
   -5.59578
   -2.48201
   -1.27564
   -7.11028
   0.850744
   -2.35064
  -0.879223
   -0.44138
   -1.26147
   -2.03885
    2.45275
   0.141136
    -1.3112
   -2.88637
   -3.54966
   -1.15606
   -6.89464
  -0.446568
   -1.51815
   -1.10428
  0.0869425
   -2.27961
   -0.94812
   -2.11659
   0.862424
  0.0452111
   -1.23777
  -0.586683
   0.250386
   -4.70719
   -2.64337
  -0.524305
   -0.96657
   -7.59783
   -3.05711
   -4.47204
    1.02935
  -0.555648
    -1.4434
   -2.72185
   -1.02487
   0.767214
    -3.2421
   -1.02512
  -0.828786
   -1.18019
   -3.31928
   -3.31588
  -0.989975
  -0.814891
   -3.74242
   -9.07967
   0.763901
   -1.57422
   -5.11787
   -0.98887
   -3.00453
   -1.04508
   -1.67986
    -1.2933
   -3.04684
   -1.18889
   -5.73474
   -2.87238
   -1.61207
  -0.406876
   -1.52833
   0.403247
  -0.395721
   -1.73082
   -1.78238
   -2.42181
   -1.02637
  -0.903763
   -1.09208
   -8.31539
  -0.486472
  -0.504992
    0.13256
   -1.17507
   -2.97503
   -4.02045
     0.4667
   -1.13071
   -1.01151
   -1.03646
  -0.890767
   -1.60077
   -4.66922
   -3.70426
   -0.97292
   -2.53822
   -1.81775
  -0.185766
   0.241297
   -0.32855
  -0.988449
   -1.91633
   -2.00546
    -2.2364
   -2.74364
   -2.71137
   -2.53233
   -9.09547
    -0.9382
   -1.86619
   -2.23152
   -3.56007
   -1.68307
   -2.81411
   -3.67279
    -1.2684
   -2.27771
   -0.95372
   -1.07286
   -1.91039
  0.0169979
  -0.995118
   -1.70963
   -4.29616
   -1.05911
   -1.11183
   -3.66685
   -2.83868
   -2.10007
  -0.804399
   -2.04441
   -1.87597
   -2.22659
    -2.0933
   -2.85639
   -2.38626
   -1.15443
   -1.15125
   -7.35937
   -6.67272
   -1.73286
   -3.64075
   -1.80575
   -2.09924
   -3.19453
   -2.13295
   -2.42055
   -2.30624
   -2.23922
     -1.194
   -5.25649
   -10.1686
  -0.614391
  -0.533738
   -0.75743
  -0.511206
   -1.62479
   -1.59447
   -3.25096
   -2.61481
   -2.58478
   -2.04648
   -1.19073
   -2.37648
   -1.29458
   -9.09735
   -4.03464
   -3.85275
    -3.8642
   -1.38194
   -2.05955
   -2.17247
   -2.56432
   -2.23485
   -1.64829
   -1.35473
   -2.46298
   -4.10133
   -2.41792
   -1.73774
  -0.731941
    -2.2198
    -2.0019
   -1.16847
   -1.22351
   -3.29634
   -5.42256
    -2.5404
    -2.4834
   -2.16646
   -1.07773
    -1.3152
   -7.88037
   -3.38293
   -5.52677
    -5.6396
   -1.84563
   -1.34533
   -3.34356
   -2.89483
    -2.3476
   -1.94385
   -1.64815
   -1.01411
   -1.14381
    -1.3469
   -2.47903
  -0.985201
   -1.82365
   -1.87939
   -1.81035
   -2.28241
   -2.85747
   -2.79708
   -1.14848
   -1.17906
    -1.1389
   -3.39852
   -3.58474
   -1.91248
    -3.0405
   -1.04363
   -1.22257
   -7.49649
   -8.43808
   -2.88902
    -2.6527
   -2.32696
  -0.936229
   -9.00277
   -2.14622
   -2.15461
   -2.75357
   -2.77984
     -2.466
   -2.14809
  -0.547846
   -1.19374
   -6.53246
   -3.74169
   -6.29621
   -5.79131
   -1.39319
   -1.96138
   -2.85035
  -0.811846
   -2.38657
   -2.30854
     -2.375
   -2.67257
   -1.54661
   -1.79159
   -1.29405
   -2.04513
   -2.53103
   -1.95809
   -1.87509
   -1.33978
   -1.07403
   -5.13442
    -5.1561
   -2.09109
   -2.48604
   -2.71224
  -0.778467
   -0.95159
   -1.30948
   -8.30517
   -4.58586
   -3.10701
    -2.8907
   -2.27539
   -1.82438
   -1.11082
  -0.561898
   -1.21928
   -1.26827
   -3.16739
    -3.2677
    -4.4858
   -1.84374
   -2.74618
   -3.01967
   -1.36814
  -0.983384
   -1.09961
   -5.95102
    -6.7699
   -3.73118
   -2.47597
   -2.61678
   -2.71649
   -2.45271
  -0.770152
  -0.385103
  -0.856141
   -1.19035
   -2.74425
   -2.31829
   -2.66465
   -2.71232
   -2.71929
   -2.78942
   -2.09072
   -2.71482
   -0.61441
  -0.939112
   -4.03864
   -4.94579
   -2.72387
   -2.57882
   -1.82194
   -2.37307
   -2.51121
   -1.56483
  -0.239705
   -1.00547
   -7.96801
   -4.63336
   -2.56276
    -2.5776
   -2.35024
   -1.85707
  -0.055108
   -6.36096
    -2.9795
   -4.42094
   -2.52538
   -1.97366
   -2.24086
   -1.05718
  -0.469249
   -1.40312
   -4.29033
   -2.12632
   -2.67285
   -1.99489
  -0.943396
    -3.6385
   -2.10812
   -2.73232
   -2.53657
  -0.751729
   -1.21942
   -2.60531
   -3.38486
   -2.32159
   -2.63286
   -2.64863
   -2.39121
   -1.67011
   -1.99098
   -1.24122
 -0.0277045
   -1.13225
   -2.13573
   -2.38267
   -1.73722
 -0.0686093
  -0.745924
    -1.3866
   -1.13457
   -1.01598
   -3.79176
   -3.32246
       -1.8
   -2.07854
   -2.29361
   -2.56259
 -0.0774769
   -1.33257
   -6.39318
   -2.05115
   -2.28266
   -2.66752
   -1.47037
   -1.50841
   -1.52765
  -0.959166
   -1.75304
   -1.93956
   -2.35711
   -1.66006
   -2.33632
   -2.31244
  -0.772848
   -1.00549
  -0.986742
  -0.978584
   -7.86365
   -2.32023
   -1.64369
   -1.04454
  -0.825432
   -7.62763
   -2.39769
   -2.43402
   -2.26765
   -2.01136
   -1.12638
   -1.26505
   -1.42626
  -0.814367
  -0.435784
   -2.49902
   -2.52548
   -2.10997
   -1.27748
   -1.05776
  -0.633876
  -0.261843
   -1.36213
  -0.555696
   -1.08663
   -2.29393
   -1.28108
   -1.09962
   -1.35118
   -1.20836
   -1.16536
   -1.10199
   -1.00003
   -5.54932
   -2.85569
    -2.2008
   -1.67543
   -2.04607
   -1.46928
   -1.28322
  -0.619252
   -1.38191
   -1.25804
   -1.58496
   -2.30534
   -1.86948
   -1.18634
  -0.579187
   -1.27141
   -1.25694
   -2.75101
   -7.60105
  -0.197668
   -1.25912
   -1.62273
   -2.22782
  -0.854976
  -0.781759
  -0.948319
   -1.16232
     -7.453
   0.395074
  -0.322761
   -1.15532
   -1.75446
   -1.68683
    -1.4342
  -0.992993
   -1.10608
  -0.754137
   -1.59337
  -0.151234
   -1.05252
   -1.75214
   -1.15088
   -1.60308
   -1.46531
   -1.42229
  -0.799504
  -0.747351
   -1.66352
   -1.30649
   -1.56096
   -4.97419
  -0.372418
  -0.615702
   -1.45921
   -1.51452
   -1.35994
   -1.15823
  -0.668889
  -0.962584
    -1.4015
   -2.58128
  -0.608376
  -0.703027
   -1.11795
   -2.31997
   -2.13393
   -1.94788
    -1.4591
  -0.982304
  -0.911167
  -0.785261
   -1.63716
   -1.60522
   -7.26161
   -1.26755
  -0.258882
   -2.25954
   -2.21356
   -1.25111
  -0.630302
  -0.832288
   -1.46564
   -1.25746
   0.420683
 -0.0119888
   -2.20878
   -1.65402
   -1.25612
   -1.27196
  -0.949981
  -0.776852
   -1.17261
  -0.509443
   -1.72226
   -2.59718
   -2.04998
   -1.89018
  -0.793588
  -0.757153
   -1.61145
   -4.67845
   -7.76865
   -3.20586
  -0.114834
  -0.262135
   -1.21629
  -0.681467
   -2.27957
   -7.55096
   -5.94033
   -2.10597
    -0.5134
   -0.79438
   -0.48149
   -1.28689
    -0.6119
   -2.76828
   -2.37592
   -1.01214
  -0.880816
  -0.710966
  -0.623191
  -0.603914
   -1.43984
   -2.27754
   -1.65132
   -1.17785
   -1.50422
   -1.30044
  -0.159455
  -0.488783
   -1.67859
   -2.53052
   -1.39299
   -1.08578
   -0.92859
  -0.734901
  -0.658417
   -0.44529
  -0.715575
   -1.46269
   -1.46264
    -1.3849
   -5.59909
   -1.89918
  -0.174824
  -0.380456
   -1.90202
  -0.609585
    -1.8723
   -4.03636
   -3.82976
   -2.52928
   -2.41095
   -2.85242
    -2.7344
   -1.94019
   -1.43149
  -0.550157
   -1.29065
  -0.702315
  -0.246569
   -2.14396
  -0.621686
   -0.56524
    -1.2229
   -1.26433
   -4.23839
    -5.6067
   -2.85438
   -2.36786
    -2.0681
   -1.13426
  -0.672458
  -0.604061
  -0.620428
  -0.605026
  -0.429452
  -0.912194
   -1.25533
   -6.17492
  -0.906779
   -0.81176
   -1.21068
   -1.27931
   -1.46911
    -2.2419
   -5.19835
   -1.79766
  -0.982739
  -0.977685
  -0.685597
  -0.424444
  -0.747418
   -1.63687
   -1.07276
   -1.58804
   -2.20581
   -2.87325
   -2.62149
   -2.37579
   -1.79469
    -1.5961
   -1.04055
  -0.528841
  -0.623284
   -0.48131
   -1.09113
    -3.4302
   -1.39056
   -1.58137
   -2.92216
   -2.47726
   -1.20151
  -0.953569
  -0.776331
  -0.428221
   -1.77526
    -1.5144
  -0.843258
  -0.468225
  -0.469491
  -0.537086
  -0.687042
   -5.09621
   -5.78856
   -4.43654
   -3.53359
   -2.28333
   -2.68588
  -0.996893
  -0.741291
   -1.56029
   -5.13241
   -2.59404
   -2.35409
   -2.87088
   -1.87384
  -0.475144
  -0.673039
   -1.05028
   -1.25989
   -2.07597
   -1.71759
   -2.75539
   -2.89392
   -2.81304
   -1.51401
   -1.36391
   -1.16276
  -0.727555
  -0.491041
  -0.990346
   -4.04058
   -2.37086
   -1.97748
  -0.929634
  -0.923285
  -0.209623
   -4.45237
   -3.95533
   -1.78285
  -0.641432
  -0.209497
   -1.69715
   -3.01297
   -1.99338
   -2.40883
   -1.38302
   -1.02564
  -0.932281
  -0.487074
  -0.599675
   -1.30217
   -2.27411
   -3.02007
   -1.96043
   -1.95495
   -2.21258
  -0.543586
  -0.119512
  -0.205724
   -1.00133
   -3.64622
  -0.597795
  -0.199194
  -0.444185
    -2.6792
   -1.73422
   -1.17466
  -0.984545
   -0.38785
   -0.13331
    -3.0121
   -2.88586
   -2.27199
   -1.47244
  -0.622963
    0.16011
   -1.14078
   -3.01795
   -2.63112
   -2.28292
   -2.48753
   -1.20357
  -0.880665
  0.0932633
  0.0790083
   -1.10224
   -2.01222
   -2.34832
   -2.69475
   -1.72315
    -1.2933
  -0.350108
   0.169763
   -1.35161
   -3.13875
   -2.29373
   -1.08332
   -1.01203
  -0.764099
  -0.712227
   0.204427
   -2.56825
   -2.49347
   -2.47948
   -2.68755
   -2.22954
  -0.392327
  -0.122452
   -1.21189
   -2.21538
   -2.18728
   -1.71763
  -0.492809
    -0.4953
  -0.323898
  -0.168318
  0.0998326
     -1.492
   -2.55766
   -2.55402
   -1.76375
  -0.853208
  -0.620461
   -1.72089
    -2.2124
   -2.29882
   -1.35251
   -1.38946
   -1.24758
   -1.01305
   -1.81572
   -1.96434
   -2.39418
   -2.15808
   -1.19546
   -1.56881
   -1.78412
   -2.31645
   -1.66934
   -1.22608
   -1.01771
  -0.932706
   -1.33021
  -0.989252
   -1.06495
   -0.43969
  -0.811145
   -1.97695
   -1.58479
   -1.24352
   -1.31014
   -1.81266
    -1.9823
   -1.75525
   -1.17483
    -1.2398
  -0.767532
   -1.52549
   -1.53343
  -0.442941
  -0.632555
   -1.04334
   -1.19024
   -1.30411
  -0.871789
    0.72204
   0.425314
  0.0701138
   -1.29008
  -0.181579
   0.335415
  -0.754505
   -1.11419
       0.19
   0.129156
   0.191609
  0.0721737
   0.151738
  -0.333101
   -3.96086
   -3.98101
    -2.5587
   -3.06171
   -2.34978
   -2.63058
  -0.473738
   -1.39708
   -2.64767
   -1.65827
   -1.88776
   -1.76705
   -1.63425
   -1.64362
    -1.0593
   -3.05853
   -1.22274
   -1.89074
   -4.16156
   -4.76721
   -1.76917
   -1.67258
   -1.41178
  -0.923355
   -1.64407
   -4.51356
   -1.56469
   -1.22855
  -0.276663
   -1.41856
   -1.04767
   -1.86686
   -2.21989
   -1.63791
   -1.40311
   -1.36166
   -1.64581
 -0.0357476
   -4.74375
   -1.08552
    -2.1762
    -1.9189
   -1.22443
  -0.865583
   -1.01096
   -1.73929
   -1.29297
   -0.43312
   -5.80908
   -1.65614
  -0.616349
    -2.0264
   -1.95905
   -1.16572
  -0.781162
   -2.51874
   -1.94412
   -1.82765
   -1.02159
  -0.931579
   -1.77546
   -1.59938
   -1.02513
   -7.33301
   -2.42983
   -3.50526
   -1.77073
   -1.96006
   -1.26389
    -4.4353
   -1.61642
   -1.70105
   -2.51253
   -3.57661
   -3.53192
   -2.73587
   -2.31093
  -0.651949
  -0.830354
   -2.70912
  -0.933343
   -2.75639
   -1.06681
 -0.0186232
    -1.8042
   -1.63871
  -0.985553
   -0.68324
   -2.80474
    -1.2549
   -3.19474
  -0.299543
   -2.83513
  -0.743886
   -2.76061
  -0.820733
  -0.819536
  -0.747038
   -2.17846
    3.04455
   -1.15493
   -1.62487
    1.27394
  -0.800562
   -1.42613
   -1.51936
  -0.218849
   -1.55662
   0.735723
   -2.61938
   -1.19253
  0.0748385
  -0.214292
   -1.38768
   -2.13737
   -1.11017
   -3.21919
   -6.21517
   -6.60939
   -8.86075
   -11.9742
   -6.55544
   -1.64556
   -2.98584
    -4.6803
  -0.570449
   -2.51324
    1.57582
   0.176284
   -9.82943
   -3.66304
   0.819101
   -4.34569
   -8.00479
   -6.36537
   -3.09357
   -4.99772
   0.303224
 -0.0605717
  -0.513138
   -3.99139
   -5.70159
   -5.03044
    -5.2863
   -3.21014
   0.765858
    5.24372
   -8.81815
    -1.3267
   -1.22078
    -12.393
   -5.80919
   -9.72827
   -4.91075
  -0.667166
    -1.6535
   -1.71989
   -4.60809
   -2.20024
   0.441331
   -2.78348
   -3.99429
   -6.28382
    -2.4385
    4.58418
   0.329558
   -2.50149
  -0.563444
   -2.25936
   -1.95704
   -1.68782
   -2.90322
   -4.62336
   -2.64459
      1.299
     -1.914
    -14.172
   -4.77248
    -3.0038
  -0.735012
   0.898397
    -2.5166
   -5.23995
   -5.48563
    3.11081
    2.82386
   -6.19405
   -8.54302
   -4.25249
   -9.09559
    2.88507
    2.06376
   -2.49438
   -6.38995
   0.570838
   -5.04011
   -3.09255
   -7.40969
   -4.85429
   -8.51437
   -4.42191
   -7.63178
   -10.8473
   -8.45806
   -4.72715
   -11.0453
   -13.1354
   -12.9551
   -5.69389
   -2.16728
    -1.3169
   -9.45126
   -9.78783
   -1.16542
   -1.36521
    -4.5294
    -5.8398
   -2.23601
    -9.1887
   -5.59183
   -12.1722
   -4.02515
   -1.77676
   -1.25741
    -4.7557
   -1.80404
   -4.74635
   -1.62719
   -2.23405
   -6.69628
   -4.17652
   -4.93474
   -7.71345
   -5.14731
   -7.99823
   -4.54343
   -7.69079
    -7.2415
   -3.84424
   -3.38423
   -5.03173
   -3.26352
   -2.43656
   -2.61532
   -7.95268
   -4.86896
   -9.39248
   -1.12866
   -1.65821
   -3.27826
    -2.7207
   -1.10007
   -5.04396
   -7.80121
   -12.0604
   -8.29389
   -1.25669
   -4.60483
    0.92179
    6.21906
   -1.47693
   -5.10811
   -6.22088
   -4.63034
   -1.28958
    4.27226
  -0.987971
    -2.3828
   -2.25325
   -3.99403
    3.21947
    1.31729
   -1.46976
   0.678588
   -2.88895
    1.70406
   -1.48335
   -3.31841
   -3.74727
   -2.74762
  -0.539075
   -3.02117
  -0.949153
   -4.77325
   -2.52006
   -1.08034
   -1.05521
    -2.1936
   -2.46001
   -2.27589
   -1.09471
   -1.62174
   -1.41493
   -2.88227
   -2.41309
   -2.51693
   -1.12502
   -7.17105
    -2.0739
    -2.7675
   -2.69858
   -2.80836
   -2.56263
    -2.6241
    -0.7264
   -1.25138
  -0.744584
   -1.39081
   -2.59258
   -1.90799
 -0.0986239
   -5.76156
   -1.41202
   -1.45167
   -1.76669
  -0.766929
  -0.634369
  -0.798229
   -1.13854
   -6.28467
  -0.675985
  -0.591484
  -0.665587
 -0.0299633
  -0.443252
   -1.00703
  -0.872584
   -6.91531
  -0.582566
  -0.756219
  -0.675941
   -1.63235
   -1.02426
   -2.16675
   -0.97101
  -0.408054
   -1.22577
  -0.823399
   -1.93345
   -2.89758
    -3.3395
   -1.26671
   -2.22777
   -0.20897
   0.301437
   -2.55205
 -0.0152077
   -1.85653
   -1.75807
   -1.87831
   -1.64196
   -2.00236
    -1.3891
   0.300218
   -1.35361
   0.218975
   -1.04066
   0.713096
  -0.967169
   -1.05434
  -0.688217
   -1.10223
   0.488986
   0.286404
  -0.120616
   -1.21941
  -0.937206
   -1.79372
   -3.31755
   -1.67404
   -7.78486
   -1.62731
   -2.61621
   0.266988
   -1.06257
   -1.04027
   -3.52765
    -2.0727
   -2.33482
   -2.53473
   -2.38916
    -2.7401
   -2.79753
   -2.45446
   -2.65492
  -0.611068
   0.130036
   -3.82879
    2.51311
   -3.38867
   -1.00601
   -1.39496
   -5.30252
   -2.86011
   -2.35447
   -1.87313
   -6.82276
    2.48224
  -0.976587
   -6.00091
    -1.4743
   -6.02529
   -9.12181
   -3.16258
   -6.11402
   -7.39649
   -2.63297
   -7.83839
   -2.50224
    -9.4748
    -3.5461
   -7.44307
    1.39361
   -3.31992
   -6.87405
   -4.39137
 -0.0199375
  -0.548392
   -1.81809
   -3.18558
   -2.44453
   -1.14438
   -7.20093
   -3.12556
   -2.48585
   -3.38776
   -2.50556
   -2.12739
   -2.28547
   -10.0458
   -4.20518
   -3.30186
   -3.61048
 -0.0156881
   -12.3873
   -9.89657
   -2.27806
   -2.79099
   -6.99268
   -2.73913
   -12.9848
   -1.45819
   -2.01676
   -1.20864
   -10.8396
   -9.75451
   -2.09803
   -1.77333
   -7.15066
   -5.84936
   -8.86248
   -9.84342
   -9.75189
   -2.10572
    -12.576
   -3.12706
   -3.91245
   -1.98628
   -3.68287
   -2.65466
   -1.26251
   -3.66381
   -1.53784
   -8.42051
   -7.96163
    -1.0334
    -1.7417
   -2.56917
   -3.67179
   -2.73307
   -2.51345
   -1.11141
   -2.07391
  -0.622479
    0.73322
    1.80908
  -0.665264
    -1.5379
   0.255214
 -0.0487912
   -4.90713
   -1.40216
   0.363333
   -1.05177
   -2.22638
   -1.23498
 -0.0531057
  -0.973031
  -0.735007
  -0.967728
   -5.45643
   -2.15375
  -0.755028
  -0.988108
   -1.40504
   -2.33878
  -0.844009
   -2.14821
   -1.18652
   -3.29675
   -1.84747
   -1.02923
   -2.56883
   -2.39701
   -1.52294
   -2.84414
   -1.09322
   -6.41671
   -2.47858
   -7.76768
   -1.04179
   -1.21971
    -2.3984
  -0.868579
  -0.898339
   -1.08666
  -0.515201
    -1.6707
  -0.999259
  -0.504548
   -2.44166
   -1.04677
   0.183502
   -2.25948
  -0.393334
 -0.0256684
  -0.706853
   -7.28348
   -2.42615
   -2.55718
   -10.3467
   -12.4122
   0.097218
   -4.86285
   -1.70786
   -2.91775
   -3.63105
    2.40911
    4.94686
   -1.89574
   -1.18138
   -2.36589
   -2.76369
   -1.39233
   -7.72373
   -2.01777
   -8.09121
 -0.0279886
   -2.73078
  -0.915166
    -2.7148
    -2.4137
   -3.47869
   -1.55265
    -4.2207
  -0.732429
   -3.68942
   -3.47515
   -3.68124
   -4.60159
  -0.631617
   -3.25713
   -4.75018
   -5.13516
   -2.51048
   -6.80418
   0.763437
   -11.7226
   -2.52809
   -1.88418
    -6.4912
   -3.91533
   -2.91197
   -6.87971
   -6.83989
   -4.78766
    -7.6833
   -2.48024
   -1.21423
   -1.99716
   -9.14514
     -9.591
   -3.23973
   -6.98474
     -2.359
   -3.90005
   -4.44008
   -4.38546
   -4.07143
   -1.87688
    -2.6065
   -1.42993
    -7.8395
   -1.01669
     2.9386
   -4.20871
 -0.0892512
  -0.482087
    -4.9313
  -0.661851
   -1.16375
   -1.14667
  -0.317411
   -1.87822
   -4.28891
   -1.64129
  -0.861972
   -1.75437
   -1.08478
    -2.9386
  -0.438887
   -1.73681
   -1.34552
   -1.25726
   -2.22735
   -2.78425
  -0.993843
   -2.48393
    -2.1098
   -3.33388
   -2.23398
   -2.00262
   -3.60495
    -1.3373
   -3.42567
   -2.15879
   -6.94246
   -6.66845
  -0.958256
   -2.75213
   -1.04701
   -2.98198
   -1.45906
   -6.35904
   0.346217
   -11.0617
   -13.4047
   -4.33376
    5.27943
   -3.33205
   -1.79318
    1.25155
   -1.81368
   -3.07291
   -1.90113
   -1.05964
   -8.57986
  -0.635308
   -2.84108
   -2.08252
   -14.7928
  -0.531199
  -0.847347
   -3.66519
   -9.57001
  -0.746662
   -4.28599
    1.02239
    1.31047
  -0.146601
  -0.716078
  -0.729306
  -0.696472
  -0.707282
   -1.45184
  -0.980232
     -0.785
  -0.449202
  -0.285571
  -0.633522
   -1.00943
  -0.181573
   -1.07524
   -6.38208
    -4.8494
   -2.97828
   -2.37975
  -0.167601
  -0.227276
   -3.30752
   -3.09801
   -1.89513
   -1.66008
   -4.09726
  -0.909669
   -1.10444
  -0.753122
  -0.476257
    -1.5024
   -1.34731
   -2.06544
  -0.465819
   -1.09013
  -0.628131
   -1.52795
   -1.14303
   -1.31622
   -1.50826
   -1.08531
   -1.41376
   -1.06049
-0.00952579
   -4.08986
    -1.8179
    1.63159
   0.403011
  -0.246963
   0.619488
  -0.319084
   -1.41022
   -4.35591
   -4.36188
   -1.71553
    -3.4354
    -5.2665
   -4.44663
   -3.69129
   -2.87838
      1.167
  -0.702517
  -0.411957
   -2.08163
   -2.40231
   -2.03906
   -1.97852
   -1.02806
   -2.36048
  -0.989386
   -2.12694
   -0.56624
   -1.60122
   -1.48732
   -2.54085
   -1.76066
   -1.00874
   -1.47033
   -1.34477
  -0.626782
 -0.0887397
   -1.93873
    -2.3205
   -2.15627
    -1.4877
    -1.8639
    -1.6242
    -1.8221
    -2.1145
   -1.97932
   -2.70863
  -0.656059
   -1.27281
   -2.53408
   -2.08211
   -3.62084
   -2.35318
    -1.8246
    -1.8774
   -2.52329
   -2.26923
   -2.52433
   -3.97122
   -3.41064
   -3.03216
   0.932776
  -0.732135
   -5.05411
   -4.02938
    -4.5896
   -2.65275
  -0.167368
   -5.18519
   -5.07767
  0.0735945
    2.83794
     7.2779
    7.38534
    11.4721
    7.09759
    8.83594
   -6.37635
   -4.81738
   -5.97079
   -5.00158
    1.87201
     0.7945
   -3.44355
    5.52184
   -4.22352
     1.9155
   -3.26115
   -4.52417
    3.47093
   -2.39592
  -0.796135
    -2.9331
  -0.582069
   -2.07879
   -3.43887
   -3.14827
   -2.79466
   -2.49902
   -2.73793
   -2.60021
   -6.07705
   -6.08731
   -1.54352
   0.878017
   -2.36671
   -1.97919
   0.124043
   -4.68857
  -0.258277
  -0.263471
   -6.40718
   -1.54099
   -1.62609
   -1.45257
   -1.05807
   -3.04665
   -5.39214
    -5.4485
    -2.4601
   -5.84158
   -4.76925
   -4.67445
   -12.6861
   -2.75666
   -11.1826
   -11.9045
   -2.51537
   -9.87081
   -3.82206
   -1.42078
   -1.41429
   -1.53421
   -7.13429
   -4.01111
   -8.56123
    -9.9765
    -3.9684
   -9.36748
  -0.968001
   -4.78691
   -1.02403
  0.0803917
  -0.755763
   -0.23866
   -4.48763
   0.204274
   -3.08118
    -1.3804
   -6.85062
   -3.09386
   -1.71459
   -1.13413
   -1.75827
   -1.43235
   -1.25003
  -0.925446
   -4.09431
   -3.25493
   -2.11919
   -2.03993
   -2.54946
    -2.3143
   -1.81569
   -1.16812
  -0.651129
  -0.744155
   -6.15443
  -0.915062
  -0.611326
   -3.31248
   -2.76177
  -0.708602
   -1.07604
   -1.62059
   -1.61044
  -0.703482
   0.501199
    -4.7102
   -2.63196
  -0.391902
   -4.44754
   -9.33333
   -2.55813
   -7.46785
    3.05427
   -6.17778
   -4.36212
   -6.46554
   -1.19897
   -1.45383
   -10.5229
  -0.386527
    1.22552
   0.521101
   -2.87283
   0.245912
    5.85161
  -0.994476
   -5.33185
   -2.94418
   -5.57925
   -7.60375
   -1.40654
  -0.537662
  -0.792527
  -0.747007
   -2.71719
   -6.40332
   -5.50408
   -1.48957
   -1.72449
    -1.3697
   -1.03242
   -2.56802
   -2.52602
   -1.25968
   -2.41724
   -1.39346
   -5.74644
   -2.31018
   -2.66134
   -4.21982
   0.709991
    -1.0177
   -2.62749
     2.0239
   -0.56068
   -3.30359
  -0.991311
   -1.39876
   -3.98743
   -1.34112
   -3.94529
   -2.12982
   -2.11918
    -5.2033
   -3.15153
    -2.1209
    -1.0025
   -1.42514
   -1.46101
   -1.69427
    -1.6045
  -0.139354
  -0.184938
   -5.99997
   -3.33071
   -3.66954
    2.77837
   -2.26689
   -10.0333
   -4.34442
   -8.23123
   -8.31446
   -7.85318
   -6.98135
   -4.12892
   -4.40693
   -11.8476
   -4.82044
   -1.84712
   -2.22637
   -4.72865
   -1.48647
   -5.07314
   -1.54746
   -7.64241
   -2.02079
   -3.49793
   -7.08971
   -2.11038
   -1.25914
   -1.28569
   -2.62773
   -2.42052
   -3.10366
 0.00457869
   -1.44874
  -0.590301
   -3.48834
   -4.36303
   -1.17459
   -1.80952
   -1.12793
  -0.292331
  -0.241545
   -1.56695
   -2.95578
  -0.818146
  -0.780749
   -5.07828
   -1.58442
    -2.8628
   -4.83404
   -9.72657
   -10.3522
   -1.30784
   -2.93795
   -0.61265
   -4.38286
   -1.62827
   -3.47176
   -9.61986
   -1.87532
   -2.15907
   -2.33362
   -2.83845
   -7.13552
   -1.21562
   -1.23599
   -1.24101
  -0.880345
  -0.487762
   -4.68191
   -7.53509
  -0.570937
   -7.20104
   -1.86177
   -3.68123
  -0.790405
  -0.215654
    1.17553
   -7.52423
  -0.374276
   -3.12456
   -2.94303
   -2.67836
   -7.72885
   -5.31771
  -0.470798
   -2.99687
   -2.69849
   -6.47882
   -2.48597
   -11.2857
   -7.40948
   -1.39386
   -2.33118
   -1.92879
   -4.44567
    2.67026
    -1.0672
     1.2244
   -3.13458
    -2.5784
   -1.17565
   -1.62637
   -1.90276
   -2.80344
   -2.64436
  -0.444944
   -10.1863
    -9.2122
   -2.84467
   -1.98769
  -0.361545
   -2.90711
   -3.30441
   -2.66828
   -3.21007
   -0.88787
   -1.34898
   -2.25597
   -4.89094
   -2.46784
   -4.89122
  -0.781081
   -7.00284
   -4.99929
    -4.0238
   -10.9066
   -2.35621
   -3.45421
   -5.77412
   0.339233
   -3.03656
   -2.65683
   -2.40242
   -2.18819
   -0.48718
   -4.64827
   -1.39475
   -4.98774
   -5.80869
   -0.86925
   -1.05983
  -0.768085
   -3.07294
   -2.84916
   -7.61029
   -1.56158
   -2.53041
   -9.79424
   -6.07609
   -7.11527
   -2.41075
   0.254794
    -6.2168
   -1.17726
   -1.79526
    2.17014
   -3.08859
   -7.29488
   -3.28985
  -0.934094
  -0.906948
   -1.26798
   -0.42254
    -3.2232
   -8.00906
   -1.90706
   -10.0928
   -1.56677
   -3.36915
   -6.17972
   -6.50509
  -0.723095
   -5.51757
   -2.31021
   -2.29681
   -2.76878
   -4.36681
   -1.34211
  -0.541955
   -6.89858
   -1.26808
   -1.75305
   -6.55624
  -0.408394
    0.45737
   -4.81205
   -1.23596
   -1.62313
   -4.55078
   -1.34311
   -4.53866
   -1.63573
   -3.00772
   -10.0025
   -13.7516
   -6.06402
   -6.29436
   -2.90584
   -2.23243
    -2.4526
   -1.43601
  -0.853174
   -5.47164
   -5.90751
    -3.2163
  -0.572228
    -3.6986
  -0.934169
   -2.16096
   -2.01574
   0.827309
    3.20011
    -2.3033
  -0.823902
  -0.946014
   -8.08142
   -1.50993
   -14.0931
   -12.8575
   -3.63266
  -0.871179
   0.166823
   -1.11274
   -2.36975
   -2.97845
   -1.39175
    -2.8653
   -1.13695
   0.065837
   -1.66778
    -6.5923
   -4.26973
   -1.50671
   -3.29748
  -0.616687
   0.106967
    -1.2365
   -1.26538
   -2.46391
   -2.74542
   -1.54082
 -0.0627282
   -1.74122
   -8.39729
    0.27025
   -6.82818
   0.544485
  0.0784432
   -1.89919
    -2.7524
   -8.08258
   -5.96105
   -0.94961
   -2.42654
   -1.49564
  -0.976026
   -1.69666
   -4.39399
  -0.708171
  -0.112844
   -1.36157
   -3.08941
  -0.824199
   0.228766
   -1.33588
   -1.13099
   -2.77201
   -3.03767
  -0.794345
   -1.15467
   -13.9048
   -2.68789
   0.070586
    11.9847
   -2.64085
   -5.82212
    -1.5366
    0.20093
   -1.43932
   -7.32865
    -7.1493
   -6.33673
   -1.53829
    -4.9525
  -0.897323
  -0.970687
   -1.80222
  -0.534798
 -0.0789931
   -0.85044
   -1.62077
   -0.56767
   -1.12331
   -1.27674
   -1.28869
  0.0463788
  -0.589804
   -1.28502
   -2.59992
   -3.17011
  -0.746781
   -2.71557
  -0.627043
   -1.95914
   -1.20649
   -1.04738
   -1.74569
   -7.26999
   -4.89861
   -6.90863
  -0.790582
  -0.961582
   -4.66036
  -0.969408
   -0.84424
  -0.500858
 -0.0947687
   -1.24739
   -1.15012
  -0.612735
    -0.4977
  -0.728286
   -1.18517
   -1.28527
   -1.93377
   -1.88758
   -1.06381
   -1.65818
  -0.537347
  -0.960088
   -1.63345
  -0.962251
  -0.685919
  -0.859754
   -0.45667
  -0.769167
   -2.01908
   -2.82519
   -1.33308
  -0.980798
   -1.23348
   -5.97154
   -0.78669
   -0.57062
   -1.03741
   -8.81252
  -0.749257
   -1.04806
   -2.62495
   0.202908
   -0.61996
   -0.22717
   -1.67776
  -0.710752
  -0.300476
   -1.46892
   -1.53552
   0.272298
  -0.710623
  -0.936625
  -0.640754
  -0.403221
  0.0163725
   -0.95502
  0.0404714
   -2.15307
  -0.923473
    -3.2853
   -1.40294
  -0.380472
    -1.0063
  -0.505114
  -0.294711
  -0.593761
   -2.43843
  -0.113559
   -1.37428
   -1.74083
   -2.28874
   -5.94876
   -1.12489
   -1.66159
    -2.6943
   -2.43608
   -1.78547
   -6.98816
    -1.0742
   -1.52217
    -3.5467
  -0.585918
   -1.52801
  -0.451169
   0.116985
   -1.02836
   -5.58868
   -1.79525
   -2.58033
  -0.341626
   -1.15743
 -0.0492627
   -0.39084
    -1.1888
   0.392844
   -2.27653
  -0.944546
  -0.260464
    -2.5541
  -0.533128
   -0.37938
  -0.551254
    -1.6378
   -1.10734
  -0.666824
  -0.692921
  -0.582253
   -3.84374
   -1.09062
 -0.0181586
  -0.622102
  -0.484172
  -0.144077
    -0.1451
   -1.67577
   -1.14583
   -5.04734
   -1.65853
  -0.498373
   -1.18755
  -0.377597
  -0.675051
  -0.485592
   -1.61319
   -3.29177
   -2.11122
  -0.750253
  -0.833356
   -4.16607
   -2.26341
  -0.249832
   -1.17762
    -1.8848
   -3.30996
   -2.53606
   -2.13376
  -0.808455
   -2.04655
   -2.45919
  -0.942092
   -1.39614
   -1.01963
   -3.00603
  -0.269961
   -1.78591
   -2.76396
   -2.46585
   -1.76857
   0.285223
  -0.444958
  -0.117867
  -0.990734
   -7.61752
   -2.79529
   -8.31701
   -1.10021
  -0.312198
   -8.26329
   -7.12608
   -1.29823
  -0.805383
   -1.65907
   -1.75666
   -1.75867
  -0.958902
   -1.25784
  -0.552249
  -0.954736
   -1.58607
   -1.36722
  -0.250341
   -1.48344
  -0.549757
  -0.471878
  -0.403674
   -1.79866
   -5.21394
  -0.299218
  -0.873988
  -0.336331
   -0.48404
  -0.304444
   -2.63384
  -0.299831
     -2.582
   -0.44132