   -2.51395
   -3.33534
   -4.51221
   -4.99958
    -4.6309
   -3.61556
   -2.88668
   -2.05021
   -1.09121
  -0.536515
  -0.130106
  -0.318604
  -0.562186
  -0.852233
   -1.31096
   -1.75878
   -1.65971
   -1.40174
   -1.04826
  -0.912586
  -0.769458
  -0.319936
  -0.075235
  0.0360769
  -0.013197
 -0.0180273
   -0.19786
  -0.393143
  -0.614051
  -0.752455
  -0.965966
   -1.12571
   -1.22099
   -1.25918
   -1.18258
  -0.865947
  -0.312322
 0.00713054
   -0.10363
  -0.090756
   -0.43961
  -0.388099
   -1.06335
   -1.27246
   -1.68681
   -1.95717
   -2.21747
   -2.08146
    -2.7976
   -3.01376
   -3.11643
   -3.35672
   -3.03955
   -3.35967
   -3.91842
   -4.05045
   -5.27706
   -5.51087
   -5.71085
   -5.75766
   -5.74765
   -5.93141
   -6.06005
   -5.82789
   -5.12197
   -4.86376
   -4.97177
   -4.86628
   -4.32644
   -4.15303
   -4.63355
   -5.27945
   -7.02187
   -6.92783
   -7.77873
   -8.41221
   -8.33969
     -7.571
   -6.32515
   -5.93021
   -5.43494
   -5.20174
   -4.63302
   -4.55525
   -3.74659
   -3.31281
   -2.61201
   -2.13018
   -1.25628
   -1.14746
  -0.999488
  -0.986218
  -0.771644
  -0.655845
  -0.466468
  -0.221831
   0.126963
   0.156075
   0.238281
   0.176608
   0.057144
  -0.410601
  -0.716696
  -0.826935
  -0.783443
  -0.743735
  -0.666339
  -0.638391
  -0.633886
  -0.685701
  -0.702542
  -0.737042
  -0.696304
  -0.639394
  -0.474365
  -0.224628
  0.0437473
   0.273725
    0.22935
   0.326729
   0.232697
   0.181002
   0.109253
 -0.0268849
  -0.197302
  -0.459731
  -0.725962
  -0.892168
  -0.969643
   -1.03246
   -1.38929
   -1.90982
   -2.04091
   -1.78633
    -1.2859
  -0.903568
  -0.771868
  -0.868864
   -1.24209
   -1.57677
   -1.69231
   -1.47613
  -0.967965
  -0.574512
  -0.283045
  -0.168512
  -0.324721
  -0.220076
 -0.0828973
  -0.182039
  -0.132554
   0.174307
    0.28005
    0.46764
   0.567551
   0.655424
   0.543159
   0.355553
-0.00105894
  -0.675481
   -1.24587
   -1.86326
     -2.056
     -1.745
   -1.42888
   -1.22092
   -1.20939
    -1.0725
   -1.02734
  -0.941805
  -0.889489
  -0.794377
  -0.757357
  -0.907367
   -1.10741
   -1.50151
   -1.76935
   -1.88651
   -1.82712
   -1.65798
   -1.39692
   -1.06323
  -0.788005
  -0.598682
  -0.526033
  -0.587814
  -0.856813
   -1.09522
   -1.21347
    -1.1983
   -1.14787
   -1.09454
   -1.13394
   -1.24191
   -1.33137
   -1.35596
   -1.36738
   -1.36886
   -1.40313
    -1.3453
   -1.06864
  -0.917015
   -0.89004
  -0.928482
   -1.10678
   -1.40936
   -1.74518
   -1.88985
    -1.8627
   -1.64577
   -1.35434
   -1.06408
  -0.952532
   -1.08444
    -1.4077
   -1.62159
   -1.82574
   -1.79584
   -1.66912
   -1.51232
    -1.3454
   -1.27382
    -1.2192
   -1.10316
  -0.803479
  -0.420185
  0.0757836
   0.306555
   0.367171
 -0.0284761
  -0.816138
   -1.82139
   -2.65676
   -2.96737
   -2.73475
     -2.237
   -1.64316
   -1.14719
  -0.839507
  -0.469209
  -0.129602
   -0.60618
   -1.42294
   -1.99843
   -2.97082
   -4.83385
   -6.93287
   -8.10896
   -8.63355
   -7.67886
   -6.00589
   -4.18787
   -3.34129
   -3.15025
   -3.01195
   -2.93463
   -2.86946
   -3.26772
   -3.07943
   -2.88999
   -2.51014
   -2.68412
   -2.79266
    -3.0187
   -2.84814
   -2.17596
   -1.86768
   -1.82862
   -1.26349
   -1.49013
  -0.607926
   -7.04069
  -0.424494
   -5.58372
   -2.31285
   -1.95758
  -0.726868
   -1.21913
   -7.56632
   -2.18777
   -1.35753
   -1.33996
   -5.68867
   -2.33426
   -1.54169
  -0.703224
   -1.10755
   -1.37366
   -5.91012
   -6.22073
   -1.89987
   -2.63565
   -1.04536
   -1.34649
  -0.737878
  -0.433859
   -1.56243
  -0.331129
   -2.53693
    -6.8717
   -1.58478
   -3.75249
   -3.62915
   -8.97334
  -0.838861
  -0.912824
  -0.271427
  -0.759879
  -0.296258
  -0.687145
   -1.29157
   -1.78098
    -1.5452
   -1.72452
   -1.51683
   -1.40174
   -6.97853
   -6.31471
   -6.69448
   -6.40701
    -5.8338
   -2.43266
   -2.96901
   -2.67008
    -2.7919
   -2.81217
   -1.19054
  -0.567379
   -0.46308
    -1.0613
  -0.631826
   -1.06755
   -1.28118
   -0.86138
  -0.413333
   -1.65694
   -0.33559
   -1.08456
   -4.75184
   -1.86832
  -0.927165
   0.348221
  -0.243715
  -0.681335
  -0.532237
   -1.56189
   -1.26166
   -1.39928
    -1.5166
  -0.213418
  -0.318747
  -0.653836
  -0.369805
   -0.60725
   -1.86063
   -1.41179
   -1.74959
   -1.43518
   -1.48246
   -6.81933
   -6.09534
   -5.53349
   -6.04865
   -6.51581
   -1.35243
  -0.998529
  -0.900321
   -0.50166
  -0.551651
   -3.72452
   -5.47285
   -3.09821
   -2.92409
   -2.88569
   -3.57374
   -4.18038
   -2.86007
   -4.32757
   -8.59435
   -6.05918
   -2.04539
   -1.51738
  -0.921295
   -1.23686
   -2.30501
   -1.10346
   -0.45406
   -1.12706
   -1.30566
   -2.41433
   -6.57966
    -9.5789
   -2.59653
   -1.13075
  -0.729759
   -1.15701
  -0.873198
  -0.726898
  -0.958731
   -1.06956
   -1.05039
  -0.697016
  -0.687556
  -0.378883
  -0.522119
  -0.166057
  -0.403731
  -0.121148
   -0.79769
   -1.94115
  -0.259284
  -0.524369
  0.0742947
  -0.699777
  -0.868029
   -5.17893
   -3.95408
   -8.10358
   -6.53731
   -1.54021
   -2.61241
  -0.186473
   0.423669
   0.336878
    0.39847
   0.236818
  -0.434432
 -0.0738504
   -1.66557
   -1.39651
   -1.76337
  -0.865673
   -1.03356
   -1.74638
  -0.979903
   -1.18854
   -1.71491
   -1.04067
   -1.00144
   -1.49102
  -0.745669
   -1.53931
   -2.15327
   -1.22161
    -1.2002
   -1.76158
   -1.33568
   -1.23818
  -0.968996
  -0.586427
   -0.39478
   -6.37726
   -9.95937
   -8.72815
   -7.32187
    -7.2398
   -8.73709
   -6.79927
   -1.30143
   -1.06993
   -1.31342
  -0.140605
   -1.50446
   -1.30368
   -1.19818
   -1.42387
  -0.191615
  -0.118673
  -0.425449
  -0.719511
   -3.59783
   -4.13404
    -3.4652
   -5.07104
   -2.86152
   -3.87948
   -4.42246
   -3.12922
   -3.33991
   -3.82833
   -3.34219
   -3.67276
   -3.76732
   -7.16617
   -8.07877
   -5.16926
   -7.39877
   -2.02739
   -1.91921
  0.0564103
   -1.00172
  -0.865517
   -1.10842
  -0.980491
   -2.67299
    -2.5393
   -2.41685
   -2.48496
  -0.660868
  -0.143767
  -0.442618
   -1.32251
   -2.19393
   -5.95454
    -6.4208
   -8.22374
    -2.7063
   -1.98746
   -1.04718
  -0.805804
  -0.829868
  -0.743565
  -0.867021
  -0.911388
  -0.460823
  -0.842127
  -0.163373
   -0.31212
  -0.491368
  -0.306059
  -0.287854
  0.0817892
   0.191631
  -0.354852
  -0.895209
   -1.28202
   -1.40627
  -0.585928
  -0.560708
   0.069017
   -0.26201
  0.0511315
  -0.393631
 -0.0114836
 -0.0951831
  0.0890711
   0.131519
  -0.748447
  -0.654224
  -0.404599
   -5.40621
   -4.98451
   -5.28339
   -3.93593
    -9.0744
   -8.21841
   -6.00424
   -1.16945
  -0.928128
   -1.66438
   -1.59652
  -0.178044
  -0.552455
   0.173433
   0.230149
   0.236842
  -0.547214
 -0.0644626
  -0.333603
  -0.106992
  -0.105171
   0.125229
   0.300822
   0.121215
   0.133677
  -0.492288
  -0.441691
  -0.358704
 -0.0243489
  -0.199842
   -1.49586
   -1.17641
   -1.77913
   -1.63327
   -1.70477
   -1.85805
  -0.797385
  -0.571713
   -1.04391
  -0.857305
   -1.09113
   -1.23652
  -0.895587
   -1.17171
  -0.671124
   -1.57238
   -1.89991
   -2.04154
   -1.87635
   -1.95398
   -1.54812
   -1.95204
   -1.03995
  -0.602566
   -1.41344
    -1.5658
  -0.826085
   -1.61808
   -1.24266
   -1.23958
  -0.992804
  -0.539378
   0.207167
   0.517211
   -0.19711
   -7.82988
   -9.76924
   -9.09601
   -8.45777
   -10.0471
   -1.09493
  -0.684456
   -1.17953
   -1.20702
   -1.25405
   -1.42273
  -0.995164
   -1.37439
   -1.09345
   -1.31003
  -0.105803
   0.228862
  -0.165205
   -1.62182
   -1.57075
   -1.17483
  -0.915784
   -1.24862
  -0.269014
  0.0429392
  -0.157233
  -0.260963
    0.01015
   0.138206
  -0.820976
  -0.513254
   -4.02128
   -4.23823
   -3.81979
   -3.70752
   -3.81952
    -3.6478
   -3.77787
   -3.62037
   -3.74404
   -3.27944
   -4.98915
   -5.83513
   -2.50591
   -2.93165
    -2.1514
    -3.5905
   -3.16146
   -2.75708
   -2.35767
   -2.40646
   -1.98156
   -2.86413
   -8.10379
   -8.19349
    -2.6933
   -6.27085
   -4.37518
   -4.46337
   -8.19914
   -6.31824
   -2.09115
    -1.5058
    -2.5403
   -2.31998
  -0.266267
  -0.461603
   0.044948
   -1.27749
    -1.0738
   -1.06859
  -0.983805
   -1.26523
   -1.34293
   -1.24391
   -1.13544
   -1.22624
   -1.11362
   -1.14057
   -1.14637
  -0.896346
  -0.652174
   -2.85889
   -2.58211
     -2.496
    -2.5159
    -1.2719
    -1.9174
   -1.33907
   -1.92953
   -1.85885
   -2.61579
     -2.767
   -3.32327
   -3.04107
     -0.614
  -0.278127
  -0.252176
  -0.466772
   -1.43567
   -1.95073
   -1.80392
    -6.0486
   -5.91825
   -7.81658
   -8.49426
   -2.80172
   -2.25136
   -2.41826
  -0.722026
  -0.845134
   -1.25657
  -0.812436
    -1.0734
  -0.913971
    -1.7614
     -1.527
   -1.20116
   -1.22569
   -1.29894
   -1.32472
   -2.65539
   -2.39794
   -1.88768
   -2.45998
   -2.30268
   -2.07849
   -1.07435
   -1.46955
    -1.2634
   -1.42371
   -1.26118
   -1.34072
   -1.69908
   -1.53351
  -0.632917
  -0.261533
  -0.762362
  -0.968929
  -0.793719
 -0.0379634
   0.147623
   -0.38352
  0.0583959
  -0.526044
  -0.905656
   -1.66054
   -1.37443
  -0.437486
  -0.752151
  -0.568288
  -0.377333
  -0.536441
   -4.74387
   -4.69648
    -5.0347
   -5.85835
   -3.53539
   -3.05856
   -8.69049
   -8.55104
   -5.74373
   -6.78195
  -0.700916
   -1.11551
   -1.83158
   -1.28353
   -1.98051
  -0.310735
  -0.823122
  -0.455693
  0.0064893
  -0.620882
  -0.490248
  -0.578081
  -0.346798
  -0.404058
   -0.63022
  -0.285432
  -0.496492
  -0.864225
   -0.93776
  -0.732866
  -0.607676
   -1.26353
   -1.00682
   -1.15191
   -1.10146
   -1.18909
   -1.08377
   -1.28855
  -0.798303
   -1.67339
   -2.15881
   -2.31796
   -2.05182
   -1.37563
   -2.07171
   -2.35364
   -2.45685
   -2.23108
   -2.45164
   -2.01639
   -2.20557
   -2.46995
   -0.64769
   -1.56099
    -2.0525
   -2.42197
   -2.26096
   -2.50539
   -1.22617
   -1.08713
   -1.30971
   -1.81986
  -0.853735
    -1.4757
  -0.788186
    -1.3404
   -1.51256
  -0.696585
   -1.54599
  -0.921953
   -2.01693
   -1.75419
   -1.44024
   -1.04794
  -0.836205
   -0.18652
   0.273395
   0.342971
  -0.824605
    -9.1551
   -9.27453
   -7.84674
   -8.58194
   -9.83599
   -9.74824
   -8.05699
    -8.8781
   -8.93952
   -9.77958
   -8.28454
   -9.50036
   -6.33093
   -7.00319
   -7.58062
   -6.91086
   -7.53799
   -8.19082
   -9.74919
   -9.88853
    -9.8388
   -9.47611
   -9.53356
   -9.98449
   -9.00328
   -9.90806
  -0.934332
  -0.211337
  -0.216675
  -0.357568
 -0.0883432
    -1.8484
   -1.35592
   -1.62998
  -0.831297
  -0.853463
  -0.514892
   -1.36664
  -0.258249
  -0.307721
   0.232521
  -0.312454
  -0.109828
  -0.044291
   0.103588
 -0.0525159
  -0.638865
  -0.424049
   -3.42385
    -5.6774
   -2.41827
   -1.77016
   -2.64117
  -0.689244
   -2.10257
   -1.76693
   -2.50746
   -3.08331
   -1.83438
   -1.71966
   -2.31775
   -3.20608
   -2.62446
   -2.17085
   -2.44228
   -2.99655
   -2.21038
    -2.9249
   -1.89847
   -2.58946
   -1.61476
   -2.24406
   -2.23095
   -3.01462
   -2.84334
   -3.02551
   -3.31669
   -3.75005
   -3.53002
   -3.28761
   -3.71718
   -3.48755
   -3.93938
   -3.69016
   -5.39348
   -1.47083
   -1.13408
  -0.540129
   -1.28156
   -1.22824
   -2.65821
   -2.82187
   -2.80436
   -1.84141
   -1.05001
  -0.302823
   -2.66859
   -1.12228
   -1.31813
  -0.545886
  -0.756683
  -0.351611
  -0.477964
  -0.928074
   -0.55505
  -0.715722
  -0.699294
  -0.762278
   -1.70407
   -3.59677
   -2.37318
   -4.59087
    -2.7668
   -1.62474
   -3.21596
   -2.43487
   -3.49367
  -0.109878
  -0.453458
  -0.376482
   -1.62112
   -5.94982
    -5.7534
   -7.49562
    -2.4215
  -0.722439
   -1.77552
   -1.78599
   -2.51817
   -1.89681
   -2.22905
   -1.21438
   -1.46172
  -0.757791
  -0.119216
  -0.227849
  -0.485799
   -1.33654
  -0.874084
  -0.585727
-0.00529404
  -0.875125
   0.160862
  -0.289226
   -1.16105
   -1.27506
  -0.564827
  -0.642002
   -3.23474
   -8.79731
   -6.71983
    -7.4167
   -2.45622
   -1.88847
   0.144896
  0.0824709
  0.0872032
   0.273485
  -0.111885
  -0.318893
  -0.612969
  -0.908782
  -0.819917
  -0.678725
  -0.925824
  -0.771545
   -1.21358
  -0.783174
  -0.704319
  -0.823295
   -1.02059
  -0.857634
    -1.0119
  -0.958877
     -1.225
   -1.51292
   -2.05225
   -2.46041
   -2.28181
   -2.56996
   -2.02972
   -2.42932
  -0.632622
  -0.742642
   -1.54078
  -0.920915
  -0.774571
   -1.83974
   -2.42399
    -1.1759
  -0.710368
   -1.23331
   -1.12686
   -1.04366
  -0.256895
   0.575825
  0.0980072
   -8.82765
   -8.69089
   -8.89188
   -7.77424
   -8.53829
    -8.0045
    -9.6433
   -9.68386
   -1.13342
  -0.756208
  -0.668791
  -0.670792
   0.200649
   0.184481
   -0.29696
  -0.288136
   -6.08971
   -5.06157
    -4.6297
   -4.54199
    -1.5231
   -1.24431
   -2.02158
   -3.03206
   -2.59614
   -3.24251
    -2.3544
    -3.3517
   -2.66872
   -1.76834
   -3.07646
   -3.47457
   -2.38831
   -3.44395
   -2.82496
    -1.0553
   -2.74259
   -3.18608
   -3.25678
   -3.39065
   -3.37202
   -3.60465
   -3.84453
  -0.661071
   -1.68314
   -1.68967
   -1.23619
   -1.13742
   -1.81689
   -1.74251
  -0.678329
   -1.62397
   -1.39585
   -1.30421
   -1.00145
   -1.27585
   -1.03938
   -1.46437
   -1.43241
   -1.71173
  -0.614767
  -0.674115
   -8.89029
   -7.17261
   -6.65208
   -7.16133
  -0.731406
  -0.904528
  -0.704736
   -1.07305
   -1.03106
   -1.13902
  -0.715148
    -1.0791
   -1.44598
   -1.32598
   -2.04945
   -1.30865
   -1.50559
   -1.49672
  -0.722909
   -0.52476
   -2.02399
   -2.27487
   -1.31574
   0.397472
   0.145896
  -0.310762
   -8.36843
   -8.79893
   -10.1175
   -8.65566
  -0.919143
-0.00285572
  -0.859867
  -0.159912
   0.217116
  -0.152695
   -3.15699
   -1.26438
   -3.21601
   -3.75497
   -3.73794
  -0.574534
   -3.59131
   -3.95613
    -3.3588
  -0.239085
  -0.722656
   -1.58878
   -2.29303
   -2.60704
   -1.09274
   -1.16195
   -1.93886
   -1.51145
   -3.07433
   -1.07859
    -1.4574
    -7.5651
  -0.831773
  -0.659899
  -0.985415
   -1.37942
     -1.588
   -1.30259
   -1.69707
   -1.78328
  -0.745083
  -0.957468
    -1.1556
   -1.31724
    0.12279
    -6.5384
    -10.042
 -0.0663166
  -0.550766
  -0.546683
   -3.90075
   -3.41662
   -3.80655
  -0.177076
   -2.61708
    -2.4725
  -0.462475
   -1.12075
   -1.77352
   -2.18515
  -0.381061
   -4.69949
   -1.26281
  -0.544664
   -1.22676
   -1.62447
  -0.873281
   -1.47648
    -1.0802
   -1.86244
   0.124222
   -7.76555
   -1.88449
   -3.65144
    -2.1754
   -2.35621
   -1.91303
   -1.80072
   -1.66427
   -2.06689
   -3.16005
   -1.23511
  -0.651049
   -1.60938
   -1.57271
     -1.483
   -1.35134
   -1.00278
   0.669258
    -7.8006
   -2.67433
   -3.61535
    -2.1773
   -1.71038
   -3.28517
  -0.541434
  -0.401627
   -1.26792
   -1.15624
  -0.957449
  -0.787265
   -1.12981
    -7.4252
   -9.05132
   -1.86535
   -2.21179
  -0.833373
  -0.775541
    -1.5479
  -0.547601
   -6.71209
   -1.29058
   -3.85441
   -8.70884
  -0.489628
   -4.89696
   -5.41276
   -1.46096
    -2.1263
   -1.05002
  -0.708743
  -0.131233
   0.112307
  -0.275385
  -0.576471
  -0.507274
   -0.43558
   -1.70117
   -1.70542
    -1.6389
   -1.76406
   -1.75926
  -0.950263
   -1.23532
   -1.48064
   -1.49883
   -1.15938
   -0.97115
    -1.2466
   -1.05811
   -1.29307
   -1.00808
   -1.06137
   -1.41912
   -1.40595
  -0.934472
  -0.221134
  -0.230141
  -0.330514
  -0.595553
   -3.90296
   -4.38636
   -4.39533
   -3.23613
   -3.27048
   -3.47543
   -6.44663
   -7.38045
   -8.31837
   -6.35245
   -8.28951
   -8.32289
    -9.0668
   -9.07043
   -8.55388
   -9.09121
   -8.85931
   -4.99097
   -7.15559
   -9.43552
   -9.39095
   -9.49691
  -0.963094
  -0.782744
  -0.817031
   -1.63816
    -1.6963
   -2.27825
  -0.561477
  -0.469821
   -1.47836
   -1.84883
   -6.73051
   -7.90331
   -2.69826
   -1.97503
  -0.791428
   -0.87759
  -0.670339
   -0.64232
  -0.376854
  -0.603667
  -0.644687
  -0.725244
  -0.742819
   -1.10266
   -1.34051
   -1.29088
  -0.455794
  -0.908065
    -0.7593
     -2.463
   -2.70467
   -2.98726
   -2.79692
   -2.98283
   -3.07106
   -6.12884
   -7.63329
   -8.01766
   -1.04676
  -0.526632
   -2.97473
   -4.18993
   -2.87188
   -3.55225
   -4.38997
   -4.66349
   -3.39986
   -6.42393
   -5.92715
   -6.13212
   -5.50163
   -5.31621
   -2.14417
   -3.87417
   -4.51634
   -2.23982
   -2.13506
   -2.58159
    -1.6171
   -2.31295
   -2.46114
   -2.43187
   -2.20098
   -2.48719
   -1.08904
   -1.48117
   -1.43652
   -1.08223
  0.0441721
  -0.586671
  -0.545603
   -1.00077
  -0.751746
   -2.06779
    -1.1639
  -0.728626
 -0.0697298
 -0.0623317
  -0.393482
  0.0966277
  -0.560156
   -1.96294
    -1.2747
  -0.850796
   -1.29142
   -1.33459
    -1.2433
   -1.29847
   -1.10122
   -8.14348
   -6.93815
   -7.41873
   -7.19093
   -7.08019
   -6.76784
   -5.83532
   -4.96509
   -6.28275
   -5.70512
   -6.64059
    -6.0143
   -6.15186
   -6.66742
  -0.572251
   -1.03766
  -0.959098
  -0.652055
  -0.526269
  -0.633141
  -0.829629
    -7.8779
   -10.0846
   -8.52327
   -9.52041
   -9.20824
  -0.614432
   -1.08356
   -1.74407
  -0.661669
   -1.53429
 -0.0645879
  -0.881798
  -0.815901
  -0.487406
  -0.491402
  -0.955804
  -0.528846
  -0.283224
  -0.528756
   -2.01735
   -3.23862
   -2.53154
   -3.84537
   -3.73061
   -3.64775
   -3.01738
   -1.38784
   -1.54636
   -1.63914
    -0.4729
   -1.97819
   -3.93836
   -1.65785
   -1.50921
   -2.88248
   -1.93291
    -1.7505
   -2.01316
   -2.38401
   -2.27301
   -1.42305
   -1.77867
   -1.91819
   -1.63947
   -2.80375
   -3.51797
   -3.20043
    -3.1745
   -2.67753
   -1.47664
  -0.908236
  -0.947452
   -1.58561
   -1.03536
   -1.43161
   -1.92005
   -2.66977
   -2.09316
   -1.84331
   -2.83097
   -1.40992
   -2.52678
   -2.26479
   -1.79647
   -1.74889
   -1.14321
   -1.50098
   -1.04226
   -1.00107
   -2.58485
   -1.43108
    -1.5032
   -1.35964
   -2.13301
    -1.9979
    -1.6583
   -1.61371
   -1.59718
   -2.14715
   -2.75445
   -1.09043
   -2.62226
   -2.86479
   -2.87456
   -2.50431
   -2.62397
    -4.3066
   -5.79854
   -5.17442
   -4.89505
   -1.99352
   -1.26787
   -1.17765
   -2.39257
   -1.59421
   -2.07537
   -2.82306
   -4.02031
   -2.78847
   -3.11051
   -2.35332
   -2.89732
   -3.94404
   -2.96644
   -3.58413
   -2.32352
   -3.30563
   -1.40676
   -1.08534
   -1.57323
   -1.58735
  -0.621301
  -0.553387
  -0.325277
   -1.55317
   -1.04711
   -1.02715
   -1.29897
   -1.89506
   -1.63455
   -1.77921
   -1.55919
    -1.3383
   -1.67791
   -1.85189
   -1.70342
   -1.61094
   -1.35115
  -0.715375
  -0.905835
   -1.34043
   -1.83264
   -8.60479
    -10.161
   -2.16274
   -2.01693
  -0.579373
   -1.33185
   -1.16312
   -1.35229
   -1.09326
   -1.22791
    -1.5048
   -1.45078
   -1.46723
   -1.01412
  -0.928412
   -1.03552
   -1.48804
   -1.20008
   -2.09776
   -1.32886
   -1.73771
   -1.79702
    -1.6316
   -3.45139
   -2.33685
   -2.35661
     -2.118
   -1.93487
   -1.58886
   -9.00248
   -4.93678
   -4.83628
   -4.41298
   -4.38462
   -4.50413
   -4.26341
    -4.7304
   -3.64915
   -2.78172
   -3.77185
   -4.50292
   -3.87837
   -3.62432
   -2.71766
  -0.825366
   -1.05812
   -1.77011
     -2.888
   -3.95732
   -4.27038
    -3.2445
   -1.45181
   -1.23516
   -2.75447
   -2.31456
   -3.35973
    -4.9927
   -4.61352
   -4.72926
   -5.72604
   -5.22765
   -1.73022
   -1.23454
  -0.602556
   -1.00827
  -0.234818
  -0.216095
   -1.16527
   -0.80307
  -0.450529
  -0.873465
  -0.489773
  -0.268801
  -0.457449
    -1.3663
   -1.18344
   -1.40348
   -1.49313
   -1.53115
   -1.40048
    -1.5078
    -1.3542
   -1.18247
   -1.33532
   -1.42405
   -1.21412
      -1.14
   -1.04133
   -1.31348
   -1.20987
  -0.950032
   -3.31724
  -0.968951
  -0.927748
  -0.987036
   -0.97836
    -1.5375
   -1.29667
   -1.87551
   -1.60301
   -1.50639
    -1.2771
   -1.55964
   -1.45129
  -0.974967
   -1.01918
   -2.97326
   -1.70062
   -1.49702
    -1.3671
  -0.910885
   -1.04577
   -5.26266
   -1.97044
   -2.32545
   -5.84159
   -3.15607
   -1.40852
   -1.34213
   -0.92495
   -1.19577
   -8.68947
   -3.15909
   -6.34584
   -1.23554
   -5.45514
   -1.31865
    -1.1384
    -5.1963
   -9.02774
   -1.13168
   -1.16384
   -7.75084
   -1.03234
   -1.15106
   -1.18691
   -1.13367
   -3.80324
   -1.02576
   -1.63353
   -6.48655
   -8.31246
   -7.86047
   -8.79335
   -5.32206
   -8.68833
   -3.18655
   -6.92348
   -4.64287
   -8.25039
    -5.4501
   -8.22957
    -9.0829
   -1.91558
   -3.12479
   -3.22207
   -2.05951
   -1.50648
   -9.07268
   -8.43948
   -8.80983
   -1.62331
   -6.43464
   -8.82445
   -7.16496
     -2.268
   -1.60351
   -2.74133
   -4.23835
   -5.84085
   -4.61316
   -1.99189
   -1.38034
   -7.41029
   -5.99986
   -3.59785
   -7.90331
   -8.59548
   -6.10756
   -7.83303
   -7.34321
   -6.89199
   -3.77215
   -4.92866
    -2.4448
   -6.11866
   -2.41824
   -7.11789
   -4.30923
   -3.15397
   -4.65648
   -1.53461
    -1.3114
   -1.50984
   -1.44086
   -1.47964
   -1.25447
   -1.26518
   -1.01389
   -1.42912
   -1.33579
   -1.24531
   -0.79063
   -1.27789
    -1.2209
   -1.46028
   -1.25345
   -1.02575
   -1.38466
   -1.32138
   -1.20375
   -1.09796
   -1.75261
   -1.59016
   -1.38807
   -1.41993
   -1.37337
    -1.7095
   -2.39555
   -2.44029
   -2.20877
    -1.5587
   -2.03243
   -1.35262
    -1.7901
   -2.53842
   -2.36063
   -2.56535
   -2.18179
   -2.15943
   -1.42817
  -0.950625
   -2.30519
   -1.49257
    -1.5451
  -0.224296
  -0.230592
  -0.462459
  -0.306572
   -3.93358
   -4.83152
   -6.34054
   -4.82385
   -4.37039
    -3.3572
   -3.10397
   -3.47209
   -3.22751
   -7.51634
   -8.96389
   -8.07048
   -5.57368
   -4.61031
   -6.65536
   -4.31712
   -7.12845
   -8.57185
   -2.16901
   -1.36863
   -9.16122
   -9.23165
   -5.12039
   -9.47788
   -9.90545
   -7.32839
   -10.0129
   -8.96379
   -6.89566
   -9.18884
   -8.44908
   -9.75928
    -7.8061
   -6.01802
   -5.36606
   -3.35457
  -0.945284
   -1.36427
  -0.633599
   -5.02849
    -5.4434
   -9.81366
   -8.54889
   -1.81497
   -1.61604
   -7.08608
    -6.7418
    -5.1566
   -5.84004
   -9.31578
   -8.68779
   -8.34496
   -1.52974
    -1.5737
   -7.80309
    -1.7697
   -8.17743
   -8.20087
   -8.73715
   -7.83131
   -9.51282
   -1.74883
   -4.79501
    -9.8131
   -9.10853
   -5.72078
   -2.77618
   -9.51579
   -3.84885
   -2.46283
   -4.00321
   -6.12508
   -4.90109
     -3.226
   -3.00989
   -9.76137
   -5.89905
   -7.89338
   -7.84106
   -4.27036
   -8.57323
   -9.41757
   -5.90244
   -6.67364
   -3.18208
   -4.72397
   -2.52121
   -5.58746
     -1.584
   -1.52031
   -4.22567
  -0.767996
  -0.960058
    -1.1532
   -5.40234
   -8.93744
   -7.25405
    -2.8571
   -2.58981
   -6.34524
   -8.54347
   -2.90468
   -6.04135
   -7.84553
    -4.4712
   -8.37381
   -2.84641
   -7.65087
   -9.22417
   -8.31349
   -6.46794
    -8.2379
   -7.66617
   -5.97616
   -8.00952
   -4.16258
   -3.06334
    -4.2708
   -5.19127
   -4.75899
   -2.29829
   -3.33546
   -6.65003
  -0.868723
   -0.58582
  -0.713022
   -0.96691
  -0.654526
   -0.95983
   -1.16897
   0.234132
  -0.595886
 -0.0370508
  -0.737284
   -1.99254
   -0.72609
     -1.984
   -1.52206
   -1.50139
   -8.93322
   -1.34149
    -1.3501
   -2.06958
    -1.0261
   -1.18058
   -2.98307
     -1.806
   -1.97821
   -1.69889
   -2.32611
   -1.83021
   -1.43723
   -2.33472
   -2.04468
   -1.94072
   -2.02989
   -2.50606
   -2.32486
   -2.57286
   -2.36197
   -1.48072
   -2.74362
   -1.57463
   -1.08254
   -1.70156
   -2.39677
   -1.37796
   -1.07691
   -0.99673
   -2.51284
  -0.588621
   -1.45072
  -0.572071
  -0.665958
   -1.50573
   -1.56705
  -0.677477
   -1.08585
  -0.569586
   -1.87685
   -1.42949
   -1.30809
   -1.75072
   -2.18172
  -0.669226
  -0.583733
  -0.830453
  -0.345957
   -1.46736
  -0.518073
   -0.16694
   -1.25169
   -1.08047
    -0.9622
   -1.03276
   -1.60121
   -1.39822
   -1.73864
   -1.63235
  -0.178725
   -1.86347
  -0.240516
  -0.313822
  -0.535039
   -1.94335
  -0.267967
    -1.0502
  -0.682585
    -1.9849
   -1.07385
   -0.72576
   -1.40576
   -1.69202
  -0.682041
   -1.76893
   -1.25846
   -1.58238
   -1.55749
   -1.26091
    -1.1891
    -1.7835
  -0.977636
    -1.2148
   -1.32931
   -1.45988
   -1.14539
   -7.50988
  -0.710602
   -0.61799
  -0.288429
  -0.105469
  -0.754109
   -8.93151
    -7.2704
   -8.39874
   -1.21639
   -2.80726
   -3.05013
   -3.54581
   -3.65799
   -2.65371
    -1.8904
   -2.03336
   -2.41953
   -3.34527
   -2.11231
   -1.56419
   -1.12488
   -1.69172
   -2.64017
   -1.67374
   -1.40747
   -1.55287
   -2.02435
   -2.29786
  -0.812385
  -0.767967
  -0.984095
    -0.5795
   -1.11434
  -0.959755
   -1.04987
   -1.15642
  -0.852805
  -0.589253
    -1.1901
   -1.63976
   -1.31592
   -2.16051
   -1.08202
   -1.52243
  -0.799926
   -2.20574
   -2.24966
   -2.26814
  -0.441656
   -9.37842
    -9.6245
   -9.05797
   -10.1416
   -10.2794
   -9.76003
   -10.0166
   -9.76895
   -8.97377
   -9.95695
   -2.21691
   -2.67012
    -1.9747
   -2.42794
   -2.15984
   -2.79347
   -1.44899
   -1.62897
   -1.70312
   -3.54632
  -0.999436
   -1.36289
  -0.930184
   -2.62922
   -3.72179
   -2.96179
    -3.3558
    -2.5937
   -2.63295
   -3.52083
   -3.91535
   -2.60501
   -3.07241
   -3.43705
  0.0961679
   -1.78889
   -3.55719
  -0.553068
   -0.90957
  -0.568719
  -0.518971
  -0.460999
   -1.60308
   -1.50486
   -5.23778
    -8.7714
   -7.20238
   -1.26026
   -1.25587
   -1.31369
   -1.25948
   -1.90634
   -5.53244
   -3.82382
   -3.23347
   -2.01776
   -1.05279
   -1.19965
   -2.86664
    -1.2869
   -5.00226
   -8.73142
   -6.40799
   -5.97001
    -1.4826
   -1.25198
   -1.36146
   -8.00684
   -9.11238
   -7.79065
   -9.15132
   -7.11438
   -1.73614
    -1.2174
   -2.91482
   -1.24732
   -7.58292
   -8.95955
   -3.21227
   -1.26142
   -8.50645
    -9.0059
   -8.39622
   -7.25057
   -8.58303
   -3.41403
   -9.00392
   -9.58524
   -10.0669
    -9.9044
   -7.27611
   -9.11553
   -10.1585
   -9.24534
   -3.90804
   -8.96978
    -6.1774
   -8.03613
   -8.51566
   -7.98151
   -8.28836
   -7.80357
   -8.98493
   -9.15298
   -8.61644
   -9.27951
    -8.7332
   -10.6989
   -7.01321
    -2.9896
    -4.4994
   -8.71143
   -5.48977
   -1.81472
    -4.1941
   -5.99742
   -3.67019
   -3.66073
   -6.60606
  -0.390816
   -1.42291
   -4.10415
  -0.440524
    -3.7613
  -0.559464
  -0.404191
   -2.76167
   -1.13774
   -1.82655
    -1.7367
   0.279991
   -1.86264
    -3.0977
  0.0936971
   -3.82161
   -1.41714
   -6.73768
   -7.44307
    -8.2144
   -1.32742
   -1.30125
   -8.10293
   -8.13016
   -5.86152
     -2.339
   -2.45278
    -3.2701
   -4.30488
   -4.04764
   -1.10408
   -1.35949
  -0.909609
  -0.543358
  -0.735289
  -0.407982
  -0.456818
    -1.4101
   -1.35868
    -2.0706
   -1.61589
   -1.33469
   -2.55022
   -2.60053
   -2.77654
   -3.80467
   -3.01664
   -1.90887
   -2.91291
   -3.12881
   -3.33084
   -4.07683
   -2.34281
   -1.90327
   -1.61681
   -2.16375
   -1.94321
   -1.65848
   -6.12298
   -7.71714
   -6.79374
   -6.17444
   -7.14973
   -3.29673
   -1.96502
   -4.66749
   -8.13109
   -5.67122
   -4.93066
   -6.73555
   -6.16335
   -3.55377
   -8.92856
   -9.32768
   -8.13152
    -5.7269
    -7.4335
   -6.58575
   -6.51597
   -2.53702
   -8.36447
   -3.96671
   -4.61224
   -5.81243
   -2.65657
   -6.63399
   -7.94358
   -4.74002
     -3.679
   -9.16709
   -6.19778
   -2.94209
   -5.28456
   -4.33183
     -4.729
   -5.40113
    -1.3973
   -4.30038
    -3.4661
   -4.58229
   -6.01043
   -8.92572
   -9.71972
   -9.31845
   -9.11519
   -9.58324
   -9.69545
   -8.79501
   -8.36129
   -4.36595
   -0.43019
   -1.22508
  -0.711017
  -0.541837
  -0.293958
   -0.38096
  -0.371795
  -0.838545
  -0.595565
   -0.35616
  -0.869643
   -0.55151
   -2.00865
   -1.77008
   -1.21288
   -8.56233
   -6.79406
   -7.91075
   -6.71361
   -6.54407
   -6.99075
   -6.15807
   -6.22319
     -5.352
   -6.51624
   -5.44083
   -6.02648
   -1.78683
  -0.505604
   -1.33123
   -1.11123
  -0.857239
  -0.886826
   -1.26811
   -1.12063
   -1.27107
   -1.36939
   -1.14209
   -1.21959
   -1.23311
   -1.26729
   -1.29221
   -1.42021
    -1.3402
   -1.32636
   -1.26974
   -1.19172
   -1.31303
   -1.23436
   -1.88959
   -1.98231
   -1.59913
  -0.688449
   -1.21624
   0.464913
  -0.437369
   -1.03908
  -0.535362
  -0.741669
   -1.32024
  -0.973718
   -1.24283
    -2.0947
  -0.620125
  -0.561895
  -0.108876
 -0.0823842
  -0.900889
  -0.271157
  -0.248305
  0.0506463
  -0.301732
   0.191741
   0.381336
  -0.202272
   0.292283
   -1.61026
   0.802956
   -2.85508
   0.499561
 -0.0351712
    0.60697
  -0.886898
   0.613713
  -0.429885
   0.867611
   0.760616
  -0.933234
   -2.88014
  -0.231182
   -1.00264
   -1.07208
  -0.509926
  -0.623891
   -1.44743
   0.123766
  -0.388812
    -1.0946
  -0.675262
   0.212548
 0.00989915
  -0.444952
   0.077875
   -3.26216
    -2.4927
   -1.40349
    -2.7426
   -7.34644
   -5.89699
   -4.11223
   -3.74019
   -1.12526
   -2.39052
    -1.1056
   -2.43286
   -3.45407
   -2.79953
    -2.7148
   -2.54596
   -2.59808
   -2.65502
   -2.39129
   -0.78131
   -1.12147
   -1.43688
   -1.33271
   -1.48386
   -1.10913
   -2.22992
   -1.24926
   -1.74097
   -1.51124
   -1.92949
   -1.81712
   -1.61914
   -2.08199
   -1.50881
   -1.69085
   -1.30597
   -1.72129
   -1.42447
   -1.31355
   -1.14598
   -1.64191
   -1.21248
  -0.841645
  -0.925189
   -2.16914
   -1.01968
  -0.923249
  -0.747342
   -1.97806
  -0.829691
  -0.770243
  -0.673775
  -0.815702
  -0.589396
  -0.778301
    -1.5131
   -0.62848
   -1.01556
   -1.26867
  -0.547807
  -0.873719
    -1.0289
  -0.584954
  -0.963844
   -1.05983
  -0.835896
  -0.888855
   -2.06686
   -2.45426
   -1.32557
  -0.619564
  -0.593931
  -0.628622
   -1.54808
   -3.42519
  -0.561414
  -0.594914
  -0.648597
  -0.638716
   -0.64438
   -1.18805
   -1.65086
   -2.96589
  -0.692379
  -0.693307
  -0.763164
  -0.505174
  -0.553383
  -0.566993
  -0.598685
  -0.612234
  -0.440391
  -0.901699
  -0.854996
  -0.519076
  -0.739735
  -0.741622
   -1.34896
   -2.56302
   -3.07111
   -2.91727
   -1.13903
   -2.67502
   -2.15087
   -3.35121
   -1.04241
   -3.10281
   -3.27345
   -2.95428
   -2.91513
   -2.90736
   -2.39336
   -3.08547
   -2.96364
   -2.96793
   -2.77157
   -1.79747
    -1.8336
    -1.5613
   -1.81648
   -1.68219
   -1.51095
   -1.63468
   -2.18799
   -3.88935
   -2.94496
   -3.08236
   -2.47498
   -4.94509
   -2.95977
   -4.31804
   -4.08445
   -5.13345
    -4.8641
   -4.15295
   -5.85842
   -3.89395
   -4.89871
   -4.27907
   -4.83974
   -4.29208
   -3.52681
   -3.92054
   -4.74648
    -3.5791
   -3.41266
   -3.80155
   -5.42378
   -4.08754
   -3.61217
   -2.92956
   -5.40851
   -1.82081
   -2.47782
   -2.12071
   -2.73532
   -1.22927
    -1.5588
    1.06242
   -1.49003
   -1.07715
    1.05865
   -1.19972
   -1.80901
  -0.497774
   -2.10469
  -0.971722
   -2.19442
  -0.944191
   -2.91423
   -5.13102
   -5.67868
     -4.304
  0.0262755
   -1.75051
   -2.58327
  -0.851436
   -4.59085
  -0.825549
  -0.400861
    -2.8936
    -2.7381
   -2.06511
   -1.10883
   -2.93252
   -5.67915
   -2.18667
   -2.80419
   -3.18864
   -1.17373
  -0.649925
 -0.0985389
   0.139102
  0.0708611
  -0.218057
   0.228746
  -0.168068
  -0.306459
   0.520149
   0.161841
   -2.88399
   -5.65238
     -6.048
   -6.25971
   0.096113
   -5.65377
   -4.44338
   -6.61574
  -0.252138
   -6.60437
    -5.3254
   -2.43749
   -3.92936
   -1.73207
   -4.23935
   -3.51077
   -2.31168
   -1.94645
   -4.91479
   -1.56232
   -1.28663
   -1.65729
    -1.3917
   -1.66596
   -2.43194
    -1.7722
   -1.58108
   -1.88422
    -1.4003
   -1.74446
   -1.73921
   -1.29955
   -1.74504
   -1.42262
   -1.57957
   -1.45718
   -1.41811
   -1.58572
   -1.50773
   -1.52946
   -1.48883
   -1.55972
   -1.51205
   -1.36985
   -1.65392
   -1.85596
   -1.88922
   -2.16353
    -1.6508
   -1.78459
    -1.6684
   -1.46185
   -1.39485
   -1.35719
   -1.15548
   -1.31293
   -1.30263
   -1.23975
   -1.27374
   -1.11399
   -1.18436
   -1.22763
   -1.41213
   -1.22392
   -1.37433
   -1.06155
   -1.46015
   -1.44798
   -1.12836
    -1.0543
  -0.568511
  -0.395788
   -0.44021
  -0.348743
  -0.237066
  -0.449093
  -0.740344
  -0.457145
  -0.238994
  -0.238797
  -0.518564
  -0.271345
   -2.18657
  -0.394395
   -1.95429
   -1.22627
   -9.39005
   -10.0793
   -8.19264
   -8.16816
   -7.25577
   -3.94626
   -5.52528
   -6.31951
   -4.68492
   -6.60489
    -6.0643
   -4.41628
   -7.00214
   -5.66498
   -6.96905
   -6.33271
   -5.32581
   -8.90142
   -5.40801
     -7.723
   -3.30855
   -7.50233
   -4.09999
   -7.42332
   -8.72121
   -4.45802
   -3.93719
   -4.37272
   -4.12149
   -3.86408
   -2.66948
   -2.45956
    -7.6045
   -6.79757
    -8.9985
     -3.658
   -7.84625
   -8.47569
   -9.06613
   -8.40221
   -6.52744
   -7.30446
   -6.98725
   -8.93355
   -5.01352
   -4.11553
   -4.87415
   -4.78238
   -3.51385
   -5.35843
   -5.96522
   -3.08166
   -3.84332
   -3.87479
   -3.79085
   -3.58349
   -3.54066
   -2.50957
    -2.6842
    -3.3471
   -2.73256
   -2.76466
   -3.15854
   -1.85867
   -3.13742
   -1.76875
   -2.10396
   -1.40395
   -0.60037
   -2.48568
   -2.76358
   -1.95299
   -1.89761
   -1.71568
   -2.27382
   -2.95008
   -2.39614
   -2.70754
   -2.81575
   -1.42668
   -2.79044
   -2.68343
   -1.06964
   -2.91906
   -2.10887
   -3.10168
   -2.50324
   -2.90398
   -3.17467
   -2.96879
   -2.57669
    -2.1387
   -2.97923
     -3.055
   -2.87844
   -2.97897
   -3.17664
   -2.79675
   -2.73251
   -2.69913
   -2.62652
   -2.58927
   -2.61931
   -2.36427
   -2.98357
   -3.15819
   -2.85872
   -1.90709
   -2.02825
   -2.80733
   -2.79246
   -3.03226
    -3.2192
   -3.11072
   -3.20625
   -2.88001
   -2.19411
   -2.49438
   -1.22234
   -2.57357
   -2.47437
   -2.56015
   -2.75924
   -2.64111
   -3.02949
   -2.22821
   -1.85643
   -1.37276
   -1.87949
   -1.95542
   -1.27498
   -2.18082
   -2.64376
   -1.72754
   -1.68695
   -1.17948
   -1.67692
   -1.13899
   -1.84826
 -0.0614434
   -2.81993
  -0.566894
   -2.39037
   -2.70497
   -3.10324
   -2.99776
   -3.05605
   -3.18058
   -2.53997
   -2.90996
   -2.27534
   -3.17545
   -2.83108
   -2.81815
   -3.18681
   -3.36401
   -3.24829
   -3.32047
   -3.19993
   -3.17979
   -3.29196
   -3.09533
   -2.14092
   -2.62644
   -3.08979
    -2.6677
   -3.16707
    -3.3828
   -3.32426
   -3.40354
   -3.44154
   -2.85245
   -3.00671
   -3.16609
   -3.19211
   -3.07615
   -2.94952
    -3.2224
   -1.25284
   -1.54527
   -2.25283
   -2.44905
   -1.88786
  -0.949549
   -1.45662
   -1.34659
  -0.576014
  -0.834117
   -1.00505
   -1.78866
  -0.718748
   -2.07367
  -0.830133
  -0.807345
   -1.57419
   -2.45364
  -0.767813
   -1.69991
   -1.06762
   -1.86969
  -0.691662
   -2.64918
  -0.709452
   -0.51086
  -0.448053
  -0.599417
  -0.470059
  -0.983862
   -1.18414
   -3.20161
   -2.88074
   -3.00694
   -2.08795
    -2.8533
  -0.729977
  -0.349225
   -2.20934
   -2.81275
   -3.21484
   -1.48806
 -0.0857034
  -0.345949
   -1.26033
   -1.75361
    -2.7266
   -2.54963
    -2.6025
    -3.0172
   -3.15829
   -3.02002
  -0.318015
   -2.13609
   -2.79318
   -2.43355
   -1.97387
   -1.78732
   -3.00044
   -1.53722
   -2.41822
   -2.77713
   -1.65331
   -3.05117
   -2.12225
   -3.11616
   -2.50664
   -3.07483
   -1.48535
   -1.96255
   -2.40831
  -0.929986
   -3.03223
   -0.72117
   -3.11629
   -0.48547
  -0.411397
  -0.939171
  -0.335972
  -0.625283
  -0.995546
   -2.45198
   -2.69672
   -1.92903
   -1.72003
   -1.95513
   -2.31475
   -1.73913
   -2.01767
   -2.39061
   -1.78062
   -1.31111
   -2.27562
   -2.15477
   -2.44191
   -1.56635
   -2.07473
   -2.05962
   -1.40983
   -1.17675
   -2.12603
   -1.84667
   -1.88695
   -1.95175
   -1.64932
  -0.947417
    -1.4075
   -1.59532
    -1.3598
   -1.30947
   -1.83087
      -1.99
   -2.52512
   -1.81465
   -1.48993
   -2.30559
   -2.21695
    -3.0826
   -2.95015
   -2.68011
   -2.76257
   -2.96818
   -3.06802
   -2.87342
   -2.94447
   -2.10123
   -2.64202
   -2.53262
   -1.88932
   -2.14027
   -2.22837
   -2.07807
   -1.59285
   -1.82625
    -1.2822
   -1.59973
   -1.50394
    -2.5351
   -3.06711
   -2.68992
    -2.6732
   -2.48214
   -2.38034
   -2.38236
   -1.06436
 -0.0461696
  -0.315771
   -1.43806
   -1.22515
   -1.94171
   -1.71673
   -3.19132
   -2.87884
   -1.83313
   -1.70157
   -2.93935
   -2.41219
   -2.02705
  -0.813429
   -1.02809
   -1.20093
  -0.504825
    -1.5209
   -1.52018
  -0.267532
  -0.718349
   -1.57468
   -1.97778
   -2.31443
  -0.906491
   -1.86496
   -2.64782
   -2.79837
    -2.5278
    -2.0924
   -1.12581
   -1.20225
   -1.50585
   -1.04614
  -0.899475
  -0.530002
 -0.0781132
  -0.762767
  -0.850617
   -1.92086
    0.13495
 -0.0827985
  -0.784122
  -0.442012
   -0.41056
  -0.713829
  -0.100313
  -0.641584
   -0.11694
   -1.52289
   -0.62701
   -1.71943
   -1.36132
  -0.683707
  -0.962592
  -0.735077
  -0.759463
   -1.38401
   -1.10614
  -0.739468
   -1.86345
   -0.58795
   -1.78778
   -1.44328
   -1.11171
   -3.28476
    -1.7231
   -4.39344
   -2.50662
   -3.91841
  -0.934053
   -1.04442
   -1.13522
   -1.04838
   -1.16681
   -1.20021
   -1.03459
  -0.979423
   -1.18376
   -1.15041
  -0.825339
   -0.92298
  -0.782785
  -0.796283
  -0.754887
   -0.82607
   -0.97837
  -0.856123
  -0.872043
  -0.903251
  -0.907514
   -1.09334
  -0.861976
  -0.977847
   -1.02307
   -1.00906
  -0.708764
  -0.985861
  -0.907269
   -1.43432
  -0.728713
  -0.705518
  -0.538841
  -0.689641
  -0.559233
   -1.21909
  -0.564273
  -0.487763
   -0.76772
   -1.01163
  -0.912004
   -1.12111
  -0.532853
  -0.621545
   -1.15264
    -1.1257
   -2.00079
   -1.30128
   -1.40845
    -1.2243
   -1.88873
   -9.22787
   -7.88652
   -7.22246
   -7.27637
   -5.71698
   -5.47207
   -5.04532
   -6.60948
   -5.98677
   -3.56398
  -0.799276
  -0.112184
   0.490308
  -0.012114
  -0.520771
   0.784972
   -2.16817
   -2.77652
   -3.89002
   -3.27986
   -3.38263
   -3.41729
   -5.18479
   -4.39859
    -5.3105
   -3.05425
   -5.68537
   -6.67667
   -3.86885
   -1.64487
   -6.64514
   -7.25442
   -6.58807
   -6.67617
   -7.22259
   -4.97236
   -5.99507
   -5.84992
   -4.80084
   -4.29275
    -4.0569
     -3.326
   -3.63948
   -4.00679
   -5.60538
   -5.60179
   -5.40185
  -0.282019
   -2.20543
   -1.12142
    -0.7707
   -0.89674
  -0.556687
   -1.20938
   -1.58629
   -1.69903
   -1.94665
    -2.2811
   -2.07763
   -2.03857
   -2.30201
   -2.33046
   -2.32706
   -2.26942
   -2.02642
   -2.19337
   -2.32501
   -2.36469
   -2.21836
    -1.9521
   -1.73682
   -1.98897
   -1.71179
   -1.73552
   -1.97519
   -2.28393
   -2.38579
   -2.39119
   -2.27824
   -2.35561
   -2.38807
    -2.1899
   -2.36381
   -1.65436
   -1.82252
   -2.09669
   -2.10246
   -1.37108
   -2.11197
     -2.097
    -2.3244
   -2.26758
   -2.07963
   -2.41018
   -2.06388
   -1.87461
   -2.32453
   -2.38567
   -1.96197
   -1.94325
   -1.89034
   -2.41631
   -1.82824
   -1.78649
   -1.80925
   -1.81384
   -1.89332
   -2.12496
   -2.07758
   -2.43783
   -2.41088
   -2.21089
   -3.44006
   -2.83161
   -3.41208
   -2.87603
   -1.92992
   -2.70035
   -2.41938
   -2.54145
   -2.49044
   -2.44969
   -2.71082
   -2.47654
   -2.64427
   -2.57232
   -3.23787
    -2.6394
   -2.97502
   -2.67513
    -2.7027
   -3.25348
   -2.90766
   -3.36872
   -3.03855
   -2.77817
   -3.23817
   -3.73353
   -2.83174
   -3.51087
   -3.30684
   -3.40732
   -3.92433
   -3.66502
   -3.75407
   -3.51205
   -3.52503
   -3.60732
   -3.59971
   -3.82588
   -3.49735
   -4.39217
     -3.877
   -3.83037
   -3.90793
    -3.8678
   -3.84705
   -3.74183
   -2.22586
    -3.1196
   -3.48545
   -3.41099
   -4.90401
   -4.76382
   -4.42014
   -5.57537
   -6.06201
   -3.97508
   -2.75827
   -3.33575
   -4.17335
   -2.57341
   -3.13445
   -2.34187
   -1.23142
   -1.69959
   -2.19383
   -2.16404
   -1.96181
   -2.59189
  -0.793646
   -2.56839
   -3.08834
   -1.39125
   -3.03113
   -2.71648
   -1.47442
  -0.722734
   -2.70401
    -1.7882
   -2.35826
  -0.427276
  -0.460152
  -0.417033
   -0.72071
  -0.200336
   -1.80917
   -0.17729
  0.0944435
   0.600837
  -0.571088
  0.0366545
   -1.27474
   -3.07816
   -1.37009
   -3.15658
   -1.92923
    -4.0963
   -7.32111
   -6.52323
   -6.57209
   -3.00159
   -4.84811
    -4.0335
   -2.15075
  -0.241138
   -2.20907
   -1.40846
  -0.781691
  -0.734466
   -4.79759
   -9.04253
   -7.05534
   -8.70444
   -9.78898
   -3.76538
    -7.2419
   -5.24026
   -6.56742
   -7.19474
   -7.67112
    -6.4738
  -0.559242
  -0.944799
  -0.517174
   -1.18845
  -0.463015
   -1.28799
  -0.736042
   -1.16503
   -1.23926
   -1.25985
  -0.899688
  -0.878635
   -1.27807
   -1.40718
   -2.14312
   -1.66679
   -1.27988
   -1.61384
   -1.57844
   -1.62336
   -1.05837
   -2.30407
   -2.10426
   -2.23612
   -8.11695
   -8.55437
   -7.27341
   -9.47796
   -6.73781
   -9.62649
   -7.21328
   -8.17232
   -8.60631
   -7.84339
   -6.91873
   -8.33584
   -8.77884
  -0.550706
  -0.826304
  -0.743666
  -0.241175
   -0.85419
  -0.506413
  -0.416343
  -0.969091
  -0.450907
  -0.885041
   -0.11493
   -1.50681
   -1.26299
   -1.51705
  -0.705897
  -0.705696
   -1.22553
  -0.901164
     -1.425
  -0.919317
   -1.39016
   -1.44573
   -1.72487
   -2.10268
   -3.91406
   0.656164
    0.59902
   0.173083
   0.795446
   0.019651
   -2.74177
   -4.17354
    -2.2989
   -2.01523
   -0.65869
   -2.13304
   -2.13752
   -1.85729
   -1.67808
    -2.5963
   -1.54741
   -2.02617
   -2.76502
   -2.25339
   -2.27626
   -1.17709
   -1.27847
   -1.07133
   -1.73033
  -0.646029
  -0.542185
  -0.491752
  -0.570081
   -0.68791
  -0.552653
   -0.50921
  -0.465129
  -0.518015
  -0.560392
  -0.560662
   -2.46796
    -3.2022
   -3.48234
   -3.20266
   -3.12015
   -2.87958
   -2.34326
   -2.47758
   -2.72858
   -3.04371
   -2.95612
   -1.54207
   -2.75221
    -1.8551
   -2.64688
   -2.61777
   -3.14165
   -3.79997
   -1.61408
   -1.77872
   -3.32763
   0.623562
   0.134109
  0.0898986
   -4.26996
    -3.0758
   -3.24194
  -0.840789
   -1.59331
   -2.36786
   -2.40792
  -0.344163
  0.0402087
  -0.656773
   -2.22814
   -2.22577
   -3.17103
   -3.57497
   -5.66492
   -3.69911
   -3.29178
   -1.93264
   -2.24591
   -1.98759
   -2.22955
   -1.71917
     -1.807
   -2.13113
   -2.01666
   -2.77088
   -3.11031
   -2.93796
   -2.40244
   -2.23974
   -2.41832
   -2.71462
   -2.71668
   -2.16749
    -2.8664
   -2.61092
   -2.66422
   -1.30227
   -1.21868
   -1.83878
   -2.41773
   -1.99919
   -1.30411
  -0.217089
  -0.264708
  -0.927632
   -1.29857
  -0.163461
  -0.765887
    -1.6072
   -1.09875
  -0.236613
  -0.231072
  -0.609718
  -0.431279
  -0.180979
    -3.8704
    -4.0369
   -2.09504
   -3.47287
   -3.74683
   -3.88223
   -5.02907
   -5.56495
   -3.46195
   -5.54707
   -3.51654
   -6.84608
   -3.96297
   -3.43512
   -3.28285
   -3.31592
   -9.47397
   -8.98124
   -4.40787
   -3.99531
   -3.99048
   -4.28335
   -2.69094
    -1.5403
   -2.60589
   -3.03927
   -2.81676
   -2.55966
   -2.62146
   -2.89853
   -2.97087
   -2.73943
   -2.89865
   -2.83211
    -3.2062
   -2.78075
   -2.72595
   -3.27679
   -2.98761
   -0.75688
   -1.06795
   -1.01928
   -1.31901
  -0.888197
   -0.79046
   -1.10252
  -0.978658
   -1.28292
   -1.83987
   -2.80673
    -2.6317
   -1.91509
   -1.56573
   -2.21966
   -1.35452
   -1.37167
  -0.917302
  -0.974362
  -0.920048
   -2.78494
   -2.96303
   -2.69825
   -2.86193
   -1.89309
  -0.364194
   -1.14974
  0.0248969
  0.0463311
  -0.543727
   0.201452
 -0.0218719
   0.562769
   0.336173
   -1.51872
  -0.560258
  -0.239676
   -1.01118
   -1.15272
   0.665499
   -1.07818
  -0.382018
   0.454011
   0.357807
  -0.277024
  -0.896138
  -0.249618
   -0.52982
   -2.93682
    -1.9291
   -2.19535
   -3.01685
   -3.29821
   -3.01557
  -0.921933
  -0.805874
  -0.525877
  -0.944492
   -1.08521
   -1.59966
  -0.689608
   -1.22152
  -0.842025
  -0.799033
    -1.0752
   -1.64348
    -1.8013
  -0.838568
   -2.09282
   -1.35533
   -1.76328
   -2.61492
   -2.07074
   -2.08134
    -2.0037
   -2.12058
   -2.66692
   -3.05765
   -2.15135
   -2.00441
    -1.5846
   -1.73242
   -4.40568
   -1.61133
   -2.40021
   -3.06586
   -2.26132
   -2.51977
   -1.91622
   -1.90112
   -1.95867
   -2.81524
   -4.19665
   -3.70383
   -5.13165
   -3.09245
   -6.72008
   -2.58806
   -9.41683
   -8.78473
   -3.22164
   -1.55547
   -2.12462
  -0.506852
   -1.23981
   -2.17414
    -1.7826
   -1.86485
   -1.59191
   -1.91751
   -1.12744
   -1.56969
   -2.42366
   -3.22168
   -2.94477
   -2.53266
   -1.61873
   -1.96869
    -1.0133
   -1.61107
   -1.85428
  -0.777227
   -1.37916
   -1.18329
    5.01957
  -0.512868
    1.46645
  -0.898236
   0.156995
   0.477592
    1.28117
  -0.871652
    1.00161
  -0.719997
  0.0347517
  -0.793179
  -0.737276
   -0.57635
  -0.115899
   -0.65908
-0.00386884
 -0.0765624
     1.1262
 0.00736179
  -0.366553
   0.186612
 -0.0469405
  -0.382477
  -0.525735
   -1.07617
   -1.38495
    0.15836
   -2.97291
   -1.64914
   -1.99643
  -0.707352
  -0.407674
  -0.271963
   -2.36818
   -1.34532
   -1.76915
   -1.16348
   -2.02124
   -1.26928
   -2.33749
   -3.06976
   -1.57203
    -2.3548
   -1.90388
   -1.92867
   -1.72536
   -2.21159
   -2.44836
   -1.68998
   -2.10587
   -2.51604
   -3.01346
   -2.39608
   -2.24937
   -1.38476
   -1.84667
   -2.33011
   -1.30507
   -2.09885
   -2.52057
  -0.909006
   -2.59973
   -2.24883
    -1.2457
   -2.50742
  -0.969201
   -2.19979
   -1.59493
    -1.7111
   -1.69708
   -1.27401
   -2.42451
    -1.7912
    -1.3119
   -1.38113
   -5.07318
   -2.00363
    -2.4418
   -2.16416
   -1.14312
   -3.31432
   -1.09148
    -2.8877
   -2.78313
   -3.04083
   -3.48673
   -2.97115
   -2.17089
    -1.8166
   -2.90961
   -2.37843
   -3.03285
   -0.91057
   -0.77869
  -0.893215
   -0.78643
  -0.641116
  -0.862086
  -0.552735
  -0.816693
  -0.706688
  -0.677834
  -0.661167
  -0.504301
   -1.05609
   -1.12477
   -1.13024
   -1.09555
   -1.04147
  -0.972535
   -1.48177
   -1.44913
   -1.17784
   -1.21841
   -1.07096
   -1.16401
   -1.36456
   -1.17104
   -1.02369
  -0.407103
  -0.594816
  -0.556031
   -1.10758
   -1.10755
   -5.15055
   -4.87031
   -7.79075
   -4.93569
   -7.11378
   -6.82235
   -3.64696
   -10.8763
   -11.1204
   -9.93016
   -5.46849
   -5.05933
   -4.58789
   -8.86898
    -9.6772
    -9.6613
   -10.1553
   -8.49884
   -8.59425
   -7.78687
   -10.6072
   -8.31997
   -9.33645
   -9.69575
    -6.4893
   -8.72201
   -10.6485
   -6.28151
   -9.62265
   -9.06756
   -3.81479
   -5.11506
   -7.87526
   -4.79728
   -7.43474
    -8.3461
   -7.71193
   -4.93451
   -7.19139
   -3.40185
   -8.72497
   -8.24212
   -5.51826
   -6.09779
   -6.16264
    -6.3641
    -2.7727
   -7.14156
   -8.39731
   -5.77905
   -3.33014
   -4.27854
   -5.50254
   -8.10666
   0.559593
   -1.16337
    0.60272
  -0.211922
      0.813
   0.593529
   0.788241
   0.441115
   0.191747
   -1.61066
   -1.48434
    0.11283
   -5.81896
   -0.53661
   -4.15136
   -6.65925
   -3.81735
    -5.9325
   -5.84929
   -5.68011
   -4.82738
   -4.39428
   -5.97802
   -4.13911
   -6.49333
   -5.81163
   -3.40131
   -3.93698
   -5.28493
  -0.944821
  -0.801626
    -1.3283
   -2.09066
   -2.15024
   -2.87058
    -2.9072
   -2.54781
   -3.47969
   -2.94881
   -3.76422
   -2.96921
   -3.55582
   -3.82804
   -3.39801
   -3.73355
   -3.71157
   -3.69844
   -3.36235
   -3.81235
   -2.97789
     -3.665
   -4.04597
   -3.84116
   -3.65835
   -3.87561
   -2.56733
   -2.60631
    -2.9811
   -2.86113
   -2.84269
   -3.09441
   -3.38799
   -2.66807
   -2.48966
   -2.42369
   -3.39438
   -2.53245
   -3.58655
   -3.43507
   -3.42576
   -3.49283
   -3.52845
   -3.61326
   -3.35893
    -3.5165
   -3.04543
   -3.25431
   -3.57743
   -3.40735
   -3.59988
   -3.49971
   -3.44928
   -3.30141
   -3.51128
    -3.9228
   -3.52532
   -3.15387
   -4.02002
   -4.16873
   -4.28256
   -4.11486
   -2.70586
   -2.85124
   -3.73049
   -3.94584
   -4.14968
   -3.83007
     -4.256
     -4.257
   -3.98359
   -3.43717
   -3.92711
   -2.90028
   -3.33383
   -3.54387
   -4.06026
   -3.68136
   -3.24275
   -3.95842
   -1.71503
    -3.0975
    -2.4829
    -1.1706
   -2.44756
  -0.820614
   -2.63817
   -3.24221
   -1.47812
   -2.31379
   -1.15681
   -2.92703
   -3.45569
   -4.52493
   -5.46177
   -5.50786
   -2.95164
  -0.157904
   -3.81626
   -3.02756
   -2.14453
   -2.08975
  -0.902403
   -1.38967
   -0.21886
 -0.0400313
   -3.44535
   -2.76031
    -3.1889
   -5.83153
   -6.78946
   -5.10083
   -5.74814
   -5.16875
   -5.82747
   -3.27861
   -2.33078
   -3.65685
   -3.66299
   -2.32332
   -1.74458
   -2.47669
   -5.01662
   -4.01923
   -1.53316
    -2.5374
   -2.52633
   -3.23785
   -4.52684
   -2.46845
   -3.59771
   -1.90083
   -3.54782
   -3.04519
   -2.18047
   -3.40672
   0.424458
   -9.79583
   -8.28298
   -7.76134
   -7.99122
   -3.20052
   -4.73103
   -3.73719
   -2.55927
   -3.14184
   -2.14757
   -2.34906
   -4.73443
   -3.31953
   -2.47038
   -2.33253
   -3.58129
   -2.76757
   -1.95487
  -0.531553
   -1.38902
   -1.07708
  -0.652456
   -2.43735
   -2.22315
   -2.24731
   -2.35803
   -2.39548
   -2.30281
   -2.40459
   -2.44755
   -2.33635
   -2.51834
   -2.45057
   -2.12921
   -1.86905
   -1.57245
   -2.47223
    -2.2329
   -2.27683
   -2.06779
   -2.45779
   -1.64398
    -1.5581
   -2.54688
  -0.697947
   -1.19988
    -1.8789
    -1.7257
   -1.97576
    -2.3827
   -1.82787
   -2.49529
   -2.42055
   -2.55908
   -2.47914
   -2.56591
   -1.96763
   -1.11298
   -2.35271
   -1.32741
   -2.23433
   -2.47133
   -2.52017
   -1.44667
   -1.91503
   -1.49208
   -1.87709
  -0.507127
  -0.915216
  -0.666572
    -1.2407
   -1.00191
   -1.06624
   -1.17277
   -1.35897
  -0.817241
  -0.849999
  -0.953171
  -0.709913
  -0.847654
  -0.780351
  -0.976481
   -1.23751
   -1.22014
   -1.42354
  -0.842828
   -1.48743
   -1.40669
   -1.06139
  -0.971846
  -0.751595
  -0.641426
  -0.731974
  -0.590422
   -1.03686
   -1.32492
   -1.62342
   -1.45479
   -1.38737
   -1.27982
   -1.31787
   -1.28148
   -1.05142
  -0.695672
  -0.798781
   -1.22597
   -0.71288
   -1.25133
   -1.59706
  -0.705247
   -1.07014
   -0.93072
   -2.39889
    -3.3909
   -3.69041
   -1.69256
   -3.51711
   -2.40925
   -4.57311
   -6.10791
   -5.97704
   -6.31603
   -2.41239
   -1.87997
   -7.49828
   -7.09499
   -7.29966
   -7.26791
   -7.47276
   -6.96178
   -7.63303
   -6.85165
   -7.13606
   -7.37326
   -7.24383
   -6.97634
    -1.8695
   -2.19409
    -2.8273
    -6.9838
   -7.20516
   -5.51917
   -2.85481
   -5.03017
   -6.09404
   -6.47406
   -5.61426
   -2.47739
   -3.09949
   -6.46367
   -3.56114
   -6.32215
   -5.14153
   -6.53146
   -3.02526
   -6.77856
   -6.26854
    -6.0287
   -4.89924
   -5.46735
   -5.34666
   -5.88953
   -5.50383
   -6.17104
   -6.40371
   -6.82992
    -5.9746
   -6.04308
   -5.82994
   -6.95271
   -6.89874
   -6.06917
   -3.68579
   -3.94402
   -6.49488
   -4.89843
   -4.78775
    -5.4604
   -3.87976
   -5.09948
    -4.4401
   -4.68679
   -5.45153
   -5.07393
   -5.37772
   -4.74016
   -5.94214
   -5.76305
   -5.98805
    -4.7655
    -3.9665
   -4.10339
   -4.32927
   -4.45897
      -7.35
  -0.872131
 -0.0502896
     -1.069
   -2.63387
   -1.20242
   -1.48957
   -2.38978
   -2.35837
   -4.61851
   -3.47123
   -4.55693
   -4.37779
   -3.68606
   -4.96534
   -5.00292
    -5.6948
   -5.91565
   -7.26538
   -7.74853
   -7.40348
   -8.47783
   -5.86808
   -6.49864
   -5.86364
   -5.40486
   -5.94551
   -6.44323
   -7.41844
    -6.3703
   -5.31736
   -8.57358
   -8.22598
    -5.5778
    -6.8655
   -6.78492
    -1.7846
   -4.37855
   -4.57235
   -2.66716
   -4.46289
   -5.07764
   -4.92335
   -3.98063
   -4.41216
   -4.65915
   -3.24257
   -2.50712
   -3.50988
   -2.21712
   -2.24725
   -3.36727
   -1.35859
   -2.84758
   -3.41461
   -1.70134
   -1.99474
   -2.56666
   -1.75443
   -2.56979
   -1.88735
   -2.27614
   -2.97152
  -0.646135
   -1.05333
  -0.916148
   -1.32699
   -1.02313
   -1.47035
   -1.23954
   -1.21372
   -2.11045
   -1.63377
   -1.64175
   -2.18958
   -4.21792
   -3.35006
   -2.53469
   -1.33624
    -1.1174
   -1.14064
   -1.47062
   -1.37138
   -1.41093
  -0.523442
   -4.49175
   -1.02973
   -1.18436
   -1.62836
  -0.489073
  -0.502119
  -0.607206
   -2.59604
   -2.02678
   -1.96045
   -1.89922
   -1.88333
   -1.59434
   -1.29739
   -2.81005
   -1.82948
   -2.46856
   -2.21608
   -1.93808
    -2.3569
   -2.02943
   -2.99527
   -1.97554
   -2.96993
   -1.74645
   -3.37049
   -1.72391
   -1.83816
   -2.92361
    -1.8679
   -3.17303
   -3.32866
   -2.63145
   -1.80963
   -2.14928
   -2.53443
   -1.42841
   -2.35016
   -3.06348
   -2.09442
   -4.80671
   -3.32239
    -4.1576
   -5.81506
   -3.16324
   -2.92235
   -2.20778
   -0.43618
    0.21078
    4.41185
-0.00209838
  -0.492851
   -1.39606
   -4.72131
   -2.67881
  -0.382153
    3.78548
    2.16441
    3.85021
    1.67707
   -3.80805
    4.53422
   -1.85176
   0.548492
   -3.65258
   -2.09844
    1.31347
   -7.66045
   -2.87234
   -6.04491
   -2.40197
   -7.81583
  -0.681465
    4.04907
   -4.76628
    4.96642
   -6.64376
   -6.83213
   -2.60432
   -3.03042
   -2.64199
   -3.39555
   -3.47835
   -2.92023
   -3.67972
   -3.52248
   -6.15438
   -4.38499
   -5.31445
   -2.72153
   -4.36834
    -3.4981
   -3.66873
   -2.86985
   -2.51063
   -2.36813
   -2.55722
   -2.16334
   -2.14997
   -2.23434
   -2.13501
    -2.1337
   -2.00451
   -2.05925
   -1.82299
   -1.84808
   -1.79967
   -1.88629
   -2.06779
   -2.71496
   -1.95888
   -2.35568
    -1.9775
   -2.24107
   -2.15642
   -2.07848
   -2.22519
   -2.14659
   -2.12655
   -2.16392
   -1.39446
   -1.58326
   -1.56396
   -1.62623
   -1.25724
   -1.17203
   -1.19869
   -1.15287
   -1.29074
  -0.542803
  -0.282181
   -7.71169
   -6.83078
   -5.91814
   -6.75408
   -7.00177
   -5.25858
   -4.74199
   -3.99463
   -3.73656
   -3.93065
   -4.31948
   -4.20875
   -3.35195
    -2.8728
   -4.16054
   -4.40191
   -3.48919
   -2.23042
   -1.08388
   -2.31024
  -0.762476
   -2.21316
   -1.81551
  -0.939089
   -1.97047
   -1.23426
   -3.05515
   -1.90959
   -1.04041
   -2.12835
    -8.2211
   -1.30696
   -4.75368
   -9.90785
   -3.59737
   -8.17976
   -2.80566
   -2.43991
    -4.6711
  -0.785481
   -11.0268
   -2.50173
   -2.78926
   -2.58324
   -10.0057
   -4.07747
   -6.07619
   -3.10954
    -4.0425
    -5.5279
    -1.3762
   -6.49108
   -7.11234
   -10.3423
   -6.47947
   -6.63432
   -12.6358
   -7.17843
   -9.80158
   -1.88048
   -3.01249
   -4.41116
    -7.0782
    -6.1575
   -8.15078
   -10.3732
   -4.93316
   -9.03254
   -4.66693
   -6.63198
    -7.4838
   -5.04585
   -0.91967
   -3.07133
   -4.71525
    -10.377
   -8.69202
   -11.0409
   -4.02849
   -6.53139
   -10.8248
   -11.0706
   -3.99298
   -7.71692
   -10.5707
   -9.52151
   -2.56433
    -2.7562
    -1.2672
   -3.86476
   -2.44348
   -5.34258
    -5.4427
   -4.16909
   -10.3937
   -9.34462
   -10.2199
   -5.48664
   -12.6385
   -4.56281
   -11.4217
    -10.087
   -6.56503
   -6.06767
   -5.52645
   -7.10049
   -2.63308
   -3.47999
    -2.8988
   -2.39745
   -2.67756
   -3.36495
   -3.95304
    -2.7987
   -3.79642
   -4.66488
   -3.18574
   -2.40302
   -11.1043
   -9.87327
   -10.6913
   -9.26663
   -12.8685
   -3.54785
   -8.48456
    -2.3851
   -2.82761
   -2.90478
   -5.32299
   -4.77197
   -3.82653
   -6.79253
   -10.0708
   -6.04897
   -2.37009
   -4.37221
   -5.46419
   -3.11298
   -1.89632
   -1.79583
   -3.16871
   -3.42463
   -6.16883
   -2.61773
   -8.89029
   -7.26366
    -7.3914
   -8.55176
   -8.22495
   -4.75722
   -9.96614
   -1.94151
    -6.6131
  -0.143991
   -0.68582
    -3.0587
   -2.88185
   -5.37579
   -1.99167
   -2.07466
   -3.59124
   -1.38462
   0.231484
   -2.93449
  -0.799378
   -4.08764
   -2.38433
   -3.21752
   -1.00516
   -2.53313
   -1.81247
   -1.94674
   -4.29507
   -3.31569
   -2.55588
   -2.53911
   -3.68835
   -2.03789
   -4.21854
   -1.76863
   -1.50256
   -2.54511
   -5.05535
    -3.6007
   -5.75319
    -2.4586
   -3.39791
   -7.93044
   -2.27243
   -5.53174
   -8.33361
   -6.09119
   -3.62476
     -2.828
   -3.05113
   -3.34352
   -3.04384
   -3.25077
   -3.19996
   -3.35871
   -3.11287
   -3.37681
   -2.91443
   -3.44797
    -3.2083
  -0.833567
   -1.21916
    -1.8133
   -2.43749
   -3.20477
   -2.87306
   -2.91879
   -2.78232
  -0.893354
  -0.434709
   -1.26742
   -1.79016
   -2.31968
   -2.84979
   -2.53407
   -2.28365
   0.279031
   -1.26255
   -2.16527
  -0.377574
   0.515654
   0.149883
   0.169308
   -1.02313
   -1.27349
   -1.81258
   -2.61051
  -0.652352
  -0.209942
   0.112717
   0.133593
   0.432908
  -0.108742
   0.535156
   -1.03192
  0.0245963
  -0.384537
   -0.20733
  -0.572884
   0.162818
   -3.14418
   -2.49551
   -1.27937
   -1.93786
   -1.76789
   -1.34428
   -1.13678
   -1.83421
  -0.672169
   -2.49627
  -0.703409
   -2.49804
  -0.613592
   -2.98602
  -0.610984
  -0.783106
  -0.760163
  -0.959976
   -1.34811
  -0.842674
  -0.936624
   -1.39973
   -1.03117
   -1.18875
   -3.08495
  -0.732356
   -1.26039
   -1.14643
  -0.935915
   -2.81591
   -1.58409
   -1.66994
   -1.50434
   -1.25889
   -1.64925
    -1.5601
    -1.3645
   -1.68142
   -1.59147
    -1.7287
   -1.96404
   -1.87362
    -1.5844
   -1.75518
   -1.72088
   -3.95409
   -3.48887
    -3.2138
   -3.10444
   -2.51339
   -2.78989
   -2.67369
   -2.97301
   -5.39301
    -5.1603
   -7.05329
   -5.54065
   -5.19804
   -7.21091
   -10.1601
   -8.61425
   -10.1089
   -9.67922
   -8.88532
   -7.03276
    -8.9795
   -9.23981
   -9.89329
  -0.653161
  -0.409311
  -0.761276
  -0.886422
   -2.50458
   -2.76959
   -2.45256
   -1.78816
   -1.55941
   -1.68394
   -1.77954
   -1.19084
   -2.84713
  -0.715697
   -2.40179
   -1.77847
   -2.77287
   -1.10378
   -2.70956
   -1.07369
   -1.74627
   -2.39736
  -0.623272
   -1.20912
   -1.60813
   -2.92604
   -2.35953
   -2.50777
   -2.85464
   -1.92479
   -2.46661
   -2.20303
   -3.03486
   -2.27835
   -2.57155
   -1.10921
   -2.21608
    -2.8918
   -3.31687
   -3.22932
   -3.22182
    -3.0408
   -1.77788
  -0.472245
    2.36097
    2.37436
    3.59537
    2.72265
      2.614
    4.41333
   0.274094
    2.61995
    1.84724
   -2.73646
   -2.99305
   -5.07077
   -7.91114
  -0.196766
   -6.08958
    1.40795
   -8.19937
    4.87398
   -2.93495
   -6.17307
    3.06015
   -2.71845
   -2.93314
   -2.84655
   -2.37834
   -2.25836
   -2.05058
   -2.32325
    -3.4861
   -2.51908
   -3.46124
   -2.29477
    -5.8519
   -4.75564
   -4.37492
   -3.60013
   -2.62851
    -2.3186
   -6.79087
   -2.30206
   -2.32991
   -3.84636
   -2.42351
   -8.81854
   -3.89399
   -4.50968
   -6.70823
   -6.04941
     -2.703
   -4.55249
   -4.00008
   -3.33603
    -3.7768
    -1.1884
   -1.09035
   -1.33922
    -1.1397
   -1.04779
    -1.0572
   -1.43076
    -1.2254
   -1.23945
   -1.32135
   -1.44957
   -1.31695
   -1.26052
   -2.35257
   -1.85448
   -1.15439
   -1.00968
   -1.06017
     -1.031
   -0.96575
   -1.80733
   -1.69175
   -1.52605
   -1.53894
   -1.95153
   -1.52574
   -1.69626
    -1.7226
   -1.44938
   -1.85782
   -1.67237
   -1.40959
   -1.73407
   -1.55697
   -1.30672
   -4.12238
   0.729452
  -0.436805
    -1.2051
   -2.41859
   -1.54409
   -3.76074
   -3.84455
   -4.28846
   -5.93737
   -8.46929
   -10.1314
   -9.00966
   0.051548
  -0.959623
   -2.24225
    -2.9383
   -3.84074
    -3.6884
   -3.75689
   -2.42554
   -3.37447
   -3.24501
   -3.66733
   -2.89891
   -3.02791
    -3.6385
   -1.16539
   -2.58432
   -1.21964
   -1.72642
    -2.4417
    -1.7515
   -1.72136
   -1.27636
  -0.637114
   -1.99044
   -0.61548
   -1.26413
   -1.72591
   -3.89472
   -3.81238
    -3.8186
   -3.27815
   -3.54325
   -1.79283
    -1.6469
   -2.39913
     -2.543
   -3.09672
   -3.59875
   -3.58467
   -3.35629
   -3.05241
   -3.69226
   -3.18202
   -2.79436
   -3.25409
   -3.67159
   -3.51498
   -3.08336
     -3.582
   -3.62166
   -3.12378
   -3.22312
   -3.77677
   -3.25081
   -3.65651
   -3.03196
   -3.70779
   -4.50614
  0.0964011
   -4.17778
   -2.05077
   -4.82608
   -1.03117
   -1.58947
   -3.34044
   -1.13276
  -0.703661
  -0.789219
  -0.834448
  -0.882274
   -2.62377
  -0.844951
   -1.51629
  -0.950304
   -0.71094
   -2.53268
   -2.04772
  -0.568158
  -0.915593
   -2.40283
   -7.06612
   -4.27819
   -4.88535
   -5.55821
   -2.34737
   -3.19886
   -4.68989
   -4.88788
   -4.96367
  -0.986757
   -2.04729
   -2.99838
   -3.69537
   -3.18261
   -4.73217
    -3.9327
   -3.59253
   -5.02495
   -4.94108
   -4.98013
    -4.5181
   -6.68626
   -3.96111
   -5.52587
   -8.34547
   -2.95065
   -2.74678
   -3.91533
   -3.56239
   -2.10325
   -4.02087
     -3.282
   -7.52847
    2.34082
   -8.60168
   -4.31091
   -2.88361
   -2.93857
   -2.40819
   -2.79012
   -2.39766
   -1.38639
   -1.16363
   -1.32654
   -1.09426
   -1.33789
   -1.10852
   -1.03702
  -0.976889
  -0.990269
   -1.01427
   -1.22356
   -1.56263
   -1.69332
   -1.29955
  -0.320866
  -0.482153
   -2.97366
   -3.28688
   -2.38609
  -0.333433
   -2.73088
    -2.9922
   -1.30768
     1.8696
    1.14851
   0.629142
   -0.70062
    1.07495
    2.87371
    2.15091
    2.48679
     2.2233
   -1.78275
   0.338075
    4.27791
    3.41112
    3.42659
   0.392602
   -1.10727
   -1.25995
    3.68608
    5.04961
   -3.02554
    1.65818
   -2.40913
    1.44372
  -0.470274
    -5.9481
   -1.88629
    0.12877
   0.700078
   -3.65951
   -2.99613
   -1.90514
   -2.62425
   -6.34011
   -9.04566
   -2.11473
    -2.5733
   -3.06194
   -3.35867
   -3.66358
   -2.60157
   -4.60427
   -2.39552
     -2.506
   -9.58117
   -4.39601
   -1.64996
   -7.40736
   -2.60442
   -6.43259
   -2.44941
   -2.58319
   -4.05146
   -5.09405
   -4.30256
   -5.42743
   -3.26018
   -2.41975
    -3.4264
    0.18969
   0.733721
  -0.114772
   -0.67098
     -1.978
   -2.49755
   -1.81273
   0.203007
   -1.07384
  -0.661821
  -0.330293
  -0.980763
  -0.827209
   -3.01437
   -2.23169
   -3.00361
   -1.14198
   -1.73458
   -1.14273
   -1.71432
   -4.36111
   -2.83405
   -2.94339
   -6.56168
   -6.61743
   -8.45463
   -6.65918
   -7.98238
   -8.03337
   -10.5363
  -0.377786
   -0.57566
  -0.691133
   -1.93007
   -4.09552
   -2.29497
   -1.05701
   -3.14714
   -4.40168
   -3.71047
   -4.45174
   -3.68004
   -3.51376
   -5.73807
   -3.47682
   -2.90618
   -4.85346
   -5.13007
   -5.15972
   -5.03473
    -6.0685
   -4.03503
   -5.75482
   -6.71763
   -8.36503
   -4.20785
    -4.5063
   -7.03288
    -7.7574
   -6.47837
   -6.14653
    -6.9238
   -7.33837
     -7.855
   -8.19391
    -8.3284
   -8.25988
   -7.55329
   0.582576
   -5.47736
   -4.11223
   -2.43064
   -2.21295
   -2.00057
   -2.35404
   -2.07907
   -2.35203
   -2.22162
    -2.0293
   -2.18328
   -2.07276
    -2.7497
   -1.94739
   -2.53872
   -2.55609
   -2.36466
   -2.57217
    -2.2729
   -2.51503
   -2.15617
   -2.89802
   -2.09354
   -2.71721
   -3.05421
   -2.66814
    -2.8721
   -2.53431
   -2.98892
   -2.96203
    -2.4109
    -2.6531
   -2.17394
   -2.67337
   -2.39724
   -2.38387
   -2.06976
   -2.37524
   -2.13733
   -2.06013
   -2.11871
   -2.44676
   -2.39624
   -2.57502
   -2.19897
    3.34953
   0.426919
   0.662931
   0.727867
   0.402747
    1.25649
    1.61593
  -0.161579
    1.04868
    1.88409
   -2.06693
    1.32757
   0.408721
    2.66506
   -1.63506
   -3.97752
   0.313803
   0.339053
 -0.0588417
   -1.85307
    2.19412
    1.80552
    2.88838
    1.39316
    2.03602
    1.60749
   0.202597
  -0.225919
   0.672529
    2.68806
    0.25538
     0.7852
    1.03228
    1.69305
   0.398919
   -0.17763
   -3.58561
  -0.478599
   -1.89795
  -0.957139
   -3.22782
   -1.30542
   -2.41616
   -1.08616
  -0.747237
   0.167119
    -3.0501
 -0.0226483
   -1.32721
   -1.27396
  -0.324637
   -0.32861
   -2.81814
   -2.90399
  -0.613681
   -3.96766
   -1.70335
   -1.27648
   -1.77629
   -3.18708
   -3.02199
    -5.1183
   -6.72642
    -6.0659
   -6.06547
   -4.57856
    -4.8528
   -3.32553
   -2.14748
   -3.19813
   -3.44194
    2.03803
   -3.80768
    -3.4779
   -3.61791
   -3.60977
   -3.64186
   -3.69227
    -3.4088
   -3.05123
   -3.42646
   -2.36978
   -3.75723
   -2.95256
   -3.84914
   -3.57192
   -2.76854
    -2.6447
   -3.23065
    -3.7169
   -2.86612
   -2.11532
   -1.67131
   -2.19391
   -2.33238
   -2.44989
   -1.98035
  -0.236885
    3.65394
    1.21119
 -0.0300264
   -1.21889
  -0.553276
  -0.737713
   -1.47073
     -1.356
   -2.42127
   -3.02583
    -4.9317
   -4.78285
   -5.04602
   -9.22363
   -3.36781
   -4.07856
   -3.09828
   -3.18133
   -3.31194
   -3.39565
    -3.4224
   -3.35766
   -3.50619
   -1.96614
   -2.19669
   -2.01402
   -1.72845
   -1.95615
   -1.93086
   -1.77841
   -3.92727
   -4.64127
   -4.25117
    -4.4378
   -3.50774
    -3.5502
   -2.57571
   -3.12511
   -3.22414
   -5.24799
   -5.00617
   -7.72263
    -5.6564
   -5.27712
   -7.02073
   -6.38916
   -1.47404
   -7.86299
    -5.4038
   -6.13999
      1.951
   -6.92171
   -7.81686
   -9.09395
   -9.18608
   -8.13826
   -6.13204
   -7.12236
   -7.61036
   -2.60074
   -2.74389
   -2.41444
    -2.5747
   -2.16838
   -2.41864
   -2.59252
   -2.20907
   -2.28739
   -3.04203
   -4.40261
   0.611518
    1.59566
    4.50603
    2.89207
  -0.500354
  -0.681874
   -1.20216
   -2.43316
   -2.59814
   -7.25744
   -4.63307
   -4.81503
   -4.00496
   -6.65296
    -1.5924
   -6.09985
   -4.61387
   -8.29469
   -3.84531
   -8.26675
    -6.6288
   -2.53749
   -8.87951
   -2.86088
   -2.48643
   -8.56461
   -8.56633
   0.756291
   -2.02871
   -4.72499
   -2.03518
   -1.76417
   -7.77723
   -8.28091
    -6.8047
   -5.03756
   -5.39546
   -7.83954
   -4.96676
   -7.70996
   -4.80709
   -3.97022
   -3.94702
  -0.632138
   -1.85136
   -1.52648
   -1.38781
   0.265385
   -5.27913
   -1.37618
   0.348401
   -2.49624
   -3.44974
  -0.702642
    -1.6556
   -1.24372
   -2.11545
    -1.8052
   -1.74268
   -1.22822
   -1.34133
   -1.49239
   -2.64809
   -2.14389
   -1.57408
   -1.97452
   -1.77827
   -1.84143
   -2.13633
   -1.57505
   -1.35598
   -2.62502
   -1.82405
   -2.51357
   -2.09176
   -2.18825
   -2.50804
   -2.41536
   -2.87321
   -2.52569
   -3.07828
   -3.04445
  -0.262296
   -1.12377
   -2.32445
   -1.86587
   -3.15706
   -2.70679
    -1.4155
   -2.01714
    -2.1536
   -1.37866
   -3.77537
   -3.90285
   -4.53938
  -0.510155
   -3.33198
   -5.41271
   -2.13201
   -2.81964
   -5.77101
   -4.24581
  -0.375894
   -3.47374
   -4.93866
   -3.71579
   0.582325
   -6.02802
   -1.50007
   -4.07732
   -1.35931
  -0.561681
     1.6133
   0.902166
    2.58558
    2.95078
   0.401896
    3.73809
     3.6015
   0.192168
  -0.624029
    3.59815
    3.36908
    1.30682
    3.62001
    1.87663
   -1.01774
    3.21591
    1.91644
   0.903352
    -4.2345
   -7.53552
   -8.16687
   -7.01986
   -6.55225
   -7.88564
   -7.35752
   -4.79907
   0.877425
   -2.25074
   -2.04678
   -1.97793
   -2.11337
   -2.23916
   -2.42076
   -2.22393
   -2.19384
   -3.70318
   -4.91099
   -4.72402
    -1.6637
   0.629809
    1.12213
   -2.60567
   0.507896
   -1.17217
   -2.51468
   -3.32639
   -3.83456
   -3.43552
 -0.0370296
   -1.82093
   -1.77458
   -2.55935
   -4.49536
   -2.57888
    -2.3934
    3.48864
   0.865062
  -0.930999
   -4.77972
   -1.85529
    1.79255
   -3.32811
   -2.43957
   -2.74573
   -3.20135
   -3.15268
    -1.5738
  -0.392412
   -1.06806
   -1.26632
  -0.121466
   -1.32097
   -1.89346
   -1.23837
    3.49806
    1.50259
   0.114711
    3.00817
    5.60423
    3.24115
    1.62026
    6.59072
    9.25251
    8.54335
    7.54585
    5.70048
    7.89061
    11.0385
    9.99416
    6.29685
   -3.89722
  -0.580887
   -1.36923
   -1.07609
   -2.67261
   -2.65489
   -4.14113
   -4.82197
   -3.85433
   -6.17636
   -3.55121
   -4.01854
    -4.3943
   -4.58921
   -3.61925
    -1.7054
   -1.40649
   -1.67361
   -1.50618
   -2.14375
   -1.93834
   -2.63314
   -3.40032
   -2.95683
   -4.82769
    -4.6273
   -5.32558
   -3.73088
   -4.25772
   -5.11199
   -6.78744
   -5.11677
   -4.15129
   -5.09389
   0.557057
   -4.95683
   -6.58161
   -5.43945
   -3.26053
   -3.88039
   -3.26013
   -2.69676
   -3.45456
    -2.8554
   -3.64161
   -4.20179
   -3.79084
   -2.99885
   -3.36968
   -2.81603
   -4.25731
   -4.21566
    1.10245
   -1.60747
   -1.94418
   -3.22409
   -2.31838
   -3.28099
    1.91855
   -1.17838
     4.1038
   -1.63201
    6.09196
    2.03727
  -0.503754
   -3.84838
   -2.24971
   -2.99755
   -4.15861
    -0.9372
    3.39494
   0.680938
    3.25717
     3.7857
    1.72992
   0.745097
    6.43443
    4.41456
    1.86603
    3.25036
    1.90871
  -0.206343
    4.00824
    6.26503
    5.13193
     8.5722
    11.6474
    8.09302
    10.3014
    7.56668
     10.586
    2.73646
    6.25673
    6.26834
    3.07805
    3.62202
    4.32089
    1.76807
     7.4067
   -3.02209
    4.38483
   0.647463
    4.02635
 -0.0711566
     1.6971
    0.33583
    1.92348
   -2.25036
    3.65645
    5.97563
    1.87054
  -0.366244
    0.94687
   0.470062
    1.31861
  -0.577651
    1.83954
  -0.164206
   -2.61338
   -2.84229
   -2.30957
   -1.99218
   -2.17847
   -2.33446
   -2.12008
   -2.17639
   -1.82244
    -1.9282
   -2.06994
   -2.30905
   -2.11697
   -3.87325
   -3.75482
   -2.28056
   -3.64017
   -2.10951
   -2.83151
   -2.14102
   -5.54816
   -5.24501
   -8.16666
   -7.29767
   -8.44008
   -8.52505
   -6.95985
   -8.51543
   -9.21272
   -8.84529
   -5.59829
   -5.20949
   -4.87987
   -8.58871
   -7.15378
   -3.43212
   -6.83239
   -7.86345
   -8.45369
   -4.50924
   -5.36651
   -6.94694
   -4.09023
   -8.02734
   -8.56582
   -9.79096
   -8.06881
   -9.13138
    -8.7794
    -7.2883
   -4.06351
   -7.25759
   -5.12996
   -6.21294
   -2.27296
   -2.47304
   -2.58148
   -2.73328
   -2.20357
   -2.32569
    -2.1014
    -2.1589
   -2.08853
   -2.24631
   -2.34001
   -2.35441
   -2.22447
   -2.73024
   -2.48694
   -2.35174
   0.802429
   -1.67665
   -5.80239
    -2.5302
   -6.49486
    -6.1976
   -6.28385
    -6.9276
   -8.28341
   -4.73547
   -6.47866
   -2.13334
   -2.47011
   -2.33197
   -2.80394
   -1.51933
   -3.80277
   -2.81556
    -2.2898
   -2.25686
   -2.77756
   -2.83853
   -2.35805
   -2.14746
   -2.53601
   -2.29695
   -2.64387
   -2.40614
   -2.33956
   -2.88634
    -3.1954
   -3.76718
   -3.60484
   -5.62463
    -2.2915
   -3.27518
   -2.00135
   -2.82277
   -3.44762
     -4.721
   0.781194
   -1.19099
   -8.30885
   -5.53066
    3.71677
    4.80904
   0.078736
    1.95806
   0.675637
    -2.2572
   -2.15132
   -8.16368
    -7.3671
   -7.51528
   -8.21057
   -7.95934
   -6.01882
   -7.15347
   -3.85495
   -5.70109
   -5.20365
   -2.92246
   -3.61007
   -4.11992
   -1.94438
   -4.39591
   -6.57009
    -2.7364
   -2.69803
   -5.57791
   -3.18542
   -2.67553
   -1.83732
   -2.25643
   -2.31605
   -1.86056
    -2.2538
   -1.05583
   -1.45313
   -4.57152
   -5.11699
   -5.48079
   -7.00241
   -3.62242
    -3.7145
   -2.59185
   -2.60419
   -2.14172
   -1.46843
    0.11879
   -7.46572
   -6.40781
   -2.43951
   -1.54866
   -1.96347
    -1.8985
   -1.38678
   -5.41438
   -6.11601
     -5.553
   -2.03475
   -2.40178
   -1.80889
   -1.67001
   -1.58759
   -2.19609
   -2.02102
   -1.41857
   -1.74652
   -2.06261
    -1.9144
    -1.8612
   -1.86138
   -1.74277
   -3.10522
  -0.349305
   -1.70938
   -6.20402
   -3.45953
   -5.50375
   -3.14851
   -2.01152
    -2.2297
   -2.28879
   -2.59395
   -2.40932
   -2.15785
   -2.25669
   -2.36515
   -1.87752
   -2.01274
   -2.56951
   -2.38374
   -2.24815
   -2.25165
   -2.40001
   -2.57876
   -2.52316
   -2.69143
   -2.38647
   -2.66167
   -2.62797
    -2.5738
   -2.68479
   -2.55618
    -1.9245
   -1.91781
   -2.02101
   -1.66866
   -1.58229
   -1.84932
   -1.48669
   -1.56431
   -1.75216
   -1.85934
   -1.97653
   -1.74243
   -1.45282
   -1.46504
   -1.44813
   -2.41788
   -2.66405
    8.73393
    2.43642
    1.09298
  -0.980487
   0.380007
   -3.66386
   -1.46407
   0.463256
  -0.679058
   0.590191
 0.00649788
  -0.432598
   -1.08758
    -1.8789
    -2.0196
  -0.857687
   -1.69172
    -1.0689
  -0.599252
   -2.42055
  -0.648969
   -2.00822
   -3.33877
   -1.01569
    -1.0893
   -1.98727
   -2.87939
   -3.22051
   -2.40936
   -3.48477
   -2.72208
   -2.51667
   -6.25063
  -0.711064
   -0.70825
   -3.32021
   -3.64507
   -4.63327
   -2.50298
   -1.35728
   -1.99391
  -0.899032
   -1.17745
   -1.85801
   -2.27218
   -2.27049
   -2.68848
   -1.43645
   -1.88204
   -2.38269
   -1.64258
   -2.99226
   -2.60082
   -4.13233
    -4.2562
   -4.96878
   -5.20788
    -3.4935
   -4.81405
   -4.80628
   -4.91954
   -4.87728
   -4.15273
   -3.73489
   -4.85005
   -4.66569
   -4.01434
   -3.89991
   -3.14187
   -4.33752
   -3.62638
   -4.26762
   -4.86444
   -5.54107
   -5.53973
   -5.50309
   -3.53682
   -4.49457
   -4.50634
   -5.03599
   -5.29229
   -5.28519
    -5.7174
   -3.62863
   -2.79747
   -3.16295
   -3.80232
   -4.26464
    -5.1021
   -5.16312
   -3.73678
   -3.69632
    -4.2714
   -3.92036
   -5.00346
   -2.79267
   -3.26683
   -2.72885
   -5.07363
   -4.09524
   -3.60617
   -4.61581
   -4.56393
   -3.32593
   -6.00828
   -3.70831
   -3.90259
   -5.37675
   -5.40985
   -7.18915
   -4.62853
   -6.12082
   -5.68604
   -5.32947
   -4.95605
   -5.22213
   -4.39341
  -0.788164
   -2.90215
    1.74327
  -0.823378
    11.1427
    4.37175
    5.94189
    2.75578
 -0.0878607
    1.67663
    2.00486
   -3.73546
   -7.66151
   -2.84476
   -2.14084
   -2.75409
  -0.828262
   -3.89859
   -3.11517
   -5.81586
   -1.14126
  -0.364327
   -1.10167
    -2.2431
   -4.43877
   -2.16695
   -2.17954
   -1.83062
   -2.10026
   -4.28704
   -5.98429
   -5.31508
   -4.04485
   -4.39221
   -0.77911
   -2.42515
   -2.40461
   -3.12502
   -4.07888
   -1.89524
   -1.41937
   -1.77116
   -2.81062
    -2.3381
   -2.25389
   -4.28058
   -3.91868
   -6.70191
   -2.33477
   -1.74454
   -2.93644
   -3.03329
    -2.9082
   -3.04346
   -2.97922
   -3.09335
   -2.05612
   -2.42867
   -2.95158
   -2.67445
    -2.7215
   -2.35202
   -2.57503
   -2.28247
   -2.95828
   -2.97642
   -2.46511
   -2.91121
   -2.54775
    -2.7455
   -3.87462
   -3.63145
   -5.84247
   -4.54009
   -4.95106
   -6.26003
   -6.47378
   -6.99288
   -4.96714
   -4.28204
   -3.27313
   -4.12178
   -5.72342
   -3.00984
   -2.55758
   -2.39776
   -2.58714
   -4.37541
   -2.62721
   -2.48739
   -3.65017
   -6.18783
    -2.7764
   -2.42718
   -2.64154
   -2.31851
   -2.13554
  -0.255128
   -1.19446
   -4.26111
   -2.77474
    -2.0933
   -6.49465
   -3.98173
   -6.91851
   -5.28962
   -3.66521
   -5.89101
   -2.15828
   -2.18275
   -2.13741
   -2.20001
   -2.04101
    -2.1956
   -2.25071
   -2.25229
   -2.20622
   -2.60764
   -1.55887
   -5.31998
   -5.87451
   -6.16045
   -5.20277
   -6.53121
   -7.76439
   -7.73936
   -7.03827
   -7.28641
    -7.2915
   -7.21749
   -6.11309
   -4.63754
   -7.81207
   -7.03323
   -7.65463
   -6.35458
   -6.50281
   -7.01179
   -8.16972
   -5.54496
   -6.92156
   -7.43245
   -6.21175
   -5.69844
   -7.86748
   -8.17802
   -2.82135
   -2.02472
   -2.04004
   -2.15038
  -0.286634
   -1.72681
  -0.810645
   -1.37878
   -1.01781
   -1.43251
  -0.733916
  -0.670687
    1.83338
   0.103639
   -1.80909
   -1.95207
   -1.96594
   -2.51631
   -2.09828
   -2.16925
   -2.22248
   -3.16513
   -2.88079
   -2.53375
   -2.86994
   -2.33979
   -3.10349
   -3.03457
   -3.02596
   -2.64756
    -3.1366
     -2.102
   -2.40694
   -2.81602
   -2.01899
   -2.47589
   -2.86128
    -2.6967
   -2.83039
   -2.85882
   -2.63272
    -3.0269
   -3.00439
   -3.05876
   -2.66388
   -3.06398
   -3.00258
   -3.47267
   -6.60805
   -2.07931
    -2.5356
    -2.6527
   -2.61102
   -2.56443
   -2.43615
   -2.65452
   -2.75754
   -2.97278
   -2.78181
   -2.94619
   -2.82465
   -2.82482
   -2.98856
   -2.94509
   -2.97389
   -2.87875
    -2.7797
   -2.89697
   -2.37823
   -2.71749
   -2.89939
   -2.61647
   -2.67009
   -3.00758
   -2.75853
   -3.13486
   -3.05673
   -2.71834
   -2.91324
   -3.14743
   -3.02542
    -1.6895
   -1.30409
    6.99762
    2.11493
    1.32465
    4.88895
   -1.36834
  -0.212033
  -0.584097
    1.88287
   -2.54516
   -2.65462
   -1.82428
  -0.487739
   -0.88848
   -1.11197
   -1.66554
   -2.29434
   -4.23841
   -1.31562
    -2.6044
   -4.25219
   -3.34884
   -3.51661
   -2.71932
   -5.46887
   -2.71049
    -3.7427
   -4.37614
   -4.14225
   -5.40831
   -5.33372
   -4.86102
   -4.33748
   -5.15333
   -5.97181
   -4.75916
   -4.84058
   -4.72611
   -4.82137
   -4.95949
   -5.14337
   -5.21381
    -6.7033
   -6.25719
   -6.23171
   -5.87254
   -5.07861
   -4.95511
   -5.73969
   -4.43629
   -4.14015
   -3.40672
   -4.38895
   -6.25783
   -3.08704
   -3.45789
   -5.53146
   -2.21286
   -6.23221
   -7.62463
   -4.75383
   -8.54342
   -6.36967
   -6.34942
   -7.91712
   -3.22359
   -4.77992
   -3.28786
   -0.14223
   -2.17962
    -1.9891
   -1.99098
   -2.03466
  -0.975953
   0.389213
   -2.20043
    -1.2206
    1.24672
   0.255884
   0.852327
  -0.775406
   -1.04627
    -2.3127
   -4.38891
    -3.8833
   -5.29474
   -2.78027
   -3.84221
   -3.44834
    1.76584
   -4.55519
   0.807055
    4.05962
    3.31744
    2.52155
    6.75414
   -2.93127
    6.03794
    4.21859
    5.73877
   0.057575
  -0.599341
    1.67813
   0.641288
    0.63197
  -0.776625
    5.85054
     3.5186
  -0.723727
    1.14004
     -6.742
   -3.00032
   -3.81866
   -1.65044
   -5.51917
   -5.71465
   -9.21451
   -9.05803
   -2.14233
   -2.99618
   -2.33719
   -2.55243
   -3.30076
   -5.28819
   -7.00137
   -0.34692
    -1.4641
  -0.726318
   -1.51199
    -1.6213
  -0.175847
 -0.0458251
   0.343963
   0.083627
  -0.451186
   -2.23334
   0.224452
   -1.48187
   0.036469
   -1.69323
  -0.434539
   -2.49963
   -2.75684
   -2.17282
    -2.7713
   -2.06495
   -2.89589
   -1.38855
  -0.438944
  -0.647912
   -3.14989
   0.124542
 0.00963584
  0.0912149
  -0.136997
-0.00930433
   0.161902
  0.0145391
    0.19646
   -1.72936
  -0.648075
  -0.268599
  -0.524662
  -0.242569
   -1.61383
   -0.98971
   -2.81252
   -2.72788
   -2.43815
   -2.12515
   -3.13299
   -1.98499
   -6.09956
   -6.57275
   -5.27292
   -5.71804
   -3.10099
    -1.2744
   -1.04028
   -4.42112
   -1.75106
   -1.94086
   -1.17652
   -5.24293
   -3.55763
   -3.30869
   -5.38077
   -4.99969
   -2.06943
   -5.39951
   -6.09049
   -6.80789
   -8.27079
   -7.51562
   -8.26555
   -6.42528
   -7.88328
   -10.7987
   -10.5103
   -8.95245
   -10.7902
    -9.4757
   -9.34704
   -9.41271
   -8.49052
   -9.88798
   -12.9027
   -11.2809
   -10.3633
   -10.8331
   -9.21673
   -6.58699
   -4.81809
   -3.28498
   -1.43862
   -2.04851
  -0.558028
   -1.58924
  -0.237219
    0.50423
   -2.57852
   -6.65145
   -5.55836
   -6.38556
   -2.32805
   -2.73409
   -2.76147
   -2.64477
   -2.36572
   -2.55137
   -2.84879
   -2.82105
    -1.7647
   -2.06859
   -2.47418
   -2.73726
   -3.01263
   -2.89352
   -2.53915
    3.56748
    2.75057
    2.94325
    3.39446
    2.56497
    3.84866
    2.70249
    1.70594
   0.414069
    2.27654
  -0.808645
   -1.67302
   -2.92449
    -2.4731
   -3.06964
   -3.05149
   -3.27867
   -3.49304
    -3.1656
   -3.21311
   -3.45485
   -3.84873
   -3.35221
   -3.64948
   -7.30541
   -8.62922
   -6.67574
   -7.80571
   -12.0523
  -0.171721
   0.220337
  -0.275267
  -0.707782
   0.399364
    -7.1806
   -9.02793
   -6.21232
   -9.22308
   -6.28417
   -5.59696
    4.10778
    8.93708
    9.39338
    11.0596
    8.91895
    5.66613
     2.2218
   -1.78099
   -1.38634
  -0.938519
  -0.596083
   -1.61783
   -1.53334
   -1.09993
   -1.82728
    0.21042
  -0.869007
 -0.0151078
   -2.34952
     1.7203
   0.318156
    1.87483
    1.79956
  -0.114518
    3.63076
    2.79174
  -0.239217
   0.488313
    4.48201
   -1.00268
   -1.44968
   0.993096
 -0.0833906
   -6.01928
   -7.39404
   -7.96062
   -4.83632
   -6.68636
   -4.88829
   -8.11194
   -8.77918
   -8.79382
   -7.00291
   -2.78192
   -3.52988
   -2.13839
   -2.53137
   -2.77248
   -1.97413
   -1.02245
   -1.25343
  -0.672979
   -1.81062
   -1.61245
   -1.94041
  -0.570253
   -6.96427
    -1.8418
   -2.02649
  -0.965242
   -1.36625
  -0.749517
   -3.19972
   -2.02094
   -1.23933
   -1.44468
  -0.984152
   -1.14011
   -1.57523
   -4.84624
   -3.64349
   -4.47976
   -4.91315
   -3.39023
    -3.5595
   0.190464
   -1.73293
  -0.662097
    3.71284
    5.71475
    6.26426
    -3.0631
   -2.18863
    -1.8875
   -4.42091
   -8.51705
   -7.81567
    -6.7356
   -7.08595
   -6.13855
   -4.42043
   -3.41541
    -2.4523
   -2.55361
   -1.74393
   -3.78386
   -1.00152
   0.975824
   -1.37855
   -1.72152
   -1.86682
   -2.01239
   -1.59862
   -2.14824
   -1.91114
   -1.16953
   -1.71223
   -1.53909
   -1.19194
   -1.41927
  -0.282273
   -1.01401
   -1.27189
  -0.710187
   -1.20917
   -1.34984
  -0.913018
   -1.60402
   -1.19395
   -1.50389
   -1.75104
    -1.5651
   -1.43574
   -1.01419
   -1.19845
  -0.247589
   0.944661
   0.513869
   0.455054
   0.615314
   -1.22902
    1.03345
   -1.58788
  -0.422744
   -2.01131
   -1.87608
   -1.47882
   -1.68608
   -1.73717
   -1.02525
  -0.975418
  -0.745254
  -0.424924
   -2.10603
   -1.23935
   -1.22989
  -0.217902
   0.475762
    1.45134
   0.537585
    1.73073
    2.01829
    1.38718
    1.30588
   -0.14407
    1.17943
   0.789811
   -1.58324
 -0.0120551
   0.854072
    1.07171
   -1.02177
   0.454432
 -0.0719515
   -3.56616
   -2.08744
    -1.8001
 -0.0706645
   -2.38635
   -3.70578
   0.443427
  -0.847119
   -2.70895
    -1.0895
   -3.68234
   -3.90432
   -3.21438
   -2.55459
   -1.29058
   -2.26365
   -3.09418
   -2.31962
   -2.36293
   -3.48421
   -2.23524
    -4.6465
   -6.61751
   -6.39181
   -7.14076
   -1.96377
   -2.94408
   -2.69768
     4.5781
    5.47051
    7.48072
    7.71088
    6.48732
   -1.03915
   -2.03503
   -1.26317
   -1.97288
   -2.81292
   -3.14742
   -3.08504
   -3.17312
   -3.75287
   -8.34742
   -11.2582
   -9.82816
   -1.94447
   -2.27999
   -8.63502
   -4.74099
    5.88112
    3.43757
    5.69339
  -0.710157
   0.928053
   0.353073
    0.84507
   -7.73216
   -8.51356
   -2.33866
   -1.14438
   -3.80922
   -2.63578
   -3.82105
   -1.18075
    -1.5864
   -1.31865
   -2.05556
   -1.90511
   -1.91101
  -0.359986
   -2.22322
   -5.09717
  -0.708601
    1.72084
     8.5618
    3.66567
   -6.53714
   -7.63693
   -8.52884
    -9.4985
   -8.41126
   -1.29987
    1.09436
   0.232092
    1.25574
  -0.556177
   0.278691
  0.0999656
 -0.0495147
 -0.0172475
  -0.565102
   0.113432
  -0.108817
   0.234338
   -1.21152
    -1.1128
  -0.158593
    -0.9981
   -1.52486
   -3.27333
  -0.993215
  0.0496061
   0.243881
  -0.149807
   0.579157
   0.497445
   -1.07647
   -1.36474
   -1.22739
   -4.78216
   -6.29933
   -7.43359
   -7.82776
   -1.20529
  -0.189133
  -0.743814
   -1.66335
   -4.94865
   -6.97743
   -6.99483
   -6.53868
   -4.47219
   -7.19576
   -5.47549
   -3.26282
   -6.90623
   -5.30411
   -3.38525
   -6.66573
   -7.07473
   -2.18666
   -2.52065
   -1.08215
   -1.65777
   -1.34894
   -1.20208
    3.05998
    4.77961
   -1.21464
   -3.21283
   -10.3068
   -12.2726
   -14.0409
   -12.8099
   -13.6557
   -13.7347
   -14.7399
   -13.3307
   -11.1717
   -9.50822
   -10.2248
   -1.07239
    -1.6673
   -2.13996
   -1.87148
   -0.66508
  -0.955781
   -3.21757
    3.45208
    1.45316
-0.00812654
    2.07683
    2.81227
   0.665587
    7.58944
    5.79624
    4.60188
    3.80981
  -0.570113
  -0.900918
  -0.726292
  -0.875733
   -1.40791
   -2.00871
   -1.39545
   -1.91722
  -0.397501
  -0.861568
   -2.75655
  -0.486236
  -0.459829
  -0.424062
   -3.53779
  -0.411011
   -2.09647
   -1.38356
   -1.93623
    -8.1069
     -7.333
   -3.27483
   -4.33134
   -5.36928
   -8.17818
   -3.24129
   -1.98933
     -1.869
  -0.298337
   -1.82676
   -8.40324
  0.0952425
  -0.628809
  -0.811463
    -1.5413
    -8.5721
   -9.19644
   -10.2855
   -8.32601
   -8.75792
   -8.83413
   -3.58723
   -6.50969
   -1.23092
   -4.88166
   -2.63024
   -7.35616
   -6.75729
   -7.90655
  -0.684278
   -1.30684
   -2.39859
   -1.87917
   -2.37003
    -1.9633
   -1.92649
    1.28204
   -2.94071
     3.3235
    7.11795
 -0.0802683
  -0.709287
   -1.80285
   -4.60309
   -6.58185
    -5.1275
    -7.6179
    -8.1524
   -6.29154
   -6.06647
  -0.913659
   -14.6775
   -12.0184
   -10.7814
  -0.449338
   -2.27247
   -2.06092
   -2.89453
   -2.84903
   -3.46226
   -1.52875
  -0.906383
   -3.86133
   -2.48766
   0.906242
     0.3103
   -1.09928
   -1.37183
   -1.99234
   -2.11102
   -3.20636
   0.346592
    -9.5434
   -5.25805
   -7.72271
   -6.83847
   -3.72382
   -4.90275
   -6.41991
   -8.53274
   -5.57223
   -6.72357
   -4.57118
   -4.52455
   -9.76823
     -8.886
 -0.0400368
   -3.28614
   -1.29157
   -2.30933
   -1.93968
   -1.46778
   -1.24255
  -0.279472
  -0.441361
 -0.0364081
  -0.481121
   0.154181
 -0.0179809
  -0.748015
  -0.388831
   -1.32635
  -0.510282
  -0.527735
   -1.27392
   -1.01514
   -2.13716
   0.112439
   -1.05908
   -0.65219
   -1.37581
  -0.965116
   -1.60336
  -0.386707
    -2.9185
   -2.42635
   -0.67081
   -9.51589
   -2.08552
  -0.507967
   -5.06138
   -15.1013
   -15.1105
   -13.9984
   -11.8586
   -10.2658
   -12.5757
   -9.78602
   -1.27907
   -1.81047
    -2.3065
   -2.67829
   -2.90171
   -2.80076
   -3.47104
   -3.38029
   -3.16934
   -3.79143
   -3.70449
   -3.97056
   -3.09003
  -0.783742
   -3.18187
   -3.85816
    -3.1621
   -3.47864
   -6.75629
    -2.0535
   -3.10458
    -2.7126
   -3.38795
   -2.99487
   -8.85197
   -6.50427
   -8.41672
   -5.01781
   -9.11157
   -6.83004
    -5.8663
   -7.10584
   -8.55486
   -8.19977
   -4.93911
   -7.09642
   -3.17325
   -5.04682
  -0.597533
   0.203043
  -0.310085
  -0.877776
    0.35891
  -0.223859
  -0.387084
   -0.29913
 -0.0966073
  -0.392693
   -1.80356
   -2.01074
   -2.16193
    -2.6705
   -2.45802
    -2.3755
   -2.75298
   -2.78748
   -2.91114
   -2.64779
   -1.66863
   -3.13496
   -6.04116
  -0.507887
   -10.8234
   -12.6172
   -11.6934
   -10.6653
   -9.11929
   -2.28794
   -1.46219
   -3.77595
   -3.02883
   -2.46359
   -3.16814
   -2.86287
   -3.40139
   -2.18802
   -4.58443
   -2.19007
   -2.71829
   -2.23879
   -3.56905
   -6.25908
   -5.10166
   -3.44146
   -2.32538
   -2.02424
   0.492842
   -0.35517
   0.405109
    -1.2354
  -0.432007
   0.507563
   -3.05251
   -2.18515
   -1.77981
   -2.80351
  -0.226936
   0.180686
  -0.457269
   0.183743
  -0.190743
   0.388552
   0.349915
   0.351644
   -0.92907
   -2.22018
   -2.58874
   -2.53885
   0.547167
  -0.961512
    -0.7864
   -3.70018
   -2.56479
   -10.9402
   -6.21172
   -5.39552
   -7.20252
   -8.44345
    -7.3053
   -1.99419
   -4.60218
    -5.5396
   -7.79033
   -2.12611
   -2.83722
   -2.55798
   -1.38572
   -2.05883
   -1.93313
   -2.20519
   -1.78612
     -4.116
   -2.77903
   -2.77208
   -2.93926
   -3.03721
   -4.34427
   -4.53343
   -3.51997
   -3.57894
   -2.73548
   -1.86677
  -0.856713
   -2.47339
   -5.46337
    -3.8321
   -6.06021
   -2.08611
   -2.45113
   -5.15406
   -3.42099
    -3.0247
   -1.83816
    -9.9415
    -11.846
   -14.4263
   -13.2309
    -14.586
   -12.6949
    -8.9253
   -13.3618
   -13.7496
   -8.99227
    -12.186
   -8.22747
   -11.9672
   -7.59924
   -10.0131
   -12.0434
   -10.0341
   -10.9233
   -5.89246
   -12.9808
   -11.3272
    -4.3557
   -9.41578
   -11.4982
   -13.1537
   -12.8266
    -4.2724
   -5.18653
    -9.9966
   -11.7755
   -9.98966
   -6.20228
   -7.41431
   -9.46391
   -3.73552
   -6.95526
   -5.62369
   -8.71339
   -11.9108
   -7.13312
   -4.33802
   -10.0296
   -9.63725
   -12.4379
   -12.4386
   -5.79838
   -5.50266
   -4.19617
   -9.48012
   -11.8635
   -9.06887
   -10.3233
   -5.84178
   -10.2323
   -11.2478
   -11.3148
   -10.7903
    -14.598
   -12.0959
   -6.44933
   -14.4598
   -4.80554
   -9.55457
   -15.4653
   -14.1674
   -8.54879
   -7.69103
   -14.7142
   -14.7442
   -10.9362
   -10.0532
   -7.39963
    -8.0521
   -2.78925
   -3.23868
   -2.24299
   -2.23126
   -0.92941
    2.02991
  -0.701578
   -7.45236
   -8.04098
   -1.09948
    2.76725
   0.762439
  -0.232906
  -0.936561
   -5.07699
   -1.35702
 -0.0770525
   -5.60538
   -1.85758
   -3.56355
   -4.40281
   -10.6958
   -12.3142
   -11.4016
   -12.3073
    -12.695
   -12.5262
   -8.57525
   -2.26963
   -5.54736
   -11.3235
   -15.1396
   -12.9589
   -1.23992
  -0.197463
   -7.47599
   -6.71697
   -3.73124
   -9.58517
   -5.87716
   -5.01044
   -8.07773
   -8.42533
   -6.43797
    -4.6445
   -3.65168
  -0.669175
   -9.06663
   -2.61873
   -8.17677
   -8.70302
   -10.7378
   -10.2478
   -9.79239
   -8.01649
   -6.83866
   -4.99051
   -8.63723
   -9.82684
   -8.61245
   -5.52559
   -8.09569
   -7.71021
   -4.19361
   -7.37171
   -6.65844
   -7.32227
   -6.16533
   -8.37664
   0.955379
  0.0748801
   -2.85934
   -5.01544
   -1.99352
   -3.39337
  -0.469548
  -0.324657
   -2.50864
   -2.28651
   -4.07972
   -2.91594
    -2.9553
   -3.68802
   -8.77862
   -12.6223
   -12.7482
   -8.65435
   -3.52793
   -2.31867
   -5.34956
   -10.7435
   -8.71328
   0.274894
   0.589766
  -0.544836
   -0.12464
   0.249986
   0.995745
  -0.564212
    1.27146
    1.29779
   0.749218
    1.95371
    2.34841
   -2.30595
   0.761905
  -0.541004
   0.126601
   0.630438
   0.265738
   -4.82624
   -1.37935
   -7.63597
   -5.15143
    -1.8239
   0.783683
   -6.21569
    -2.8218
   -3.64811
   -8.68248
   -6.18316
   -2.09402
   -3.28895
   -5.15508
   0.837498
  -0.629231
   -4.41309
   -5.47943
  -0.849571
   -4.94346
   -1.38881
   -1.94533
   -3.22993
    -10.941
   -11.6405
   -9.81446
   -10.2257
   -5.30116
   -3.60087
   -6.10742
   -4.36747
   -5.37012
   -7.53574
   -7.89405
   -6.62205
   -5.54837
   -1.39923
   -3.15516
   -7.98586
   -6.20396
    -7.8656
   -5.08905
   -3.25739
   -3.97284
   -3.51201
   -1.95567
   -2.72803
   -2.37117
   -3.33966
   -3.98118
   -1.99332
   -7.84783
   -12.9823
   -7.37722
    -6.7328
   -5.17937
  -0.865363
    1.29874
  -0.285652
   0.318974
   -5.14059
   0.945038
   -8.80236
   -9.73883
    -10.136
   -8.85013
   -9.42279
   -7.90613
   -8.59832
   -8.73823
   -7.81765
   -6.67603
   -2.53157
   -2.69658
    1.19305
   -5.77106
   0.690003
   -8.72954
   -7.24431
    -1.8468
  -0.772107
   -5.55498
   -10.6634
   -2.20704
   -5.63366
   -4.77223
  -0.144155
    -10.539
   -10.0038
   -11.9542
    -7.6203
    -2.2062
  -0.505775
    2.08693
    2.04609
    1.96684
   0.278022
    2.74041
    1.44543
   -7.88096
   -1.30149
    1.30545
   -8.95227
   -5.48557
   -10.5767
   -10.1544
    -8.6478
   -6.89934
   -11.0571
   -10.1851
    -9.1029
   -1.48178
   0.340258
   -4.06775
   -5.07957
    -10.726
   -8.79756
   -6.22548
   -5.69412
   -5.60231
   -5.43547
   -5.88171
   -6.28872
   -5.58307
   -5.79992
   -6.95188
  -0.558251
    1.24788
   -2.67723
   -4.04636
   -1.06747
   -1.67645
   -3.74654
  -0.974133
  -0.319606
  0.0741986
   -9.49575
   -3.00647
   -5.81933
   -5.93266
   -6.86703
   -7.18418
   -4.76931
   -11.5485
   -11.9315
   -6.58341
   -11.1898
   0.168566
   0.867966
    1.25271
    1.71489
    1.65978
    1.42019
   -1.45741
   -1.92189
   -13.1172
   0.440958
     1.6576
    1.53795
   -6.90836
   -4.79678
   -10.8812
   -2.40534
   -3.71321
   -1.96737
   -5.56395
    -13.503
   -5.47882
   -13.0224
   -10.4151
   -11.3161
   -5.34634
   -10.3542
   -7.09513
   -4.05007
    -4.3691
    -5.3519
   -5.15197
   -4.35034
   -5.07916
   -5.67054
   -4.05706
   -5.31248
   -5.92774
   -3.47528
   -3.05212
   -2.17268
   -2.20551
   -2.77011
  -0.602637
  -0.369251
  -0.561835
    -4.1782
   -3.73766
   -1.00575
   -2.14805
    -2.5109
   -1.56922
   -5.85146
   -2.20438
  -0.201235
  -0.711539
   0.387799
   -0.12943
  -0.290936
    0.65437
   0.226242
   -6.94094
   -3.72105
   -2.27304
   -3.34356
   -1.33523
   -4.75731
   -10.8783
   -5.41996
   -9.60142
   -7.39155
   -10.3582
   -11.4396
   -12.6654
    2.08898
    2.04649
   -7.13499
     1.2974
    2.00697
    2.27059
   -5.34269
   -9.23206
   -9.31922
   -9.74269
   -11.5279
    -13.181
   -1.83206
   -12.5448
   -8.60306
   -4.35787
   -3.33563
     -2.269
   -3.23919
   -3.86582
   -3.92195
    -4.3602
   -2.45673
   -4.46906
   -2.76887
   -2.81743
   -2.98126
   -2.96267
   -1.06368
  -0.663676
   -1.09151
   -0.76711
  -0.946307
   0.624529
   -2.56329
   -9.25914
   -2.60031
   -8.90485
   -9.00661
   -11.4335
   -13.9518
   -13.7627
   -9.26356
   -11.4835
     -11.72
   -8.84953
   -7.92613
   -8.54442
   -12.0887
   -7.02248
   -11.0961
   -11.6163
   -12.1383
   -13.3839
    1.65138
    1.63425
    1.37403
   -4.71356
  -0.571592
  -0.815496
   -6.33657
   -12.7697
   -3.41227
   -8.51898
    -6.5804
  -0.873814
   -3.14308
   -15.3949
   -14.5253
   -9.61666
   -5.74725
   -9.35808
   -9.60123
   -4.40854
    -9.2514
   -10.7648
   -11.5791
   -10.9944
   -8.45714
   -4.80215
   -8.75063
   -3.64413
   -1.24329
   -6.53849
   -3.81987
    -7.2397
   -3.70916
    1.29357
   -1.41061
    1.61975
   -6.18465
   -2.82361
   -7.37648
   -6.68238
  0.0853162
   -5.03203
   -1.22348
   -2.72276
   -1.26257
   -2.37638
  -0.658925
   -4.60596
  -0.768504
    1.70902
  -0.885019
  -0.064183
  -0.337676
  -0.541147
   0.644503
   0.278683
   -1.68353
   0.643098
   -12.5188
   -12.4914
   -7.27354
   -9.19385
   -7.31342
   -9.92966
   -9.85352
  -0.104714
   -1.41828
   -2.09252
    -1.4666
    2.08788
     1.6974
   0.913875
    1.43174
  -0.340555
    2.21433
    2.78888
   0.805818
   -4.80746
   -10.0664
    -10.194
   -10.0438
   -10.6621
   -7.88461
   -11.0677
   -3.05797
  -0.767296
   0.765507
   -9.10185
   -12.0416
   -2.64422
  -0.426416
   -11.0529
   -3.96856
   -7.02402
  -0.453613
   -0.11375
   0.237369
  -0.439583
   -1.28598
    -2.9615
   -6.38244
   -9.42477
   -5.75594
   -3.43049
    -6.6091
   -8.80244
  -0.993817
    -6.5455
     -3.739
   -4.70729
   -3.18506
    1.28706
 -0.0946809
    1.51798
   0.666194
  -0.253806
    1.65393
  -0.381783
   0.963938
   -2.67279
   0.665176
    1.35513
   0.234288
   -2.72944
  -0.523909
   0.154175
   -2.37163
   -2.00937
   -1.44088
   0.555462
   0.629475
   -5.73922
    1.16347
   0.693209
    1.26145
    1.93475
   0.681296
   0.503437
   0.552481
    1.71016
    1.01998
    1.63776
  -0.369941
    1.34766
   0.366748
    1.54336
 -0.0230786
       1.05
    -2.2734
   -2.30651
   -2.47314
   -1.88482
   -2.48364
   -2.46222
   -2.14115
   -3.81549
    -2.9918
   -2.83735
   -3.11324
   -3.04931
    -2.4697
   -1.97629
   -3.68445
   -2.91501
    -2.7604
   -3.75324
   -3.01229
   -2.78966
   -2.71421
   -3.24837
   -3.36315
   -3.92042
   -3.98779
   -4.28965
   -4.20303
   -3.52366
   -3.80141
   -4.33157
   -4.50225
   -4.32356
   -4.30858
   -4.45189
   -3.84392
   -3.89253
    -4.0477
   -3.48141
   -4.08317
    -1.3231
   -1.74387
   -8.03515
   -1.81719
   -1.55644
   -2.00537
   -1.94074
   -1.92529
    -1.5782
   -1.96227
   -1.24947
   -1.98771
   -2.07691
   -1.95096
   -2.00217
   -1.81637
   -4.20091
   -2.28337
   -2.37426
   -5.98764
   -6.22131
   -5.14611
   -5.35007
   -4.83852
   -8.79998
   -3.71053
   -1.02454
   -1.04877
    1.69221
   0.445546
    1.12814
   -1.85203
   0.645339
    -1.6733
    2.16462
    -5.4222
   -5.60266
   -6.36915
   -6.61959
   -4.75044
   -6.41926
   -6.93838
  -0.298499
 -0.0944794
  -0.673694
   -2.19766
   -2.80692
   -3.12422
   -2.23727
   -2.71275
   -2.12552
   -2.68197
   -1.98205
   -8.79365
   -1.93682
  -0.840659
   -3.72252
   -4.11436
   -2.03658
   -1.63747
   -2.02808
   -1.17971
   -6.95604
   -4.30429
   -4.71255
   -8.45441
   -6.59101
   -7.89416
   -5.84167
    -1.0009
   -6.42044
   -5.96811
   -8.54457
   -10.2104
   -12.2127
   -8.54044
   -11.6653
      -14.1
   -13.7484
   -12.3145
    -11.988
   -14.7756
   -14.8185
   -12.6361
   -13.3399
   -9.50199
   -7.29234
   -9.98336
    -4.7862
   -4.16971
   -6.73286
   -7.84638
   -4.22155
   -2.27449
   -1.04955
   -1.67797
  -0.827309
   -2.01229
   -3.01024
  -0.903388
   -2.09348
   -3.20461
    -1.3218
  -0.596615
  -0.814042
  -0.925155
  -0.947044
  -0.939416
  -0.809563
  -0.948544
  -0.834491
  -0.825429
  -0.779142
  -0.990897
  -0.750581
  -0.900849
  -0.709172
  -0.732888
  -0.317846
   -0.70365
   -0.42035
  -0.726332
   -0.87305
   0.236777
  -0.109783
   0.329872
 -0.0613425
   0.599517
   0.240715
   0.121713
   -1.15744
  -0.253009
  -0.283553
   -1.24589
  -0.567668
  -0.571974
   -1.04767
  -0.053106
   -1.63925
   -1.19202
   -0.86502
   -0.64126
  -0.578496
  -0.618149
   -1.26196
    1.40873
   0.428683
    1.73337
   0.161326
  -0.270955
  -0.657288
    1.32421
   0.914453
    2.25441
    2.19839
      1.878
     1.9077
   -2.04902
   0.174853
     1.1185
   0.914299
  -0.625382
   0.653126
  -0.331989
 -0.0545342
    -2.0933
   -1.20804
   -0.18506
  -0.965263
     -1.364
  -0.889083
   -2.55832
    -1.8017
  -0.903933
   -1.32832
   -3.69012
   -1.15984
   -2.85136
   -1.79639
   -1.84991
   -2.75691
   -2.56029
    -1.8654
   -4.15726
   -2.44856
   -3.33118
   -3.48334
   -2.31821
    -3.9751
   -3.88963
   -2.88277
   -2.70135
   -2.14358
   -3.24026
     -3.242
   -3.12338
   -2.69701
   -2.54187
   -2.67937
   -3.04665
   -3.69484
   -3.63839
   -3.01649
   -1.68013
    -3.7538
   -3.25599
   -1.81365
   -3.98843
   -2.94195
   -3.94587
   -2.83504
   -3.56417
   -3.62797
   -4.16189
   -2.29131
    -2.8698
   -1.69466
 -0.0746046
  -0.236912
   -1.68854
  -0.966586
   -1.34963
  -0.806335
   -2.62508
  -0.740328
    -2.0305
   -1.35047
   -2.64088
   -2.71497
   -4.32925
   -2.04575
   -1.67045
  -0.738838
   -1.24484
  -0.577525
  -0.637119
  -0.348198
   -2.02149
   -1.60474
   -1.09925
   -2.66271
   -3.30047
    -3.0208
   -3.45516
  -0.107226
  0.0808259
  -0.320805
   0.224261
   -1.31263
   -2.39701
   -2.12813
   -2.51432
  -0.472807
  -0.540965
  -0.275295
   -3.27462
   -1.94809
   -1.11235
   -2.70956
   -0.48493
  -0.351525
   -0.74053
   -1.27714
  -0.913153
  -0.189292
   -0.30073
   -1.64077
   -1.16038
   -2.18919
   -2.47183
   -2.08554
  0.0683619
   -1.82086
    -1.2588
 -0.0203479
   0.646685
  -0.307647
   -1.40929
   0.155287
    -3.1455
   -4.78919
   -1.52571
   -3.07275
   -4.53415
   -3.07373
   -4.95493
   -12.4973
     -11.74
  -0.570714
   -10.3272
   0.522809
   0.957673
   0.928514
    1.34485
  -0.514929
  -0.238065
    2.33013
    2.02015
   -3.31669
   -3.74653
   -3.88387
   -4.16758
   -3.64284
   -3.77128
   -3.73174
   -2.12419
   -1.82326
   -1.03353
   -2.97107
   -2.80555
   -2.75105
   -4.04944
   -3.21106
   -1.21918
   -1.67305