    -1.53084
    -1.10005
   -0.734804
    -1.66466
    -1.43975
    -1.12237
   -0.362121
    0.268709
    0.432915
     0.49251
    0.323502
    0.101566
   -0.141598
   -0.123658
  -0.0254841
    0.250477
    0.522466
    0.648991
    0.509416
    0.329143
    0.292288
    0.344302
    0.341857
    0.808095
    0.978358
     1.01398
    0.810432
    0.852286
     0.72037
     1.00789
     1.40337
     1.88409
     2.00525
     1.52017
    0.743353
    0.394191
    -0.32108
   -0.735952
   -0.789872
   -0.671784
   -0.410992
   -0.465954
   -0.375835
   -0.429131
     -1.0829
    -1.45719
    -1.66772
    -2.12137
    -2.13618
    -3.10081
    -3.33788
    -3.11824
    -2.78308
    -2.31971
    -2.15679
    -2.36717
    -2.16956
    -1.93857
    -2.35861
     -2.1422
    -1.88281
    -1.28857
    -1.06542
   -0.947447
   -0.906705
   -0.816303
   -0.604653
   -0.491367
   -0.384151
   -0.201344
   -0.170125
   -0.106097
   -0.102215
    0.189448
    0.498478
    0.853292
    0.781501
     1.00485
     1.04121
      1.0611
     1.15258
     1.09931
     1.37167
     1.39389
    0.860682
    0.659889
    0.713756
    0.638748
    0.618583
    0.168477
   0.0474676
    0.199633
    0.328858
    0.635426
    0.902037
    0.686913
    0.815324
    0.912745
      1.0623
     1.08397
    0.380095
    0.419173
    0.555273
    0.537004
    0.854487
    0.319959
     0.54887
    0.825815
    0.620007
    0.414072
    0.416007
     0.18619
    0.129921
   0.0361865
    0.299169
    0.683343
    0.930287
    0.878537
    0.996485
     1.08338
      1.0125
    0.678999
    0.217007
  -0.0486676
    0.760266
    0.901683
     2.06161
     2.21826
     2.32564
     2.69539
     2.65213
     2.76946
     2.71368
     2.12673
     1.41543
     1.33056
    0.970973
    0.972485
    0.648221
    0.468753
    0.427247
    0.502474
    0.483255
     0.92657
     1.32628
     1.59363
     1.58446
      1.3427
     1.29813
     1.31504
      1.4694
     1.62363
     1.58492
     1.72993
     2.02627
     2.30781
     2.36452
     2.91213
     2.82379
     2.82425
     2.79544
     2.79381
     2.62466
     1.81677
     1.86601
     2.77762
     3.15762
     3.71132
     3.74991
     3.48295
     3.70261
     3.71696
      4.3626
     4.73269
     4.99503
      5.0281
      6.0661
     5.80207
     6.16288
     5.73071
     6.02404
     5.67742
     5.23545
     5.67458
      5.7103
      5.6848
     2.77527
     2.21118
   0.0219019
   -0.730456
    0.136357
   -0.483845
    -1.24057
    -1.38659
   -0.911755
   -0.396077
    0.821981
     2.66768
     4.35541
     5.03382
     5.12315
     4.51418
     3.52007
     2.46034
     1.35094
    0.467129
   -0.418898
    -1.18365
  -0.0730052
    0.113671
     1.21828
    -3.66977
     1.56289
    -2.51119
    -1.54537
    -1.37777
    0.249301
    0.218705
   -0.477699
  -0.0674437
     1.41959
    0.178664
    0.710243
    0.941978
    0.786226
      1.5211
     1.55368
     -1.9199
   -0.658568
    0.568782
    -3.99905
     1.18444
    -3.75996
    -1.57686
    -1.66443
     6.06583
     1.69102
   -0.213545
     0.65013
   -0.220871
    0.143479
    0.622109
     1.12459
    0.144695
   0.0512716
   -0.507578
   -0.185084
    0.177848
    0.247023
   -0.161013
   -0.544742
    0.780804
     1.40064
      1.2627
   0.0405424
  0.00516821
  -0.0646448
    0.310364
    0.359277
  -0.0365706
     1.97265
      1.0783
     1.00992
      1.7754
     1.71657
     1.46689
     1.82638
     2.70703
     2.15196
     -1.7546
    -2.60011
    0.127416
    0.332077
  -0.0991992
    0.127799
   -0.229558
   -0.348854
   -0.802467
     1.57587
    -2.25336
    -3.47958
      1.3402
     1.60709
     1.23637
    -3.36958
    -3.08686
     -3.3756
    -1.56096
    -1.38807
    -1.35655
   -0.626911
       1.611
    -1.99176
     5.25748
     2.49017
  -0.0290237
   -0.863826
    0.678271
    0.719177
    0.394573
    0.354372
   -0.207617
   0.0928793
     -1.9692
    0.397833
    0.979747
    0.315446
   -0.107512
    0.328083
    0.158627
   -0.195255
    0.184201
    0.244848
    0.181143
    0.401459
    0.109416
   -0.380182
   -0.456858
   -0.022547
     0.82021
     1.27556
     1.47538
    0.804834
    -0.03756
    0.227498
     1.05871
    0.355627
    0.743877
      1.5306
   -0.968609
     1.87936
    0.990182
    0.757123
       1.216
     1.68972
     1.95766
     2.02387
     1.28935
     1.57853
     2.09322
      2.5165
     3.18073
     2.60707
     3.21093
    -2.15855
    -1.78238
    -1.74383
    -2.96595
    0.493382
    0.179635
     1.56302
   -0.300089
    0.303455
    0.168137
    0.206265
   0.0784045
   -0.437263
   -0.134996
   -0.310996
   -0.900094
     1.29549
    -1.91565
    -2.87863
     1.33599
     1.31385
     -3.1548
    -1.59003
    -1.70115
    -1.77823
   -0.565552
   -0.892005
    -0.99001
    -1.26754
  -0.0858025
     2.57594
     1.57224
     1.18675
     5.13217
     4.33342
     2.72305
    0.822832
     1.68736
     1.05165
    0.555048
    0.546721
    0.486021
    0.692487
    0.939136
   -0.518223
    -0.90954
  -0.0961104
   0.0273301
    -2.26516
   0.0962081
    0.827664
     1.10159
    0.574842
   0.0765272
     0.38244
    0.361028
    0.391963
    0.213649
    0.310509
   -0.167012
  -0.0302509
    0.142104
   -0.415996
    0.492912
     0.41821
   -0.072614
  -0.0971614
   -0.204749
    0.115026
     1.34249
     1.24319
     1.17426
     1.41546
    0.779503
    0.239329
    0.833728
    0.452849
    0.657508
    0.301987
    0.582152
     1.26829
     2.15415
     2.10673
    0.647963
   -0.257189
     1.63195
     1.07974
     1.11554
     1.27557
     1.83209
      2.2521
     1.82661
     1.94126
     1.75157
     2.21155
     2.66262
      3.1361
     3.53228
     3.07459
      3.9882
     3.52528
    -3.17285
    -2.26113
    -2.16522
    -2.48121
    -2.36531
     0.26027
    0.394223
    0.761478
    0.341421
     1.24572
     2.09968
   -0.354856
    0.116106
    0.148969
    0.657136
    0.516826
    0.205683
    0.264117
    0.489608
-9.45681e-05
   -0.510811
   -0.363725
   -0.595176
   -0.230962
    -1.05214
    -1.61117
    0.936999
     2.39688
    -2.59482
    0.964291
    -1.62342
    -1.60138
    -1.98593
    -1.02194
   -0.754529
  -0.0621302
    -1.46056
   -0.938872
    -1.28827
   -0.414799
    0.898397
     3.64942
     3.50851
     2.58519
     3.36309
     1.67115
     4.58786
     3.82013
     1.51721
    0.814883
   -0.793086
   -0.291253
   -0.105597
   -0.267697
  -0.0760197
    0.225097
    -2.11698
     1.25164
    0.490391
    0.184956
   -0.173286
    0.195602
    0.639346
    -1.22055
    0.220152
   -0.389955
   -0.207283
    0.408178
     1.16629
     1.08638
     1.08565
    0.266043
     1.09034
     2.25694
     2.36683
     1.63255
   -0.366141
    0.933558
    0.946375
     1.06895
     1.11645
    0.587148
     2.33783
     1.62351
     2.02721
     2.07987
     1.93685
     2.36658
     2.91315
    -3.77198
    -1.98598
    -2.39934
    0.613413
    0.111896
    0.173588
    0.571364
    -0.26629
     0.63098
    0.666151
    0.471319
  -0.0658829
 -0.00289841
   -0.451864
    0.314936
     2.09155
    -2.07985
    0.909105
    -1.65364
    -1.40472
   0.0682929
   -0.806361
    0.707166
     3.20344
     4.11475
     3.52021
     4.17352
      4.8817
     3.89735
     5.07363
     2.82863
     1.91959
   -0.583705
    -1.44181
   0.0404244
     1.10064
    0.179435
  -0.0822358
  -0.0562342
   -0.172955
  -0.0373666
    0.460743
   -0.823982
   -0.838491
   -0.170348
  -0.0763096
    0.405972
    0.822697
     2.54708
     2.59721
     2.27787
     2.21423
       2.208
  -0.0901702
   -0.114249
    0.917962
    0.435224
     1.16816
    0.972956
    0.936873
     1.88311
      1.9031
     2.43612
    -4.07984
    -3.27709
    -2.43918
   -0.136175
    0.524723
    0.489684
    0.203372
   0.0851458
   -0.320932
  -0.0474706
    0.855851
     1.41191
     2.52098
     1.04426
    -1.84031
    -1.75209
  -0.0734225
    0.731263
     4.16133
     4.62685
      5.1376
     3.09847
     3.59009
     3.20744
     3.64758
      3.6476
     3.25589
     2.22977
     4.22599
    -1.27603
    -1.03906
    -1.83669
   -0.108016
    -0.51171
    0.685415
   -0.507611
     2.12024
     1.90021
     1.03511
     1.61855
   -0.309851
    0.174709
   -0.150294
     0.66292
      1.0299
    -4.06424
    0.470941
    0.347286
    0.599486
    0.163555
      1.5673
     2.31293
    0.959909
    -1.83364
    0.778763
      2.8253
     4.08316
     3.74273
     3.33844
     1.77142
     4.83937
     1.63317
     2.91295
    -1.74474
    -1.72434
    -1.37568
   -0.137141
   -0.829038
   -0.500972
      2.0063
     1.95529
     1.65747
    0.686256
   -0.600903
    0.188848
   0.0170598
     1.00277
    0.699052
    0.527339
    0.518753
    0.759156
    0.454997
    0.960943
    0.781638
    -3.88135
    -4.90857
    0.447136
     0.44796
    0.361438
     2.00455
     0.87229
     1.01566
    -1.77271
   -0.946926
     1.70849
   -0.924953
    -1.76346
     4.21241
     2.53028
     2.80895
     2.75356
     1.41253
     3.18492
     5.84899
     4.62782
     5.72744
     4.41842
     2.32229
     3.91497
   -0.584726
    0.382321
   -0.148378
   -0.463549
   -0.325173
    -0.37796
    -0.51349
   -0.254591
    -0.17042
   -0.742177
   -0.222457
   -0.512849
    0.232236
     1.04581
    0.895753
    -4.33347
     -4.3476
 0.000732337
     2.18495
     2.35417
     2.17115
     2.17761
     1.94813
     1.99637
    0.996035
     1.23191
    0.937695
    -1.60092
   -0.741024
     1.43672
     2.82358
      2.1669
     4.52158
     3.04647
     5.18957
     3.02268
   -0.892256
   -0.365516
    -1.35222
   -0.518963
   -0.400605
     0.21394
    -0.20685
    0.474779
    -1.05037
    0.209136
    0.616911
     1.32219
    -4.53723
    -3.72942
    0.126068
   -0.111542
    0.133846
     2.50763
    0.786312
    0.918917
     1.05105
    0.396291
    -1.09508
     1.96948
     2.00794
      1.5158
     5.98977
     1.73631
     3.83186
     5.77766
    -1.44411
     1.41727
   -0.709107
   -0.388746
   -0.186955
   -0.662208
    -1.16123
    0.304665
    0.765221
      -4.616
    -4.07796
    0.318087
   -0.303294
     1.78704
    0.607927
    0.564108
    0.538044
    0.541876
    0.689435
    0.840926
     1.03091
     1.14191
    0.983751
     2.21604
   -0.876274
     5.20765
    0.701297
   0.0524788
    0.593399
   -0.692023
      1.4757
    -1.58025
     3.98705
     4.64532
    -1.26842
   -0.613943
    -1.09514
    0.845346
   -0.270722
     1.71299
     1.16975
    0.097324
   -0.171247
     5.29456
    -1.57578
    -1.36077
    -0.02583
    0.713493
   -0.207006
    -2.45225
     -1.5003
   -0.527449
  -0.0931292
   -0.190369
   0.0879729
     0.89833
    -1.03975
  -0.0876716
    -0.74159
    -2.09773
    -1.31418
    -1.34687
     -1.2151
    -1.14364
    -1.10073
     1.40589
     0.23311
  -0.0959779
   -0.263326
   -0.028086
  -0.0492117
    0.120981
   -0.490038
    0.849093
     1.16753
    0.124135
    -1.08367
   -0.111697
    -1.99363
    -2.55394
   -0.317598
 -0.00705623
    0.250446
    -2.34011
   -0.776533
    0.219714
    -2.27988
    -1.35569
   -0.690463
   -0.510162
    -2.42885
   0.0657078
    -1.50043
   -0.651905
    -1.77535
     -3.1161
     -2.6152
    -3.41327
    -2.96814
   -0.519285
   -0.599939
   -0.600567
   -0.732309
   -0.777015
    -1.16646
   -0.879705
    -1.00119
   -0.560703
    0.242653
    0.781553
    0.182333
   -0.132206
    -0.33121
   -0.103106
   -0.297556
   -0.356791
   -0.308354
   -0.388861
     1.17206
    0.414479
     2.62287
    0.662837
  -0.0949604
   -0.654477
     -1.5953
    -2.70138
    -1.28738
    -2.32668
    -3.20051
    -4.09155
    -3.19583
   -0.425026
  -0.0481784
    0.144108
    0.237322
    0.985606
    0.499098
    0.030915
    0.156925
    0.281844
     1.27727
     1.19227
    0.752951
   -0.327515
    0.625524
     1.37207
     1.58976
     1.45942
     1.54935
    0.729242
     1.45244
      1.6799
     2.17189
     1.88366
     2.08145
     1.92494
     2.45909
     1.27605
    0.450319
    0.464782
    0.550777
   0.0188974
   -0.263811
   -0.442581
   -0.483914
   -0.124425
   -0.672466
   -0.274921
   -0.373361
      2.3762
   -0.297041
   -0.945672
    -1.09812
     -1.1424
      1.5332
    0.931975
    0.436882
    0.613205
    -2.75516
    -3.46315
    -3.44251
    -3.43849
    -3.29902
    -1.56442
    -1.67242
    -1.18915
    -1.44884
    -1.25811
     2.25647
    0.156536
       1.595
     2.11519
    0.401967
    0.481141
     2.50896
    -1.72431
     0.90735
     2.39175
     0.66272
    0.392216
   -0.214203
   0.0623597
     1.48762
     1.31198
    0.775253
     1.10661
    0.564058
    0.936953
     1.09102
     1.22568
   -0.553398
    -1.89337
     2.31813
      2.5223
     3.06772
     5.15044
 -0.00634752
   -0.406039
   -0.419099
   -0.319193
   -0.528918
    -0.37763
   -0.349368
   -0.531854
   -0.295881
   -0.806645
     1.90212
     1.32725
    0.864137
    0.303739
     1.06823
    0.719805
     1.54787
     2.53348
     2.05911
     1.55654
   -0.499522
   -0.069311
  0.00807267
    0.118572
   -0.158953
   -0.201127
    0.952785
    0.101931
     1.69961
    0.939937
     1.30064
    0.863109
   -0.342912
    -1.34235
    -1.00451
    -1.59023
    -1.48528
  -0.0988917
   -0.199795
  -0.0272013
   -0.148632
   -0.261187
  -0.0400829
  -0.0290764
  -0.0271161
  -0.0313277
   -0.187442
     2.60201
     2.02721
     1.56046
  -0.0172909
    0.669198
   -0.461271
   -0.635593
    0.124324
     1.05982
    0.905494
    0.875221
      3.4616
    -1.65632
    -1.85198
      3.4654
    0.751992
     5.35398
    -2.68311
    -3.20733
    -2.77883
    -2.71524
  -0.0614786
   -0.435772
   -0.171443
   -0.309576
    -2.13507
    0.244226
    -3.05406
   -0.834061
    0.965998
      1.0534
    0.653629
    0.530859
  -0.0991283
   0.0208458
  -0.0152349
   0.0182807
  -0.0443755
   -0.891092
    0.253447
    0.102147
     1.44775
    0.710689
    0.355828
    0.540761
    0.827568
    0.621513
    0.180812
     0.23673
    0.198277
    0.338432
    0.523764
    0.321197
    0.795773
     1.60794
     0.67689
    0.387002
    0.147872
   0.0519296
    0.265158
    0.165382
   0.0168086
  -0.0592052
    0.340622
    0.201195
    0.425306
    0.373221
    0.119671
    0.358756
   -0.760936
   -0.984571
   -0.507811
   -0.784832
    -0.96268
   -0.745705
    -1.31234
     1.10719
    0.816479
     1.32116
    0.820581
    0.664145
     1.05363
    -3.29417
    -3.18325
    -3.07524
    -3.33247
   -0.780107
      -1.385
    -1.10307
   -0.896038
    0.479353
    0.563658
    0.348891
     2.06728
      2.9097
     4.30534
   -0.334565
   -0.874247
   -0.794445
     1.16065
      2.1107
    0.187128
     2.35049
     1.75228
  0.00277704
    0.979287
    -1.55384
    -2.27313
      2.3662
    0.992379
     0.41067
    0.998012
    0.297755
    0.994508
    0.342121
    -1.81799
    -1.19029
     3.30862
      3.9852
    0.981386
     1.04599
    0.705452
    0.475692
    0.739665
    0.544032
    0.796036
    0.281785
    0.949501
     5.80821
     4.70665
     6.08884
      5.8957
      5.9725
     4.99951
     4.01933
     5.90879
      5.3655
     4.64475
    0.901054
   -0.118355
   -0.147928
    -1.56623
     1.13086
      1.0871
    0.753359
    0.405264
      1.8627
    0.476169
     1.33305
   0.0356697
   0.0828051
    0.119766
  0.00672024
   -0.147639
   -0.115178
   -0.120896
   -0.578666
   -0.626521
    -0.47822
     -1.3019
     1.11631
     1.21922
     1.38081
    -3.12442
   -0.639004
    0.576511
    0.283547
    0.311255
     3.30749
    0.268032
     5.91759
     2.13921
    -0.39557
   -0.485188
   -0.855575
   -0.497519
     2.09848
     1.67851
     1.85032
     1.80529
     1.45254
     1.76042
    0.909318
     1.97554
     1.50569
     2.19147
    0.238322
     1.06942
    -2.28034
    -2.08106
    -2.06981
    -2.08526
    -2.45119
    -2.29442
    -3.07426
    -2.69323
     1.50314
    0.599811
    0.826161
    0.607492
    0.415338
    0.606298
    0.667129
    0.952765
    0.708777
    0.914589
    0.524159
    0.749595
    0.442119
    0.924047
    0.964291
    0.515862
    0.892319
   0.0795385
    0.480326
   -0.543963
     1.01393
    0.626934
    0.987261
    0.239572
    0.209767
    0.764585
    0.565857
   -0.700404
    0.083682
    0.427178
     -1.7641
    -1.61181
    -1.50118
    -1.25757
    -1.44262
   -0.300369
     3.73517
      3.6033
    0.703907
     1.94933
      3.0559
     3.27163
  -0.0783126
     -1.1667
      1.1244
     1.83571
     1.32717
     1.61545
     1.28429
    0.730145
    0.918002
     1.47458
     2.11337
      3.3437
     1.63915
    0.655807
     3.50581
     2.72328
     2.70022
      2.7693
     4.21858
     2.23332
     1.94402
     2.73429
     2.12925
     3.52679
     4.00957
      1.5128
     2.27618
     1.65472
   0.0337325
  -0.0170134
   -0.039413
   0.0205928
   -0.102491
   0.0610073
   0.0812744
   0.0674463
  -0.0778246
   0.0345083
  -0.0419917
  -0.0803783
   0.0133264
   -0.027849
  -0.0286553
  -0.0343639
  -0.0790776
  -0.0624829
     0.18848
   0.0773063
   0.0288505
   -0.206145
  -0.0300938
    0.402938
   -0.593985
    0.178367
   -0.530408
   -0.936925
   -0.962631
    -1.29477
    -1.22945
     -1.0937
    -1.13008
     1.36322
    0.310835
    0.810545
     2.22248
    -1.32171
     5.18249
   -0.686402
   -0.615662
   -0.196495
    0.169752
    0.103932
   -0.893572
      1.8509
    0.259276
     1.23933
    0.766559
     2.22082
     1.80768
     2.70402
     1.89523
     1.72639
     3.25275
     1.28359
     2.34308
      2.3833
   0.0747991
     1.09106
    0.548147
    0.663513
    0.250189
    -1.05285
   -0.943076
    -1.26865
    -1.12094
    -2.76083
    -2.73128
     1.87431
     1.68338
     1.55264
     1.68509
   -0.149731
    0.800445
     1.20321
     0.94534
     1.04319
     0.96353
     1.36104
    0.774498
     1.36713
    0.700083
    0.718022
    0.680447
    0.875681
    0.603007
    0.998464
    0.360129
    -1.78266
    -1.75722
     -2.1517
    -1.97151
    -1.50076
    -1.81306
    -1.94942
    -1.23006
    -1.77791
    -1.58162
    -2.07883
    -1.99156
    -1.66769
    -1.51568
    -1.76722
     1.12345
    -1.93331
   -0.512269
    -0.69542
   -0.326494
   -0.651833
    -1.06354
    0.699694
    -1.22872
     3.43369
     2.64051
    -1.63354
    0.199361
    -1.12436
   -0.137786
    -1.26907
    -1.47319
     0.26598
     1.43848
     3.54031
     2.42416
     1.68984
    0.675044
      1.6016
     1.23453
     6.18808
     2.41044
   0.0655892
 -0.00550269
    0.194024
    0.970185
    0.406774
    0.341616
    0.568797
   -0.699743
   -0.828158
   -0.767772
    0.444959
    -1.06296
   -0.423273
   -0.821691
    0.954956
     1.47018
    0.954782
     1.68937
     2.02814
     3.12792
     1.91749
   -0.414637
    -1.32405
    -1.06736
    -1.98102
    -2.92393
     1.84091
      1.5469
     1.00672
     1.88061
    0.842327
     1.23635
    0.710834
     -1.7297
    -1.12285
    -1.28495
   -0.967538
    -1.60507
     1.81271
     3.00961
   -0.505531
     2.38258
     5.09488
  -0.0571489
     9.28414
   -0.684364
   -0.355867
   -0.374376
   -0.823479
    -1.06718
   -0.648644
   -0.600859
   -0.465661
    -1.26804
   -0.747208
    -1.21746
   -0.210702
     -1.0931
    -1.37538
  -0.0965666
   -0.618876
    -1.00995
    -1.25819
  -0.0735729
   -0.601561
    -1.01002
    -1.24511
    -1.30182
    -1.04295
    -1.22554
    -1.36413
    -1.31114
    -1.06294
    -1.18532
     -1.2531
     0.48817
    0.531778
   0.0569148
    -1.44507
   -0.648327
   -0.291116
   -0.415334
   -0.450569
    -1.12749
   -0.925677
    0.633373
      1.2947
     1.43456
     1.25903
     1.38381
     1.33948
     1.22361
     1.35571
    0.685543
     1.73151
     2.05152
     1.99123
     3.46932
     4.20318
   -0.613165
   -0.662807
    -1.24026
    -1.16745
   -0.930616
    -0.79565
   -0.784453
   -0.413912
   -0.267701
   -0.157254
   -0.507544
   -0.696861
   -0.646183
   -0.330457
    -2.30798
     -1.1922
    0.908866
    -1.39061
   -0.323747
   0.0965765
    0.975891
    0.544833
    0.813539
    0.495698
     1.04552
    0.486425
    0.342481
    0.276445
    0.326983
     0.63008
    0.247468
      1.3099
    -1.94434
    -1.30759
   -0.633537
     1.01347
  -0.0584268
    0.983957
   -0.557391
     3.63597
   -0.857459
   -0.598729
   -0.927183
     2.69341
     1.17642
    0.959244
     4.81745
     3.65909
     5.64653
     4.28514
    0.913819
     4.31474
     2.38332
     4.34447
    -0.14124
   -0.235141
     1.41309
    0.493942
    0.629016
   -0.789858
    -1.27577
     -1.2208
   -0.839791
    0.366473
    -1.54156
   -0.959505
      1.0208
    0.136051
    0.786955
    0.813106
      1.2095
    0.325831
    0.261068
     3.52713
      3.8029
     3.88762
     3.51791
     2.37369
     2.92496
     1.64092
     1.28207
    -1.25819
    -1.09438
    -1.14878
    -1.13292
     -1.1509
   -0.635639
    -1.50185
    -1.31546
    0.383572
    0.846981
    0.405787
    0.229053
    0.376042
    0.555387
    0.275036
    0.136857
    0.445948
    0.506188
    0.708917
     1.15752
     1.46122
     1.77716
     1.49267
     1.71089
     1.41379
     1.12387
     1.17396
   -0.651142
   -0.415354
   -0.799646
   -0.545522
   -0.559037
   -0.266608
   -0.845162
   -0.998319
   -0.881942
    -1.27176
   -0.822102
     2.37184
      3.0227
      2.7888
     3.33605
     3.74006
     3.10117
     2.91436
      1.6414
     3.31024
     3.53906
     1.88513
     1.12479
    -1.27484
     1.91923
     2.64751
   -0.182591
    0.874584
     7.55476
     4.09054
     5.03241
     1.84841
     1.29512
  -0.0565507
    0.247373
    0.778593
     1.51811
    0.686616
    0.546275
    0.179211
    0.289171
    -1.97355
     -2.0221
    -1.78006
    -1.55558
   -0.902473
    -1.57435
    -1.16511
   -0.772953
   0.0410763
   -0.482193
   -0.541546
   -0.553208
     1.38318
     1.04149
     0.83067
     1.30379
    0.497567
    0.722176
   -0.953994
    -1.18757
    -1.16633
   -0.981732
    -1.62477
  -0.0353205
   -0.938253
     -1.2188
    0.431879
      1.0358
    0.873286
    0.628477
    0.844876
    0.633552
  -0.0023511
    0.273013
   -0.235389
    0.791452
     1.02896
   -0.865921
     3.90544
     3.93034
     2.56308
     2.07564
     0.75128
     2.64508
     0.02962
     8.21878
     6.71112
    0.847465
    0.186877
    0.240782
    -1.30671
   -0.947786
   -0.554267
    0.309044
    -0.15737
     2.45195
     1.39337
   -0.114655
    0.293754
    -1.14612
    -1.31879
    -1.14999
    0.606519
     1.15498
     1.26079
     0.66278
    0.460807
    0.599397
  -0.0974669
    -1.69637
   -0.940589
   -0.271882
     4.72486
    -1.87656
     -1.4087
    -3.69372
    -3.52429
    -3.43382
   -0.783986
    -3.54433
     -3.2445
    -2.80049
     -3.4629
    -1.03063
     -3.5105
     -3.2946
    -3.93842
    -3.58883
    -3.99781
    -3.97106
    0.376474
    -2.18212
   -0.895191
    0.232246
    0.538489
    0.510254
    0.243799
  -0.0629905
   0.0114206
    0.188381
    -1.11192
    -3.58015
    -3.63495
    -4.44271
    -3.93925
  -0.0579542
    -0.84885
   -0.650471
    -2.17371
    -1.59159
    -2.35373
    0.403707
   0.0258922
   -0.585338
   -0.363848
   -0.797928
    -1.29132
    -1.87847
    -1.66741
   -0.506707
    -4.30826
    -3.08598
    -4.22152
    -4.64038
    -4.84361
    -4.00179
    -4.30203
    -4.36719
    -4.80154
    -3.53925
     -4.5601
    -2.77768
    -4.54139
     1.43938
     2.70085
    -1.02115
   -0.723211
   0.0855592
   -0.770647
   -0.863655
    -1.28936
    -1.21995
    -1.42741
    -1.04258
    -1.09462
    -1.34227
   -0.561827
    -1.20747
    -1.00522
    -1.12063
    -1.14785
    -1.19373
   -0.954868
    -1.18504
   -0.956368
    -1.27522
   -0.290247
   -0.326452
   -0.722314
   -0.711954
    -1.31078
   -0.786314
    -1.07723
    -1.15441
   -0.811476
   -0.126806
   -0.327771
   -0.340661
   -0.120269
    -0.21652
   0.0776915
   -0.232117
  -0.0797467
    -1.23218
   -0.335142
   -0.230842
   -0.284864
   -0.242766
   -0.222194
     -0.1556
  -0.0736256
   -0.104762
    -0.37007
   -0.315302
   -0.227682
   -0.255899
   -0.264104
   -0.350023
   -0.348003
   -0.385978
   0.0169339
   -0.447578
   -0.359694
   -0.369923
   -0.358648
    -0.40371
   -0.391041
   -0.288748
   -0.390451
    -1.75397
    0.401384
   -0.711755
   -0.454708
   -0.908741
   -0.412841
   -0.182064
     1.52936
    0.690273
     6.18018
   -0.405091
    0.018248
     2.35121
   -0.613976
    -1.10385
    0.847409
    0.736707
     2.09147
    -1.13724
   -0.925126
    0.820753
   0.0321405
    -2.22731
   -0.797375
   -0.480468
     -2.2745
    -4.31373
    -4.66109
    -3.90364
    -3.50106
     3.28347
    0.176207
    0.344426
   -0.758084
    -2.55727
   -0.204977
   -0.980314
    -1.43867
    -1.46068
    -0.10983
   -0.260715
    0.835212
     1.84823
     2.02126
     4.82222
    -2.39688
    -2.37009
    -2.21729
   0.0918552
    -1.49319
    0.138733
     0.25949
   -0.912353
    -1.63446
    -1.37257
   -0.499413
     1.65416
    0.655843
    0.264279
    -1.40868
    -2.34335
    -4.17949
      -2.948
    -4.63343
    -4.63567
    -1.03806
   0.0969152
    -1.44077
    -1.31678
     2.64892
     4.94715
     3.05936
     3.04815
     1.52254
   -0.917012
    -2.14394
    -2.11291
    -1.19101
    -2.28319
    -3.61409
    -3.51327
   -0.475728
     1.01132
   -0.138978
   -0.448162
     0.94682
     -1.0437
    0.347729
    0.864034
    0.192936
    -1.10888
    -1.43689
   -0.104793
   -0.584177
     2.56789
    -0.24216
     1.08597
    0.470914
   -0.623465
   0.0155926
     3.17155
      2.3089
     2.69455
    0.926237
     2.83526
     3.30348
     -2.4717
    -1.48841
    -2.20173
    -2.23941
     -1.7092
    -1.65879
   -0.596602
   -0.854375
    -1.28169
    -2.46964
    -1.54372
   -0.847063
     2.04834
     4.54867
     3.43403
     2.15884
      1.1832
      1.6565
     1.19999
    0.840255
     2.02752
     1.54724
    0.372763
     1.74885
     1.04025
     5.29465
     3.84466
    -1.72656
    -1.18537
   -0.734185
   -0.516432
   -0.365392
   -0.384933
   -0.457089
    -1.20005
    -1.22866
    -1.00586
    -0.62272
    -1.99107
    -1.34896
    -1.71819
    -2.21735
   0.0474209
    -1.02824
     -1.7529
     2.76548
    0.766078
     3.70972
    0.331262
   -0.483745
    -1.83113
    -2.01391
    -1.87901
    -2.77853
     5.12742
    0.363912
     2.60493
     1.20575
     1.98108
     2.39878
     1.74964
     1.56947
    0.582358
     2.16642
     1.67736
     3.21013
     2.39198
    -1.98938
    -2.33479
    -1.05785
   -0.204692
    0.415256
   -0.760594
   0.0296874
   -0.750334
   -0.930109
    -1.03702
   -0.238561
    -1.10021
    -1.16223
    -1.92708
    -1.45567
    -2.30051
     1.17335
     6.97952
     5.71448
    0.938356
     3.39775
     2.83086
     2.38223
     -0.6243
  -0.0417503
  -0.0364985
     3.44464
     4.72493
     1.84207
      3.6935
     3.47424
     2.81802
     1.85189
     2.88205
     1.63973
    0.834448
     1.30141
    0.927093
     2.32049
      1.5508
     1.67425
    0.959101
     4.16348
     3.01598
     2.61361
     2.53778
     1.57712
     5.38566
     4.74953
     6.75804
    0.980719
     2.02051
     1.35383
     1.75739
     1.14527
     1.44634
     2.43165
     3.67748
      1.8105
     3.13293
    0.889376
     2.12611
     1.60364
     4.45478
     1.15911
     1.65011
     1.45905
     1.19609
     3.34781
    0.566156
     4.76372
     5.95409
    -2.98821
    -1.04639
   0.0993438
     2.22108
   -0.596392
   -0.945735
    -1.60096
   -0.986477
      -1.577
     3.35496
     2.16934
     5.48335
     6.60705
      4.1732
     6.47441
      5.4188
     4.05612
     4.07954
  -0.0486351
     3.98045
     1.60657
     1.66853
     1.63589
     1.45299
     1.45176
     1.63378
     1.02529
     1.69131
     1.33431
     1.66073
     1.60083
     1.77023
     1.67705
     5.23437
     2.58099
     2.35612
     2.34513
     2.19684
     2.55305
      1.4207
      4.3532
     3.25768
     1.08265
    0.619641
  -0.0148948
   -0.706769
     2.66498
     2.83022
     1.52729
     4.40962
   -0.904031
   -0.543046
    -1.21917
    -1.48763
    -1.56109
    -1.53332
    -1.46515
    -1.04702
   -0.637332
   -0.750642
  -0.0715247
   -0.284845
    -1.47524
     2.67247
     1.08847
     8.12827
   -0.194276
   -0.258981
   -0.427116
    0.144044
    0.103348
    0.210273
   -0.288526
    0.435481
     1.80768
     1.02354
    0.811688
     1.51976
     1.00325
     2.49786
     1.75873
     1.39173
    0.577157
     1.99132
     2.39399
     2.79337
      1.1432
     2.01285
     1.42514
     2.38782
     1.93949
     3.02964
      1.3741
    0.917798
     1.46657
     1.40294
     3.04863
      1.6749
    0.638124
   -0.163179
    0.436839
    0.231568
     2.98963
    0.126781
     1.58654
   -0.453592
    0.117285
   -0.246671
    0.158328
  -0.0351266
  -0.0945349
    -1.02797
   -0.125096
     2.01305
     -0.5484
    -1.03097
   -0.267174
   -0.314136
    -2.31232
    -1.86116
   -0.662265
 -0.00386844
    -1.68174
    -1.36621
    0.994712
    -1.17824
      4.3188
    0.595143
    -1.20086
    -3.04145
    -2.57387
     1.02208
    0.349184
    0.274743
    0.494809
    0.162348
    0.383602
     6.44029
    -2.16375
   0.0837763
    0.978005
     1.38329
   -0.542973
     5.80327
     2.34667
     4.47791
     3.97882
     2.64737
     2.44171
     1.95791
    0.771528
     1.67092
     1.34282
     1.75817
     1.50771
     1.17529
     2.33728
     2.19742
     1.93245
     2.10177
     -1.6301
     3.09939
     1.88097
     1.76591
     2.80711
       1.653
     2.03334
     2.85527
     2.29355
     3.49985
     1.10897
    -1.45178
  -0.0586396
  -0.0825031
    -1.34934
     14.0313
     8.50952
     12.0358
     2.17251
     1.86446
     1.54477
     3.83522
    -0.51308
    -3.17562
    -2.57171
     1.11742
    0.348959
  -0.0515392
    0.884879
    0.412168
    0.553221
     1.46192
    -2.66498
    -2.11776
    -1.65749
    0.759716
    0.435838
    0.270637
    0.294651
   -0.467022
    0.540343
   0.0984924
    0.190206
    -1.17244
    0.764594
    0.391927
    0.299541
      0.3383
    -2.17614
     2.48443
     3.64235
     1.38369
     3.07766
     2.68373
     1.78493
    0.605094
     1.02819
    -1.37495
     4.64676
    -1.65652
    -1.37865
   -0.573608
   -0.615254
    -1.02289
   -0.844459
   -0.967195
     16.0339
      7.8588
       11.42
     6.50198
     1.75756
     2.17447
  -0.0548718
    -2.73328
    -4.18922
   -0.584869
    -0.88949
    -1.29135
   -0.689581
    0.279724
     0.82495
      1.6085
 -0.00106377
    -0.60003
   -0.831725
    -1.77686
   -0.119137
    -1.15594
    -1.09939
    -1.32572
    -1.46648
     -1.4229
     8.07842
     10.0366
    0.470763
     1.30142
     4.23211
     3.02912
     4.20825
    -1.34496
   -0.262966
    -3.05132
    -1.62573
   -0.420619
    0.770228
    0.193114
     1.72589
    -2.67831
     -4.2862
    -1.88963
    -4.99126
    -5.06342
    -4.75455
      -1.048
    -0.83771
    0.114752
    -0.36915
     2.23605
    0.587236
    0.711152
    0.417373
    -1.46875
    0.135445
   -0.435981
  -0.0356116
    0.429911
   -0.288832
    -3.41446
   -0.351099
    -1.04706
     4.55937
     4.26381
    -4.22736
     6.74317
    0.355838
     -1.9816
   -0.903047
     1.29791
    0.105025
   -0.170069
   -0.581956
    0.107702
    0.640195
   -0.184789
     2.05984
   -0.705599
    -2.64013
    -2.68516
    -1.63566
    -1.03998
   -0.760316
    -1.67095
   -0.368036
   -0.462192
    -4.26255
    -3.60557
    -4.57765
    -4.82679
     8.94208
    -1.33807
    -2.46364
     3.15256
     2.18815
     1.00493
    0.575053
   -0.513773
     1.28671
     1.38893
    -1.14116
    -2.02218
    -1.61404
    -3.42603
     -4.6562
    -2.92818
   -0.271599
     10.0441
     7.55483
     13.1195
     8.73203
     14.6574
     14.1688
     7.11068
     18.7555
     4.78094
     14.1487
     8.30283
     8.88714
     14.8204
     6.85529
     2.13184
     1.55001
    -1.01122
   -0.366557
   -0.761274
    -1.41032
   -0.853239
     -4.4082
    -4.57556
    -1.77162
     14.0553
     2.14232
      4.7107
   -0.227491
   -0.560164
   -0.778003
    -2.80343
     8.31413
   -0.609245
     6.48923
   -0.311847
   -0.494196
    0.114033
    0.404336
    0.235395
   -0.212072
    -1.19198
   -0.497541
    -1.06518
    -1.02993
   -0.441343
    -1.33029
     3.66866
     12.6366
     16.5641
    -5.53124
     -3.3027
    -5.44697
     -3.6107
      -5.042
   -0.979212
     8.77871
     11.6071
    -1.65323
    -5.75357
     9.76039
   -0.967558
    -4.21077
     3.99717
    -5.03981
     10.0123
     7.89291
     -4.4041
      5.4171
     15.9069
     9.42306
     4.01014
    0.784888
    -3.46722
    -1.67018
     1.83297
     2.09738
    -0.70798
   -0.159799
   -0.620264
     5.55588
    -2.03874
     -3.8413
     -1.9498
    -4.34189
     -4.7078
    -1.61967
    0.254928
     1.16228
     0.54036
 0.000571403
   0.0804215
    0.184916
  -0.0930164
   -0.247303
    0.160562
  -0.0311935
    0.108111
   -0.212756
    0.214537
   -0.376552
    0.104891
    0.096462
  -0.0985541
  -0.0329679
  -0.0601265
  -0.0168052
   -0.159102
   0.0528557
   -0.106007
   0.0693958
   -0.153153
   -0.228744
   -0.277814
    -0.21216
   -0.205928
   -0.153051
   -0.217203
   -0.263309
   -0.221719
   -0.236959
   -0.315982
   -0.263662
   -0.243749
 -0.00196384
   -0.314596
    -0.30599
   -0.219835
   -0.438805
   -0.262929
   -0.299713
   -0.487614
   -0.222013
   -0.523033
   -0.738803
   -0.522469
   -0.207513
  -0.0926106
   -0.236953
   -0.654582
   -0.209131
    -1.03138
    -1.13316
   -0.782558
   -0.807342
   -0.468548
   -0.440227
   -0.426812
   -0.416822
   -0.338986
   -0.204371
   -0.773299
    0.150212
    0.489867
    -0.55623
    0.317553
   -0.037101
     1.45988
     2.22649
  -0.0492038
    0.159299
    0.530678
  -0.0704702
     -1.4669
    0.146506
   -0.317413
   -0.277212
    0.498133
    0.510649
    0.712275
      0.5553
   -0.220444
   -0.160788
   -0.332428
   -0.395978
   -0.234966
   -0.398033
   -0.319612
   -0.409694
   -0.259344
   -0.315503
   -0.308827
   -0.443314
   0.0579775
    0.193282
    0.206644
   0.0483361
    0.155303
   0.0641961
    0.137596
   -0.034436
    0.178396
    0.109874
 -0.00445273
   0.0980418
    0.195225
  -0.0526956
    0.118408
   0.0118516
   0.0808172
  -0.0128287
   -0.103867
   -0.147648
   0.0211304
  0.00883629
    0.252128
   -0.129021
    -0.14457
   0.0469979
    0.127286
      5.9915
    -1.66092
   -0.709668
    0.621951
     0.66213
    0.588364
    0.953271
   -0.144833
   -0.103531
   0.0386613
  -0.0347508
    -1.79018
   -0.154796
   0.0986288
    -1.00512
   -0.438911
     -1.4977
   -0.813142
   -0.580836
    -1.50214
   -0.885053
    -2.05253
    -2.16162
   0.0921286
    0.357583
    -1.50179
    -2.00121
    -2.19408
    0.581895
   -0.483774
   -0.356277
   0.0168842
    -1.09422
     2.00793
     2.10342
    0.639129
     1.73922
   -0.075309
    0.314426
    0.367023
    0.731713
     0.58053
     3.66987
    -2.17667
    0.187602
   -0.347771
   -0.170584
   0.0627867
    0.982511
     1.50309
     0.88077
    0.744675
    0.113914
    0.209817
    0.488189
   0.0997673
   -0.102158
   -0.126465
   -0.298857
   -0.169523
    0.536544
     0.77882
    0.397163
  -0.0529474
   -0.642882
    -1.26971
    0.989169
     1.03409
      0.7898
       1.179
    0.902549
    0.998689
     -0.2474
   -0.900814
     1.49733
    0.804886
    0.195037
     1.20787
     1.47153
    0.492567
    0.407931
  -0.0348131
    -1.37001
   -0.706444
   -0.467823
   -0.533571
   -0.723303
   -0.535871
   -0.476744
   -0.642504
   -0.836072
   -0.857543
   -0.967497
   -0.729657
    -1.01445
    -0.56803
   -0.413458
    -0.46474
   0.0380189
   -0.169688
   -0.238032
    -0.33115
-0.000518539
   -0.091233
   -0.105406
   0.0230929
   -0.844188
    -1.20869
    -1.04842
    -1.14582
    -1.13724
    -1.42015
   -0.741419
   -0.389274
   -0.637502
   -0.259936
   -0.186769
  -0.0309671
    0.330605
    -1.57646
    -1.37119
    -1.59473
    -1.61351
     -1.7349
    -1.39464
    -1.26381
    -1.49529
    -1.58595
    -1.33907
    -1.54878
     -1.6558
    -1.66724
     -1.5534
      -1.488
    -1.27825
   -0.705982
   -0.940611
    -1.44959
    -1.43353
    -1.27044
   -0.080447
   -0.687606
  -0.0618304
    0.338461
    0.175571
    0.279188
    0.305662
    0.203413
    0.366678
  -0.0160762
    0.342185
    0.200329
   0.0689696
   -0.115751
   -0.235817
   -0.367717
   -0.121131
    0.100126
   0.0842366
   -0.168659
    -0.10005
    -0.07603
   -0.186083
   -0.444499
   -0.382182
   -0.337135
   -0.316025
  -0.0612268
   -0.172522
    -0.17575
    0.193288
    -1.50785
    -1.38039
     -1.3003
    -1.22897
    -1.39372
    -1.22087
    -1.55218
    0.198101
   0.0692688
  -0.0444186
   0.0331695
   -0.273351
   -0.346259
    -0.51455
   -0.694258
    -1.06627
    -1.30558
   -0.268987
   -0.486878
   -0.422664
    -0.92997
   -0.538988
   -0.652847
    -1.17761
    -1.55984
    -1.32439
    -1.53547
    -1.51475
  -0.0358179
    -1.07339
   -0.444793
   -0.813098
    -1.52181
   0.0803952
    0.110665
    0.135464
   0.0994309
  -0.0725561
    0.321071
   0.0562017
    0.313906
    -1.65475
    0.207923
  -0.0509684
   -0.347096
   -0.303127
   -0.212961
    -0.42683
   -0.832804
    -0.29971
   -0.273436
   -0.267022
   -0.264301
   -0.809992
   -0.685519
   -0.487107
   -0.336206
   -0.427012
   -0.306309
   -0.301777
   -0.262281
    -0.38795
   -0.428221
    -0.35641
   -0.665935
   -0.304487
   -0.227847
    -0.97209
  -0.0888094
   -0.505617
   -0.672945
   -0.692513
   -0.602144
   -0.854493
   -0.483744
   -0.783001
   -0.926268
   -0.634436
   -0.338607
   -0.402418
   -0.508598
   -0.549271
   -0.862827
   -0.359225
   -0.946395
    0.844758
   -0.529224
   -0.981216
    -1.37908
    -1.01837
    -1.03979
   -0.797079
   -0.392792
   -0.450496
   -0.320027
   -0.384066
   -0.463582
    0.624656
   -0.532488
   0.0353406
   -0.999379
    0.151847
   -0.542398
   -0.458142
   -0.693416
   -0.449559
   -0.463532
    0.514676
     1.03849
   -0.221967
   -0.421065
    -0.50111
    0.132094
   -0.163807
    0.223729
     3.40355
     1.42081
    0.243573
     0.83909
  -0.0394033
     1.00429
     1.80614
     1.81311
     1.01613
     1.54705
    0.577863
     1.05931
    0.505055
   -0.808613
   -0.168159
    -0.90963
   -0.972423
   -0.960889
   -0.853834
   -0.986336
   -0.789854
    -1.02008
   -0.955057
    -0.57091
   -0.766945
   -0.178061
   -0.835508
   -0.883267
   0.0425897
     1.00514
     4.48314
     2.62979
     2.81665
     4.09715
     2.23815
     2.68902
     6.34537
     5.09523
     6.93199
     3.62649
     7.27572
     5.84047
     6.22848
      4.4688
     5.11211
      5.6516
     4.86466
     2.65533
      2.2443
     1.70639
     2.47994
     4.07951
     1.81702
     2.16584
     2.24092
   0.0724938
   -0.239474
    0.194075
    0.464263
    0.261489
     1.44995
     1.74151
     1.55088
     2.02532
   -0.267401
   -0.153855
   -0.628721
   -0.149197
   -0.223846
     1.66301
     1.70394
     3.64694
     4.73608
     3.10223
     1.26937
     2.67975
     3.09979
      1.3574
     5.60577
     4.80443
   -0.177105
    0.856711
     1.21054
   0.0761267
     0.79817
    0.205058
     1.26581
     1.82469
   -0.432769
   -0.638324
     2.10031
   -0.425155
     1.41506
    0.752569
     4.88677
     6.33881
     3.89267
     7.23566
     5.68333
     6.74981
     3.48139
     1.15343
    0.703847
     0.78889
     0.12923
    0.534489
   0.0427754
    0.476236
    0.255959
    0.657224
    0.535245
    0.167882
    0.912893
   -0.015153
     1.91678
     1.59444
      1.1533
   -0.434735
    0.634686
     1.33301
        2.17
     1.45634
     4.44167
     2.86632
      2.2384
     6.00538
     3.82903
     2.62755
     3.50221
     3.30703
     3.74917
     3.22805
     3.69618
     3.33925
     4.82606
     3.48726
     5.42497
     4.61971
     4.73847
     1.82109
    -2.03502
    0.982099
    -1.28179
    0.502255
     1.41448
     6.92393
     4.00949
     6.65461
      3.9399
    0.586405
     4.37572
   -0.592738
     1.17172
     1.34013
     1.51247
     2.62969
      1.2643
     6.68839
     6.18913
     5.12541
     1.15473
     -1.5814
     3.41163
    -0.97377
    0.504007
     7.89789
     8.10221
     2.24736
     2.77178
     2.59423
     2.82083
    -1.00072
    -1.78569
     8.59227
     6.96574
     6.22548
     1.05688
     5.96383
      6.8882
     4.06124
     1.83764
     1.12996
     1.96084
    -1.18113
    -2.87226
     3.46923
     7.18285
     2.80605
     8.56643
     6.37387
     3.10615
     4.14039
     9.48907
     7.94406
      8.2606
     6.78679
     7.70657
     7.24188
     3.14799
     4.05622
     6.79158
    -1.60887
     7.90675
    0.184582
     7.98391
     2.33768
   0.0683058
     2.31678
     7.95831
    -8.75365
    -3.52656
      3.2034
     1.91377
     2.76472
     3.49581
     2.94367
     2.41674
      2.4276
     1.76936
     1.74235
     3.01161
    -2.33101
    -4.12505
    -3.74335
    -2.38812
    -1.43187
     3.00976
     5.02142
     1.05807
     -8.9156
     1.10038
      2.0681
   -0.133706
    -3.75809
    -2.21011
     -1.9902
    -4.16693
    -6.82859
     -2.7625
    -1.57931
    0.382331
    -4.66234
    -4.64087
    -3.34009
     -3.8367
     1.28706
     1.88385
    0.926461
     2.02517
   -0.340804
     4.01797
  -0.0585473
     2.54731
     4.03249
    0.356731
      3.0262
     3.59355
     2.51443
    0.680545
     1.36045
    0.371985
    0.378236
     3.34463
   -0.152086
    0.942445
   -0.852053
   -0.265762
    -2.01436
    -2.25699
    0.966645
    0.669783
     1.29236
    -0.76538
     0.59418
    0.770954
    0.591742
     1.43238
   -0.170413
    -1.46653
    -1.45955
   -0.452941
    -2.04788
    -1.75575
    -1.82659
    0.633562
   -0.482812
     -3.5132
    -2.49052
     -3.4357
    -4.60775
    -3.13965
    -5.71472
    -1.28203
    -3.48433
    -5.19738
    -6.17075
   -0.526258
    -1.84222
      -2.728
    -10.7293
    -10.2194
    -3.77267
    -6.01663
    -1.32574
    -3.35158
    -5.11041
   -0.991401
   -0.956735
   -0.909256
    -1.16019
    -1.01296
    -1.22497
    -1.07337
    -1.21109
    -0.91548
   -0.747597
   -0.803389
    -1.37768
     4.00844
     2.71893
  -0.0410487
   -0.326596
   -0.262626
   -0.498895
    -0.43632
   -0.255605
   -0.527549
   -0.559666
   -0.335945
   -0.801204
   -0.435534
    -0.39469
   -0.678159
   -0.443525
   -0.299369
    0.224138
   -0.458911
   0.0250327
    -0.20066
   -0.559995
   -0.304333
   -0.380753
   -0.279346
     3.37913
     1.38991
    0.740836
      2.1224
   -0.452336
   -0.243873
   -0.500684
   -0.409669
     1.19154
   -0.397692
   0.0606145
    -0.14382
     2.57212
     1.41932
      1.1487
     1.38778
     0.46521
   -0.447494
   -0.426774
    0.390457
    0.383856
     1.09495
     1.37291
     4.88981
     2.33628
     1.66092
     1.23813
   0.0516035
   -0.455251
   -0.796432
   -0.197873
    -0.39945
   -0.132644
   -0.378465
     1.01837
   -0.379841
   0.0101955
    0.395745
    0.755195
     1.40803
     1.73166
     1.97675
   -0.320112
   -0.124231
  -0.0722534
   -0.251763
    0.485995
  -0.0646387
    0.981563
    0.969295
    0.580645
    0.247566
     1.41732
     2.03481
     1.70782
     1.40838
     1.77921
    0.402701
     1.28062
   0.0299698
     2.69555
   -0.683902
   -0.047522
     2.51609
     2.85086
     2.02829
     1.58854
     1.24087
     1.57098
    0.579538
     2.29097
     2.10002
    0.121903
    -1.38151
    -1.13595
     2.50222
     2.81319
     2.85708
     2.45566
     3.42014
     3.28737
     4.87617
     3.30924
     5.92926
     3.91486
     5.12547
     3.01184
     4.41424
     7.14852
     3.57582
     7.12526
     5.52193
     7.15651
     4.90286
     1.71652
     7.56464
     5.06075
     7.77195
     8.08524
     5.33304
     3.52819
     5.84635
     5.68167
     5.17551
     4.73639
     3.98443
     7.59656
     2.95598
      5.4305
     5.70978
     2.75961
     2.05605
     1.86551
     1.29995
     1.03461
     5.07085
     2.30451
     3.46289
     2.39532
      3.2826
     3.81465
     1.85209
     4.93112
    -1.14799
     6.13406
     9.94908
     10.9089
     13.4647
     4.40115
     7.69023
     5.80009
     8.58835
     2.26246
    -1.05563
    -1.92284
    -1.03415
    -1.24493
     1.83886
     2.71616
   -0.383713
   -0.793592
   -0.121767
   -0.583427
    -1.21306
    -1.13987
   -0.944547
    -1.24953
    -1.16359
    -1.16193
    -1.27634
    -0.95763
    -1.07946
     -1.2432
    -1.41896
    -1.31685
    -1.24699
    -1.61394
   -0.895563
    -1.26781
    -1.69108
    -1.31016
   -0.814626
    -1.19713
    -1.09967
    -1.10387
     1.32543
   -0.306988
   -0.757114
    -1.23698
    -1.11249
    -1.36303
    -1.65726
    -1.60241
    -1.99725
    -1.14687
    -1.01753
    -2.19032
    -1.51647
    -1.88579
    -1.83056
  -0.0948553
     6.17484
     3.32799
     1.78791
    0.447171
     0.70714
    -1.35901
   -0.564611
    0.827167
   -0.268031
    0.277959
     1.52867
     4.39384
    -1.03928
    -1.00941
    -1.19631
    -1.10679
    0.979018
     0.20532
     2.47234
     1.37325
    -1.13551
    0.644999
    0.400187
     1.10974
    0.647796
    0.359755
    -2.42473
    -2.86368
    -1.72476
    -1.20645
   -0.131353
     0.88397
    -2.88521
    -2.31675
    -2.13403
    -2.18068
    -2.21821
    0.219648
   -0.646297
    -1.09442
     1.66882
   -0.888914
    -2.13108
    -1.36597
    -2.33017
     2.09765
   -0.190297
    -2.10152
    -2.73208
    -2.89464
    -2.67164
    -2.18296
   -0.709694
     1.72694
     6.11505
    -2.41108
    -2.42954
      2.4599
      2.0581
     2.09639
     5.13232
     2.11692
     2.80985
     5.94816
     3.01765
   -0.316386
     -1.3455
     4.62672
     5.87485
     5.36889
     5.27394
   -0.942573
    -1.99443
    -1.79434
     3.12582
     4.08445
     4.99303
     -1.2936
    -1.73679
     1.41098
     5.15328
     2.81125
     6.29971
    -1.14168
     5.64898
   -0.166513
    0.492107
     4.84284
     1.64525
     2.07654
     3.47167
    0.361033
     5.74042
     4.68381
     9.90667
     8.93556
     10.0226
    0.398858
     6.09438
     6.41043
     2.33734
     1.64592
     3.51636
     5.13122
     3.83341
    -4.45937
    -1.16221
     -4.6237
    -1.62714
    0.433749
      4.6263
    0.784741
      1.5818
    0.501366
   -0.491284
    -1.45778
    -1.19635
    -1.60245
      -2.055
    -1.75889
    -1.29852
    -1.80451
    -1.18286
    -1.04781
    -1.96508
    -1.84404
    -2.05329
     -2.1458
     -1.5728
    -1.55205
     -1.9547
     -2.3416
    -1.92089
    -1.83099
    -1.43889
    -2.38596
    -2.12744
    -1.80795
    -1.87624
    -1.59596
    -1.89547
    -2.01509
    -1.15655
    -1.27721
    -1.92785
     -1.4217
    -1.63546
   -0.988036
   -0.202099
    -1.61605
    0.691537
    -1.01953
     -1.8042
      -1.185
    -1.77727
    -1.79852
     -1.8612
    0.172943
    -1.54739
    -1.64975
    -1.74836
    -1.79754
    -1.85639
    -1.74248
   -0.953287
    -1.58867
    -1.72552
    -1.48689
    -1.36002
    -1.69979
    -1.51875
    -1.34015
    -1.00267
    -1.25683
    -1.33398
    -1.09521
    -1.00991
    -1.40782
    0.137087
    -1.24999
   -0.618851
    -1.11178
    -1.00833
   -0.161643
    -1.56585
    -0.81422
    0.803297
    0.423181
     1.06097
    -1.64362
    -1.07388
    -1.43462
   0.0919882
   -0.103562
   -0.264768
     7.19292
   -0.365096
    -0.93476
   -0.298036
     1.02296
     1.19329
    0.980943
     1.40948
     1.03904
    0.917162
    0.914813
   -0.398149
   -0.782982
   -0.547519
     1.73995
   -0.775314
   -0.244592
   0.0773356
   0.0182445
     1.31272
      1.7045
    0.851178
   -0.356623
    0.130009
    0.539129
     2.02858
      0.2306
  0.00506881
    -1.04743
   -0.350753
   -0.960653
   -0.317068
    -1.55001
    -1.88973
    -1.49864
    -1.20273
      -1.385
    -1.68156
    0.609802
     0.41432
      1.8313
     -1.9284
    -2.27645
    0.825198
     1.95277
     1.48039
     4.19448
    0.556428
     1.32229
     1.48235
     2.28415
  -0.0293511
    0.137038
    0.238367
    0.151996
   0.0569401
   -0.659182
    0.765036
   -0.342851
   0.0283346
  -0.0420705
   -0.168662
   0.0999118
    0.635132
     -1.6332
    0.639486
  -0.0652415
   -0.463289
   -0.574082
   -0.869777
    0.259766
    0.188028
  -0.0769671
     -0.2473
   -0.232441
    0.027896
    -0.13092
    0.133616
    0.220783
    0.263004
    0.342301
    -1.48582
    -1.60003
  -0.0626582
     4.54381
     2.93125
     2.45533
     3.11901
     3.91183
     2.60634
     3.90584
     2.83968
     2.63561
     3.66706
     3.34377
     1.92119
     1.77132
      3.4536
     3.79832
     2.62164
     1.71287
     1.02134
  -0.0271204
     4.14635
    0.869147
    0.238159
     -1.3702
   -0.648677
   -0.407686
     1.16375
   -0.292721
   -0.348985
     0.28472
   -0.744774
    -2.08808
      -1.969
   -0.467153
   -0.203336
    -1.03839
   -0.952815
    -0.27759
   -0.521078
   -0.441537
   -0.255894
  0.00262108
   0.0727589
    -1.19827
   -0.373671
   -0.338418
   -0.604472
    -1.05431
    0.285614
   -0.637121
   -0.877852
    -1.05286
   -0.555174
   -0.882522
   -0.999385
   -0.666747
   -0.687722
   -0.732264
   -0.489113
   -0.415831
    -1.63039
   -0.936997
     2.20446
    -0.38549
   -0.787709
    -1.62522
   0.0177649
   -0.924685
   -0.655744
   -0.566225
   -0.705153
   -0.612515
   -0.858726
    -0.65108
   -0.822067
   -0.759837
     2.65893
   -0.341751
    -0.34053
   -0.361576
   -0.335965
     1.91619
    0.615811
     1.18562
    0.471536
     1.35983
     3.93944
    0.733339
     3.67834
     3.46982
    -1.31657
    -1.27216
    -1.25344
     -1.2925
     -1.3818
     1.55589
 -0.00844876
   -0.516185
    0.607967
     1.27213
   -0.223554
    0.503424
    -1.04257
    0.700731
    -1.08544
    0.377877
   -0.873872
   -0.852856
    0.154967
    0.476565
     4.70897
   -0.170789
   -0.495952
    -1.07881
    -1.03436
     -1.3203
    0.617175
   -0.775779
     2.86712
    -1.08809
    -1.23278
    -1.62338
     1.06772
     1.46711
     3.23863
     2.12856
     1.68315
     3.10131
     5.92781
     4.61847
     7.47577
     6.65359
     6.96799
     5.28774
     5.01022
     6.79699
     5.93221
     5.95197
     7.47341
     7.31301
     3.93706
     6.45701
     6.62134
      5.9181
     8.20941
     6.88516
     6.71597
    -1.38418
    -1.20296
   -0.909209
    -1.16825
   -0.785075
     -1.5425
     4.10603
     1.97277
     2.16972
     2.13017
     3.45297
  -0.0450897
     4.11477
    0.904781
     5.79698
     4.63285
     5.49201
     2.68039
     6.73711
     8.55943
     8.19884
   -0.801449
   -0.934621
    -1.15743
    -0.62831
    -2.03946
    -1.32143
    -1.46212
    -1.13942
    0.797916
    -0.46669
   0.0913164
    0.963946
   -0.306258
     3.10935
     2.34108
     1.87362
      1.5681
     1.23617
    0.406931
     6.12517
     6.14713
     3.23987
     6.28973
     4.87937
     2.01812
    0.975266
     0.28895
    0.396815
   -0.116266
   -0.387928
      4.9214
     6.12486
      5.0233
     4.08721
     2.39589
     4.22231
     5.91674
     5.77974
     3.75863
     4.65888
     2.51826
    0.998878
     3.87461
     7.71033
     8.77393
     9.26888
     8.51856
     9.17607
    -1.44022
   -0.680728
    -1.14663
    -1.49918
    -1.26687
    -1.16175
   -0.776409
      -1.195
    -0.92988
   -0.938397
   -0.700534
    0.026406
    -1.63764
     -1.8016
    -1.44667
   -0.516353
    -1.75743
    -2.09891
    -1.67134
    -1.03916
    -0.03306
   -0.325402
      5.4982
     1.15759
     2.37314
     1.15947
     5.11015
     4.17152
     4.86677
     2.53418
     1.21351
      2.5988
     4.63661
      4.2238
     1.52026
     1.01791
     2.23261
     4.44044
      2.7352
     7.12752
     7.97662
     5.62959
     8.43473
     7.62064
     5.53887
     4.04803
   0.0339247
     7.47746
     4.92642
    0.686663
  -0.0282676
     1.10205
     6.13389
     7.73737
     7.43929
     6.57742
     4.98547
     7.08919
      4.4032
     7.41279
     2.38462
     1.42662
    0.156786
     3.33447
     3.24336
   -0.481258
     10.3248
     1.44823
     9.61882
     9.16939
     5.02913
     8.41953
     6.93765
     5.28972
   -0.408247
    0.849149
     2.86066
    -3.22631
    -2.96283
    -2.91779
    -3.56928
    -2.94158
    -4.18613
    -2.32041
    -1.64572
    -0.67215
    -1.14835
    -2.76222
   -0.338965
    -5.69685
    -3.79223
  0.00244568
  -0.0556367
    -3.95971
    -3.35769
    -5.02369
    -4.77983
    -5.04157
   -0.938677
    -2.90421
    -3.11551
    -4.86449
   -0.441634
    -5.60377
     1.38941
    -3.86912
    -5.53898
    0.246536
    -1.87529
     -4.9212
     -3.6675
    -2.12475
    -1.78908
    -4.32392
   -0.227926
    -4.01549
     1.74901
      4.2503
       2.667
     3.65156
    -4.79949
    -4.21894
    -1.16654
    -3.69261
    -3.62286
    -4.02896
    0.790022
    0.636386
    -2.30437
    0.170448
     1.65303
   -0.789812
    -2.75174
     -5.3096
     2.29992
     6.25025
    -3.52735
    -2.84215
    0.551467
    -2.37205
   -0.174218
    -1.97199
    -2.73159
     4.22194
     6.31172
     5.52277
     8.25171
     3.30984
     3.96797
     2.51025
     4.24545
     5.80702
    -2.80739
   -0.257308
    -2.92292
    -1.01757
   -0.165329
   -0.415515
    0.622655
    0.113307
  -0.0523362
   -0.167509
    -1.38068
    -2.36335
     8.73672
     5.62764
      7.7455
     7.95852
     7.39594
     9.58163
   -0.486071
   -0.934105
     4.40331
     2.51689
     4.32826
     5.96487
     7.12818
      4.2999
     3.93025
    -1.06028
   -0.817643
    -1.38195
     1.85821
   -0.461963
    -1.49609
     2.21771
   -0.136407
   -0.638822
     1.77658
     1.74938
     2.17409
     6.03046
     4.76174
  -0.0560753
   -0.213304
     1.74183
     1.53864
    0.214848
     6.05502
       5.105
     3.71333
      5.6755
    -0.31637
    -0.95411
    -1.68923
     2.04418
     5.06516
     4.45705
     4.56081
     3.86064
     5.24713
      4.3013
     3.56774
     1.89099
   -0.286195
     6.20944
     4.59627
     4.76621
     -1.6549
   -0.868276
   -0.779912
   -0.664263
    -1.23221
     2.04686
     4.04779
     7.21335
     5.75576
    0.351331
     2.71808
     1.11213
     5.46254
    0.652648
     1.08646
     4.07144
     4.43568
     3.18522
     4.00195
       7.366
     7.24402
      4.4334
     6.31328
     5.28175
     7.08492
    0.168153
    0.320354
    0.466455
   -0.383014
   -0.621484
   -0.784015
   -0.884395
    0.503888
     0.56325
    0.721517
    0.960399
    -1.49892
    -1.12898
    -1.44218
   -0.947225
   -0.631199
   -0.387092
   -0.305242
   -0.349955
   -0.231489
   -0.340001
   -0.743551
   -0.568952
    -1.25532
    -1.69327
    -1.76566
    -0.40507
   -0.358452
   -0.169079
   -0.336236
   -0.313256
  -0.0136803
   -0.311379
  -0.0306756
    -0.18551
    0.261418
   -0.496056
   -0.524944
    -0.36974
   -0.912412
   -0.602186
    -0.48299
    -1.20064
   -0.719367
   -0.998248
    -1.19193
      2.9735
     3.83004
     4.34684
     5.37934
     4.99867
     4.07225
     4.38913
      3.7253
      6.1874
     4.96762
    0.271729
    0.261787
    0.373194
      0.2384
   -0.826443
     0.59986
    -1.12622
   -0.561456
    -1.34485
     1.72263
    -1.39268
    0.833943
     1.74971
    0.432893
     2.80569
     1.93902
     2.68482
     1.66208
    0.258191
    0.492446
    0.430841
    -0.31065
     2.44297
   -0.377478
     2.96412
     3.38395
   -0.832682
     3.09354
     2.40265
     2.76972
     1.74816
      2.3438
     2.48442
     1.82555
     1.35996
     2.44566
     1.25564
    0.709691
     2.30771
     2.72552
     1.04445
   0.0595659
     2.65387
     2.64751
       3.198
     4.25463
     2.87934
     2.02942
     2.66103
     3.40307
     1.77459
    -1.52233
     5.75951
      4.6673
     4.08015
     5.46611
     3.91733
     5.50979
     2.63108
     4.20331
     7.06276
     7.69928
     1.15905
     4.95416
     6.99335
     5.85222
     6.61685
     8.24137
     5.29095
     0.48513
     2.26354
     2.69122
   -0.216722
     0.43425
    0.301229
    0.388177
     5.70325
      2.7675
     4.20876
     1.92992
     6.93221
     3.21933
       2.974
     2.97802
     2.48234
     2.69603
     8.21619
     8.52495
     6.29258
    0.791845
     4.63761
     2.26416
     6.75395
     8.07657
     7.12881
    0.973685
    -1.02434
     4.05549
     1.09783
   -0.287978
     8.66222
     4.51719
     8.29621
     9.27157
      8.1778
     6.42367
     7.29055
    -1.74731
    -1.06518
     9.09235
      7.3003
     5.23682
     3.17623
     1.50303
    -1.35541
    0.154617
   -0.789441
    -1.08967
    -2.19552
    -1.22282
    -2.87876
    0.696886
    0.536733
    -1.18595
    -1.04607
    -1.50323
    0.109166
    -0.82562
    -1.54407
    0.119628
   -0.246936
   -0.524617
    0.338747
   -0.769414
  -0.0944275
    0.169148
    0.164666
    0.259677
   -0.123501
    0.264694
   -0.536414
    0.124842
     2.95759
     2.58944
     2.55601
     2.82662
     2.18409
     3.27992
     2.41369
     3.59198
     5.72037
     3.70264
     2.73922
    -1.61269
   -0.431515
   -0.851833
   -0.931589
   -0.526224
   -0.870401
    0.631217
    0.395394
     4.37807
     4.35073
      4.8403
     4.60335
     2.67197
     7.87829
     8.96793
     8.45121
      7.6025
     9.40882
     4.68547
     1.93989
     3.52327
   -0.243063
    -2.92527
    -1.58706
     1.14943
    0.593517
     7.45975
     9.58946
     10.5242
     6.69886
     5.34864
     7.64598
     3.83009
     5.46342
     2.23167
     5.15975
     2.21062
   -0.718802
   -0.919282
     1.16104
     1.47048
    0.067796
    -1.27615
    -1.07496
     1.18614
     2.73593
     1.27047
   -0.605656
    -1.71982
   -0.707531
    -0.60675
    -1.47353
    -1.15031
    -1.94574
     5.58709
     3.79764
     6.37736
  -0.0945388
     9.39429
     2.38877
    -4.50974
    -2.38533
    -6.06869
    -1.56936
    -2.22127
    -1.50769
     1.69968
     2.74499
    -6.93197
     7.04713
   0.0307443
     1.75437
       2.222
   -0.269539
     8.98214
     5.89667
     9.97949
     8.80792
     7.96494
      10.492
     4.75972
     5.95094
     5.38344
     2.95396
     4.96897
     3.14934
     4.33939
     0.95834
     1.66139
     1.19345
     2.24199
     2.52352
      2.3348
      4.6029
   -0.155499
   -0.781564
   -0.432544
     1.56597
    0.453856
     1.15747
     1.30218
     5.21818
    0.125597
   -0.408839
     5.20596
     6.57519
     6.29322
     2.38709
    0.743858
   -0.684918
     5.11947
     2.50219
     4.15483
     4.56034
     5.96578
     4.23149
   -0.136041
   -0.434902
   -0.295738
   -0.573774
    -1.52629
   -0.995251
    0.635562
    -2.29766
    -2.18471
    -1.66657
   -0.197775
    0.308052
    0.304106
     1.28988
    -1.27304
     1.25658
     0.39734
     0.31198
     1.07696
     1.21057
   -0.550136
     2.46082
     2.54932
      3.4589
     6.19254
     1.83906
     5.06062
     4.88642
    0.622658
     4.01207
    0.835335
     4.82578
     1.40153
     3.35088
   -0.693137
     4.90776
     5.00153
     3.32652
     8.14272
     6.12024
     6.45721
     4.83949
      9.3491
     7.23811
     -1.3742
   -0.309514
      2.3779
     1.41069
     1.78191
    0.918838
   -0.287745
   -0.597294
   -0.161186
    -1.47532
     2.09776
      2.7235
     3.03015
     4.54127
     6.52534
     5.74711
     5.40741
     10.6826
     7.88934
     1.54258
    0.539715
     1.40175
    0.383874
     2.15306
  -0.0299683
  -0.0313883
     1.78164
     5.48993
   0.0300504
    -1.12986
   -0.690584
     0.85737
     3.85794
     2.70892
     6.18838
     1.41185
    -0.21816
   -0.329077
    -1.12167
   -0.561196
    -1.34416
    -1.26338
     5.95966
     6.31363
     5.87546
    0.556635
     6.03561
     7.56383
      9.0305
     5.82398
     2.64733
     5.87799
     4.44153
     4.11314
      2.3216
     7.09643
     2.58898
     6.44119
    0.414413
    0.215688
     6.81898
     2.91166
     2.22868
     2.22272
     1.34754
     2.41215
     1.97653
     1.37832
     1.35375
    -1.94418
      1.7274
   -0.914533
   -0.279551
     4.53866
    -0.27596
   -0.463556
   -0.947898
    -1.40353
   -0.916293
     -1.0823
    -1.49236
    0.647538
   -0.893786
   -0.345696
    0.204061
     5.99689
     3.29239
     1.33537
     2.49713
    0.985607
     3.09926
     4.43523
     2.31998
    -0.22061
    0.630879
     3.36735
     6.02844
     10.3648
     6.39427
     4.16377
     5.71502
      7.2423
     4.09452
     5.60924
     9.38453
     7.38411
     8.41711
     8.31221
     5.85874
     8.56609
     10.2473
     7.16574
     7.36647
     9.08602
     5.19417
     6.58538
     9.48462
     9.55524
     5.42728
     7.10954
       6.838
     9.84094
     4.18356
     6.60305
     3.93446
     11.4517
     7.09542
     10.8415
     8.92538
     3.99142
     4.06171
     2.35668
     2.43919
     1.21631
     3.42796
     1.68351
     2.08777
     3.68262
     4.32025
     6.46973
     5.88757
     5.24702
      5.3191
     6.45991
      5.7076
     6.14914
     4.03676
     7.32245
     6.68658
     8.67322
     6.69099
     4.80156
     8.75487
     7.67795
     5.79091
     3.12182
     5.77438
     9.86533
     1.38782
     6.43185
     11.2336
     9.46548
     10.4024
     2.25011
     3.70927
     4.85505
     5.01705
     2.46191
      2.9849
     2.04976
     11.5984
     10.0139
     2.47993
      2.7023
     2.83989
     4.15882
     4.03176
      1.2774
     2.99071
     5.89262
     6.01458
     6.98268
     6.15221
     5.83289
     2.68139
     5.20858
     4.03516
     4.20199
     2.50827
     4.30172
     1.82375
     4.53386
     7.34111
     3.70602
     1.83809
     2.71617
    0.704287
     1.49008
      0.9651
    0.178508
     1.25125
    0.865781
   0.0466725
     2.30394
     1.44639
    0.161047
     7.36045
     8.14038
    0.146337
     2.07144
      2.6951
   -0.689279
    -1.19398
    -1.75274
   0.0873625
   -0.459568
     1.10821
      6.0912
     6.60157
     3.64711
    -3.45756
    -3.84544
    -3.97415
    -4.57351
     3.41933
   -0.430855
     9.76006
     11.6898
      10.165
     10.7488
      8.3221
     9.06814
     10.7974
     10.0389
     9.72611
      9.4786
     7.12357
     6.20664
     10.8427
     10.7054
      8.4894
     8.52762
     5.53889
     6.53625
     6.27153
     6.90499
     8.22116
      5.2373
     8.85532
     6.21455
     5.12726
     1.83516
     2.89269
      3.7729
     1.22155
  -0.0222517
     2.27647
     3.37846
      0.6225
     1.94458
      2.0852
      3.8061
     9.01464
     3.70074
     2.84191
     3.22225
     5.48969
     6.54963
     1.57378
     5.28219
     5.85504
     3.67892
     1.12526
    0.501623
    0.550947
     1.77825
     2.64788
     3.34353
    -1.02165
     10.5227
     7.14392
     4.22704
    0.737485
    0.278474
     2.90597
     2.89173
      1.3424
     1.98277
     2.82674
     2.24689
     3.30471
     1.20843
     2.13843
     2.94864
     3.05726
     1.82487
     2.43478
     1.42297
     2.53104
     1.10917
     3.49663
     2.97422
     2.91792
      3.9294
     4.81229
     4.36048
      4.5182
     4.86688
     4.09224
     4.84731
     3.30844
     5.12424
     5.53285
     5.30386
     4.49452
     4.26928
     3.39954
     2.56735
     4.47703
     2.52269
     4.41425
     5.75372
     3.98541
    0.888266