   -3.13976
   -3.69365
   -4.46103
   -4.04428
   -3.08354
   -2.30763
   -1.39479
  -0.774566
  -0.625237
  -0.965606
  -0.956826
   -1.23789
   -1.48342
   -1.19904
  -0.882309
  -0.815674
  -0.797904
  -0.471094
  -0.373369
  -0.108334
  -0.166312
  -0.384429
  -0.638019
  -0.897673
    -1.0785
   -1.12899
   -1.07674
  -0.813488
  -0.524595
  -0.300381
  -0.698594
  -0.865159
   -1.50979
   -1.84188
   -2.00567
   -2.18289
   -2.54166
   -3.27933
   -3.41874
   -3.25356
   -3.43044
   -4.12323
   -4.94245
    -4.9457
   -6.00701
   -6.53327
   -6.78957
    -6.6383
   -6.57953
   -6.23512
    -6.8672
   -7.21398
   -6.84622
   -6.45475
   -6.69813
   -7.99298
   -8.71945
   -7.76851
   -8.14065
   -8.19293
   -8.04136
    -7.2658
   -6.06745
   -5.05617
   -4.79872
   -4.43825
   -4.24828
   -2.79579
   -2.57945
   -1.91932
   -1.78713
    -1.3695
   -1.05263
  -0.587899
  -0.579391
  -0.283158
  -0.387458
  -0.119824
  -0.319931
  -0.557281
  -0.692029
  -0.765506
  -0.711864
  -0.650275
  -0.671413
   -0.69936
  -0.683274
  -0.594379
  -0.466083
  -0.253836
 -0.0739657
 -0.0533514
   0.183398
   0.206025
    0.10232
 -0.0269183
  -0.200543
  -0.400373
   -0.61457
  -0.814247
   -1.01846
   -1.30567
   -1.44816
   -1.37623
   -1.14995
   -0.98604
  -0.979412
   -1.09909
    -1.2908
   -1.22793
  -0.951229
  -0.643747
    -0.3404
  -0.495274
  -0.345885
  -0.410087
  -0.318235
  -0.788035
   -0.27337
  -0.153821
  0.0665401
 -0.0684815
  -0.389214
  -0.504747
  -0.908233
   -1.48676
   -1.68492
    -1.5201
   -1.41052
   -1.23641
   -1.07196
   -0.98369
  -0.883034
  -0.918766
   -1.10418
   -1.23639
    -1.4984
   -1.63196
   -1.65201
   -1.49293
   -1.24784
  -0.947255
  -0.746886
  -0.725397
  -0.817987
  -0.987867
   -1.10309
   -1.15778
   -1.15895
    -1.2155
   -1.26674
   -1.33977
   -1.33632
   -1.40119
   -1.31863
   -1.14507
   -1.05157
   -1.04177
   -1.24986
   -1.51628
   -1.70656
    -1.7657
     -1.611
   -1.40609
   -1.26841
   -1.21587
    -1.3353
   -1.54166
   -1.77979
   -1.76904
   -1.62491
   -1.51144
     -1.264
   -1.07529
  -0.750158
  -0.454085
  -0.125727
  -0.294278
  -0.709442
   -1.40659
   -2.21282
   -2.52163
   -2.26222
   -1.88175
   -1.49699
   -1.01035
   -1.04707
   -1.38599
   -1.75981
   -2.38991
   -4.18494
   -6.39697
   -7.18318
   -6.98619
   -6.77501
   -4.73135
   -3.48977
   -2.56025
   -2.42621
   -2.76442
   -2.53868
   -2.17074
   -2.04529
   -2.11441
   -2.49406
   -2.57538
   -2.69093
    -2.8019
    -1.0412
   -1.11162
  -0.825687
   -9.30884
   -0.69432
   -8.66148
    -2.9141
   -2.68057
  -0.923157
  -0.433847
  -0.734207
   -1.04176
   -1.90714
  -0.634293
   -1.33932
  -0.984173
   -1.78506
  -0.758488
   -2.24415
   -9.99331
   -1.76927
   -2.38379
   -8.79427
   -1.40111
   -8.84753
   -3.63274
   -7.95196
  -0.313835
   -1.17449
   -2.13819
  -0.469307
   -1.05673
   -3.96487
   -2.35598
   -1.19633
  -0.316529
  -0.438465
  -0.572359
  -0.262268
  -0.338015
  -0.736974
  -0.895753
   -1.86678
   -1.49149
   -1.07028
    -2.0215
   -0.92408
   -1.12161
  -0.500619
    -1.5407
   -1.14214
   -1.71184
   -1.37002
  -0.998716
   -1.39209
  -0.683885
    -1.4814
   -1.02696
    -1.7716
   -1.69134
    -1.3981
    -9.9086
   -9.89723
   -1.13712
   -1.60846
   -1.35632
   -1.03664
  -0.475893
   -3.71916
   -5.20353
   -2.63565
   -7.66226
   -8.00601
   -1.23721
   -1.11404
   -1.53441
   -8.15361
   -8.91324
   -8.31682
   -3.72563
    -2.8147
   -6.69754
   -3.65802
   -1.54777
   -4.09228
   -1.67239
   -2.07893
   -2.39213
    -2.5281
   -1.93088
  -0.403725
  -0.662849
  -0.725984
   -5.11225
   -3.23508
   -6.73711
   -2.02069
  -0.735929
  -0.108377
  -0.349842
 0.00678447
  -0.142025
  -0.485409
  -0.259844
  -0.551573
   -1.05799
   -0.80887
  -0.904075
  -0.790646
   -1.05493
   -1.46999
  -0.747536
  -0.803034
   -1.34308
   -1.20885
   -0.85543
   -1.49075
   -1.63516
   -1.16259
   -0.81886
   -1.22893
   -3.15246
   -1.30617
   -1.06576
    -1.1441
   -1.37009
  -0.492133
    -1.0796
   -1.45886
   -1.94082
   -1.27485
   -1.17019
   -1.57792
   -1.44255
   -1.33078
  -0.866563
   -10.1355
     -8.725
   -9.00987
   -9.66899
   -1.12592
  -0.789077
    -1.1649
   -1.34213
   -1.03569
   -1.27316
  -0.537352
  -0.645223
    -3.9219
   -3.21706
   -4.78577
   -6.12512
   -2.83788
   -7.28362
   -7.54253
   -1.47446
   -1.45064
   -7.53088
   -3.35753
   -3.57142
   -3.17536
    -1.7271
   -6.37529
   -3.71116
   -7.34947
    -3.7482
   -1.96253
   -0.92807
  -0.468986
   -2.01742
   -1.63087
   -2.02154
   -2.33605
     -2.221
  -0.376354
  -0.526793
  -0.663564
  -0.551586
  -0.689181
  -0.548176
   -5.33921
   -6.01466
   -4.00629
   -2.82432
   -8.78439
   -1.83827
  -0.608234
  -0.255771
   -1.03413
   -0.20973
   0.184939
  0.0988463
  0.0920308
 -0.0252097
 -0.0630029
  -0.424759
  -0.556036
  -0.372985
   -1.20781
   -1.01839
   -0.89714
  -0.782094
  -0.721026
  -0.660365
  -0.884999
   -1.24403
   -0.87183
  -0.601722
  -0.908342
  -0.718056
   -1.40018
   -1.57268
  -0.999542
  -0.802088
    -1.3365
  -0.629297
  -0.670307
   -1.06641
   -1.19552
   -1.51949
   -1.75764
   -1.04989
  -0.947698
   -1.04101
  -0.630901
   -0.73259
   -1.27715
   -1.78179
   -1.75212
   -1.10918
  -0.937525
   -1.64831
   -1.36553
   -1.03987
   -1.42953
   -0.82553
   -0.46943
   -10.2053
   -8.59998
   -9.02027
   -8.76637
   -8.77654
   -1.13648
  -0.693472
  -0.583431
  -0.997542
  -0.733454
  -0.397326
   -1.41039
  -0.889814
   -0.95464
  -0.502341
  -0.726865
  -0.413333
  -0.745528
   -0.97698
  -0.438568
   -3.39973
   -4.91808
   -5.49612
   -4.07578
   -5.95473
   -6.93756
   -2.60804
   -2.22289
   -7.39571
    -1.6755
   -3.41977
   -3.28423
   -3.85018
   -2.18997
    -1.6829
   -2.14794
   -7.40628
   -6.45555
    -7.3528
   -5.13156
   -3.91582
   -2.32146
   -1.69569
   -1.41287
   0.221992
  -0.555297
   -1.85011
   -2.47097
   -2.06311
  -0.524655
   -6.33612
   -3.95785
   -3.36718
   -4.94684
   -2.84208
   -2.23292
   -8.72328
  -0.676728
   -1.49232
 -0.0968082
  -0.369217
  -0.454963
  -0.506218
   -1.37273
  -0.936104
  -0.806682
   -0.92677
    -1.3177
   -1.46608
   -1.20892
  -0.856799
    -1.6356
   -1.39441
   -1.05177
  -0.990151
   -1.22219
   -1.30873
   -1.14479
   -1.15918
   -1.08135
  -0.937432
   -1.32857
   -1.80875
    -1.6113
   -1.04555
   -1.15319
   -1.99943
   -1.76744
   -1.65542
   -9.92887
   -7.91036
   -9.05697
   -1.13011
  -0.961369
  -0.811557
  -0.539358
   -1.29906
  -0.527021
  -0.326826
  -0.721564
  -0.864384
  -0.406284
   -3.55314
   -3.24682
   -1.87847
   -7.11007
   -1.68283
   -3.55012
   -2.46481
   -1.06749
    -4.4045
   -1.26853
   -1.96829
   -1.16756
   -1.58311
  0.0649551
   -1.94316
   -1.69417
   -2.12346
    -2.4379
   -1.53853
   -5.48308
   -7.29276
   -2.12233
  -0.371451
   -1.26602
  -0.309647
   -0.23238
   -0.42594
  -0.447863
  -0.474262
   -1.21877
    -1.3078
  -0.740752
  -0.663023
  -0.912715
   -1.33628
   -1.03048
  -0.902197
  -0.897016
   -1.03484
   -1.22136
   -1.40363
   -1.55062
   -1.17066
   -1.17938
  -0.800553
  -0.897929
   -0.94157
   -1.49387
   -1.09094
   -1.25355
   -9.96184
   -10.1574
   -8.82882
   -1.38321
  -0.380316
  -0.439388
  -0.878623
   -0.35954
   -3.35595
   -3.07695
   -3.12132
   -2.35082
   -1.34225
   -1.18902
   -3.26284
   -3.75789
   -1.13758
   -1.53674
   -2.18442
   -1.73472
   -1.32699
  -0.524728
   -2.34616
  -0.130773
 -0.0363332
   -1.73115
  -0.915144
    -3.2108
  -0.609925
   -7.21711
   -6.41654
   -8.11906
  -0.503712
  -0.910063
  -0.475923
   -1.12238
   -1.35439
  -0.998662
   -1.42499
   -1.49621
   -1.30499
   -3.18505
  -0.801445
  -0.975409
  -0.838783
   -9.88839
  -0.658678
  -0.534732
   -0.43494
   -3.06835
   -2.77096
    -1.0407
   -1.51523
    -3.3376
   -1.12738
   -1.24604
   -0.77689
  -0.856007
    0.36259
   -1.52718
  -0.165553
   -1.80461
   -1.00995
   -7.99986
   -7.61223
   -6.76684
  -0.816871
   -1.29716
  -0.997826
   -1.29932
   -1.48018
   -1.53464
   -1.46344
   -2.06462
   -1.81059
    -2.0501
  -0.866653
   -1.05597
   -1.21422
   -1.21914
   -1.12617
   -1.20871
  -0.890295
   -1.62379
   -10.2033
   -10.3266
  -0.595012
   -0.66784
  -0.532228
   -1.86248
   -1.68201
   -1.22881
   -3.63301
   -1.72116
  -0.432223
   -1.25933
   -4.41544
    -0.3613
   -0.31556
  -0.753071
  -0.801476
   -2.44543
   -1.60473
  -0.231796
  -0.810042
   -1.09994
  -0.585552
  -0.774405
   -1.03703
   -4.92273
  -0.661679
  -0.697556
  -0.614256
  -0.638317
  -0.681759
  -0.754823
  -0.989583
  -0.766403
   -2.42129
   -1.94703
   -2.98194
   -1.10641
   -1.10374
   -1.50152
   -9.88113
   -9.84105
   -1.19366
   -1.22779
   -2.09048
   -2.94774
   -2.72442
   -2.92751
    -2.8489
   -1.42264
  -0.937706
   -1.36013
   -2.38822
   -1.69731
   -1.12389
  -0.367191
  -0.736466
   -1.13144
  -0.807324
   -0.67993
   -1.54873
   -5.65951
   -4.88705
   -6.03356
  -0.877275
  -0.703967
  -0.869439
   -1.83791
   -1.56073
   -2.61922
   -1.35473
   -1.86946
   -1.11763
   -9.49621
   -9.52785
   -1.02524
    -1.1828
   -1.23456
   -1.64812
   -1.85089
   -1.06731
  -0.947209
   -1.47058
   -2.08486
   -1.26679
   -1.66878
    -1.0607
  -0.121148
   -1.04116
   -0.23317
   -1.00293
   -6.79124
   -2.07528
  -0.827871
   -0.81635
  -0.535506
   -2.09715
   -6.30903
   -1.29092
   -1.92454
   -9.87656
   -8.84241
  -0.814445
   -2.98814
   -3.14101
   -1.92584
   -1.84382
   -2.01137
   -1.78836
   -1.91147
   -1.28116
   -1.12371
   -1.01473
   -1.51895
  -0.924812
   -2.59575
  -0.388604
   -1.20408
   -1.31246
   -1.02838
   -1.46402
   -1.06289
   -2.36146
  -0.507555
   -1.39935
    -4.0178
  -0.869103
   -5.13972
   -1.78475
   -2.43175
   -3.21288
  -0.941042
   -1.82223
    -1.2138
  -0.298105
   -5.42463
    -3.9341
   -1.73493
   -1.11676
   -3.68083
   -6.90487
   -4.76666
   -3.83329
    -2.0736
   -2.26419
  -0.838692
   -1.67826
   -4.33421
   -3.03148
   -4.88631
    -6.3145
   -5.24834
   -6.12425
    -3.7768
   -3.81107
   -4.56569
   -3.13986
   -3.71451
   -2.13122
   -2.67189
    -1.6011
   -1.83965
  -0.925286
   -1.43105
  -0.794089
   -1.31742
    -1.3424
    -1.8134
   -1.77634
   -5.36349
   -8.14325
   -2.41831
   -1.77659
   -3.17924
   -7.27059
   -3.58237
   -1.50813
   -5.39572
    -3.8397
   -3.09333
   -3.03185
    -5.6888
   -2.73777
   -4.23083
   -3.30828
   -4.07298
   -4.88839
   -4.75872
   -6.90202
   -7.29396
    -2.7461
   -3.14674
   -3.04727
   -3.39779
   -3.26707
   -2.86424
   -2.98785
   -3.09202
   -2.80124
  -0.841968
   -1.33305
  -0.199529
  -0.261013
  -0.750983
  -0.537896
  -0.372314
  -0.449196
   -0.55381
  -0.666513
   -1.37784
  -0.957897
   -1.20477
  -0.724625
  -0.274593
   -5.67945
    -6.7458
   -7.83086
   -6.29023
   -7.28121
   -8.08632
   -8.86504
   -8.24704
   -4.86745
   -3.25459
    -2.7039
   -2.42756
  -0.479195
  -0.716307
   -1.05188
  -0.886467
  -0.724646
  -0.874381
  -0.634909
  -0.654189
   -1.56705
   -1.20339
   -1.51629
   -1.89351
   -1.81448
   -1.37842
   -1.80948
   -1.23372
    -1.1203
   -1.50723
   -2.05794
   -1.60239
   -1.89105
   -1.58854
   -2.18651
  -0.641238
  -0.919491
  -0.553456
   -1.14049
   -1.28001
   -1.32712
   -1.57037
   -1.14338
  -0.988862
   -1.04222
    -1.3564
   -1.83062
   -1.05027
   -1.26466
   -1.87974
   -1.49216
   -1.17413
   -1.35702
    -2.1034
   -1.73258
   -9.64616
   -10.0056
   -9.75423
   -9.76468
   -9.93389
   -3.39827
   -3.50737
    -3.0831
   -3.33309
   -2.85064
   -1.23528
   -1.48207
    -1.2967
    -1.2301
    -1.0384
  -0.984615
   -1.21285
   -3.04294
   -1.69939
   -1.65771
   -1.73056
   -2.70141
  -0.968718
  -0.875695
   -1.46945
   -1.53546
   -2.21154
   -1.78404
   -1.74303
   -1.10634
   -2.12297
   -1.39226
   -1.77635
   -7.50558
   -1.27313
   -1.14167
  -0.799329
   -1.84712
  -0.496871
  -0.596206
  -0.592551
  -0.463038
  -0.582656
  -0.516196
  -0.505561
   -2.10483
   -2.91528
   -3.49288
   -2.46072
   -2.91483
   -2.62748
    -2.9417
   -2.61061
   -3.02211
   -1.95514
  -0.074866
   -1.10738
   -1.19175
   -5.67217
   -4.59321
   -3.89199
   -3.93812
   -4.54781
   -4.29149
   -3.10057
   -4.00608
   -1.85605
   -2.35141
   -1.36581
    -1.4344
   -1.76498
   -3.50326
   -2.90742
   -6.66826
   -6.41376
   -1.19552
   -1.27547
   -1.29916
   -1.43035
   -1.36161
   -1.29443
   -1.77113
   -1.51666
   -2.47154
   -2.62482
   -1.90724
   -1.81838
   -1.50014
   -1.05331
  -0.803865
    -2.2682
   -2.01789
    -1.9766
   -1.06081
  -0.710462
   -1.39156
    -2.5458
   -2.52565
    -3.0856
   -0.74846
  -0.947452
   0.326219
   -9.07755
   -9.03891
   -8.76888
    -7.6561
   -1.50606
   -2.52558
   -2.03321
   -2.35821
    -8.1419
    -1.0757
   -5.98514
   -3.06853
  -0.955038
   -1.72621
   -1.70547
   -1.36892
   -1.11377
  -0.538971
   -0.69993
  -0.497054
  -0.338268
     -5.241
   -2.46981
   -2.94821
   -1.79728
   -2.67314
   -2.86636
   -2.68674
   -2.89328
   -3.13034
   -2.85111
   -3.13293
   -2.16644
   -2.41666
    -2.0258
   -2.59686
   -1.50674
   -2.25114
  -0.549211
  -0.916676
   -2.10277
   -1.61708
   -1.29832
   -1.41124
   -1.65191
   -1.61413
    -1.1267
   -1.35904
  -0.563366
  -0.898396
  -0.625282
   -1.21007
   -1.12035
   -1.36216
  -0.972274
    -1.4922
   -1.74753
   -1.10261
   -2.41983
   -1.73754
   -1.95105
   -1.92857
   -1.91188
   -2.01427
   -1.93811
   -8.83103
   -9.73038
   -9.68808
   -9.78748
    -2.8689
   -3.17459
   -2.27237
   -2.54079
    -1.0714
   -1.37389
   -1.29119
   -1.47975
   -1.21119
  -0.730908
  -0.899039
   -1.29298
   -1.01685
   -1.58291
   -1.22097
   -2.47268
   -2.94656
   -2.28416
   -3.66616
   -3.42212
   -5.43242
   -8.27787
   -1.26039
   -1.30424
   -1.52336
   -0.81472
   -1.58254
   -1.33695
   -1.27219
   -3.09979
   -2.48822
   -0.63501
   -1.93858
  -0.860515
  -0.906862
   -1.04872
   -1.13651
   -1.08068
  -0.994257
  -0.922306
   -1.20575
  -0.902063
  0.0033436
  0.0502265
 -0.0328243
   0.180708
  -0.364324
 0.00809172
  -0.156313
  -0.194679
     0.4765
   0.317588
    -1.3702
  -0.842185
  -0.318129
   -5.45832
   -2.32376
    -2.4271
   -2.56416
   -3.56901
   -1.29484
   -3.22911
   -2.15839
   -1.86643
   -1.66388
   -1.29563
   -1.48128
   -2.27193
   -1.55823
    -1.8871
   -1.12665
   -1.63859
   -1.43762
   -2.02625
    -1.7573
   -1.37583
   -1.06437
   -9.67794
   -2.04497
   -1.05354
   -1.22776
   -1.21061
  -0.978588
   -1.43931
  -0.792031
   -0.94242
  -0.762285
   -1.25013
   -1.03552
   -1.05186
   -1.34766
   -1.34519
   -1.06794
   -1.13358
  -0.848511
  -0.923238
   -1.05771
    -1.2017
   -2.60183
   -2.50868
   -2.52101
    -2.8788
   -6.59687
    -7.0541
    -7.2944
   -8.41909
   -7.84116
   -8.64021
   -9.08995
   -6.68838
     -1.371
   -1.76581
  -0.904719
   -1.08656
   -1.65484
   -1.01787
   -1.38453
  -0.461417
   -1.37538
  -0.835363
   -1.34011
  -0.745434
   -2.05706
  -0.868949
   -1.10325
  -0.654497
  -0.951052
   -1.33877
  -0.956983
   -0.90731
  -0.702591
      -1.41
  -0.586327
   -2.01831
   -2.12551
   -1.21234
  -0.932026
  -0.756705
   -1.02188
  -0.922053
   -3.51152
    -3.3382
   -3.34303
   -3.13295
   -3.16988
   -1.68868
  -0.841602
  -0.820268
   -5.28465
   -2.41529
   -1.05659
   -1.03015
  -0.614302
   -5.46272
   -2.24414
   -1.23182
   -2.31643
   -1.62618
    -2.3163
   -2.67277
   -2.49446
   -2.13111
   -1.31135
  -0.123223
   -2.16667
   -3.07271
  -0.316722
   -1.18993
   -1.19293
  -0.426677
  -0.235602
  -0.929671
  -0.570419
  -0.281328
   -0.81595
  -0.988578
   -0.40607
   -1.12952
    -2.0729
   -1.12484
   -1.94439
   -2.30434
   -1.94864
   -2.19456
   -1.91162
   -1.57706
   -1.55763
   -1.89125
   -2.24701
   -2.70759
   -2.16695
   -2.07555
   -2.55539
   -2.70523
   -2.52966
   -2.43465
   -2.77653
   -2.37258
   -2.57655
   -2.45848
   -2.44895
   -3.08885
   -2.74103
   -2.26805
    -3.4556
   -2.32065
   -1.19771
   -2.91273
   -2.26645
   -1.54299
   -1.94604
   -2.67254
   -2.25338
   -1.50145
   -1.32434
   -1.25287
   -1.11364
   -3.37494
  -0.646321
   -1.19612
   -1.48444
   -1.16953
   -1.70978
   -1.27027
   -1.09122
   -1.08029
   -1.23713
   -2.40236
   -2.76518
   -2.44508
   -2.27044
   -1.76065
   -2.41221
   -2.14512
   -2.37768
   -2.11728
   -2.42644
   -2.31057
   -2.77274
   -1.81373
   -2.58623
   -2.15191
   -3.15877
   -3.23523
   -2.34813
   -2.56834
   -2.26141
   -8.84222
   -6.98452
   -1.40555
   -1.42838
   -1.30327
   -1.84133
   -2.51731
   -2.66211
   -2.37036
   -1.92366
   -2.30365
   -2.42629
   -1.76324
  -0.890135
   -2.35659
   -2.03577
   -2.47455
   -2.01607
   -1.06701
   -1.61674
   -1.27552
  -0.926021
   -3.40723
   -3.30363
    -2.6362
    -2.8635
    -2.9685
   -2.09521
   -2.94859
   -3.23662
   -3.09511
   -3.04609
   -2.53363
   -2.39727
   -3.43594
   -2.88724
   -3.29357
   -3.44586
   -2.85916
   -3.10497
     -3.494
   -3.54667
    -3.7488
   -3.26019
   -3.70784
   -3.45331
   -3.68264
   -3.77808
   -3.55453
   -2.09414
     -3.631
   -2.98378
   -3.52173
    -3.5097
   -1.24471
   -2.15334
  -0.172055
  -0.129968
   0.170273
  0.0890967
 -0.0483827
  -0.717639
   -1.68198
   -2.51139
   -1.93719
   -2.59794
   -2.64009
   -3.24368
   -3.00185
   -2.85159
   -2.32808
   -3.56511
    -1.9836
   -2.25955
   -1.29071
   -3.45634
   -1.33882
   -1.64537
   -1.23869
   -1.21438
   -1.18288
   -2.32368
   -2.51342
     -2.538
   -2.23075
    -2.4257
   -4.16792
   -1.47888
   -4.67026
   -7.94093
   -1.36914
   -1.30263
   -1.44024
   -1.46199
  -0.957979
   -1.19379
   -1.68761
   -2.19614
   -1.62708
   -1.52624
   -3.01651
   -3.25823
   -2.65709
   -3.89375
   -2.59999
   -2.66554
  -0.548056
    -3.3182
   -1.70444
    -3.3477
   -3.66474
   -2.54498
   -2.65876
   -2.80524
   -2.70394
   -2.31361
   -2.84826
   -2.97534
   -2.89479
   -3.03388
   -2.23848
   -3.08542
   -2.83172
   -2.55375
   -2.92101
   -3.02094
    -2.3784
   -2.65716
   -2.77035
   -3.02199
   -2.66912
   -2.29588
   -1.80656
   -1.79359
   -1.59598
   -1.98509
   -1.30663
   -1.32453
   -1.62004
   -1.27215
    -1.3644
   -1.49668
   -5.96559
   -1.48737
   -1.21898
   -1.50361
   -1.33283
   -1.75397
   -1.65649
   -0.85295
   -2.46039
   -1.85464
   -1.52058
   -1.30466
   -1.41628
    -1.9569
  -0.954799
   -1.25843
    -1.2922
   -1.33171
   -1.33044
   -2.13004
   -1.67786
   -3.19391
   -2.09317
   -3.03856
   -3.16297
   -4.55872
   -3.99406
   -1.55672
   -1.63487
  -0.951256
  -0.641285
  -0.629374
   -1.01571
   -1.31037
  -0.651312
   -4.26704
   -2.12788
   -1.60674
   -2.17001
   -1.74488
   -2.02524
   -1.53437
   -1.79045
   -1.26908
   -1.99694
  -0.849272
   -1.80307
   -1.86595
    -1.9797
    -1.7513
    -1.6239
   -1.86777
    -1.0675
   -2.72949
   -2.93574
   -3.54203
   -3.22459
   -2.73421
   -1.96992
    -2.1599
    -3.8181
   -3.21629
   -2.54939
   -3.30372
   -3.19775
   -3.20591
   -2.60351
  -0.568685
  -0.680095
   -1.46467
  -0.405172
   0.288112
  -0.852733
  0.0228352
   -2.25977
    -3.2235
   -2.33102
   -1.70256
   -2.13835
   -2.19548
   -2.63229
   -2.10872
   -2.75161
   -2.99093
   -1.43801
   -7.72098
   -2.81932
   -1.73815
   -2.35381
   -2.06584
   -2.32953
   -2.26857
    -2.4443
   -2.57784
   -2.55333
   -2.18058
   -2.08395
   -1.92332
   -2.22244
   -2.29158
   -2.14833
    -2.4319
   -4.65897
   -1.47519
   -2.63705
   -1.68735
   -1.59676
   -1.42537
   -2.33112
   -2.28153
   -1.35053
   -1.79574
   -1.55369
   -2.34131
   -2.68688
   -2.51174
    -1.6564
   -2.33867
   -2.14164
   -2.55406
  -0.848435
  -0.905342
   -1.54716
   -1.46596
   -1.81553
    -1.2924
   -1.15588
   -1.60803
   -1.86837
   -3.52132
   -3.49244
   -3.39384
   -3.51911
   -3.52569
   -3.33026
   -3.52194
   -3.06726
   -3.25803
   -2.86148
   -3.26413
   -1.92357
   -1.46894
    -3.9691
   -4.10143
   -3.40647
   -3.19106
   -2.14354
   -3.57694
   -2.85842
   -3.77367
   -4.37168
   -4.47995
   -6.65035
   -4.40657
   -3.87935
   -5.71144
  -0.366906
   -1.13074
   -2.20151
   -1.54742
     -2.761
   -2.82884
    -2.9939
    -1.5026
   -1.47158
   -1.24118
   -1.63314
   -1.64744
   -1.48906
   -1.32035
   -7.33367
    -7.4495
   -8.37751
   -5.70689
   -4.54283
   -7.81834
   -6.09197
   -2.14696
   -2.08112
   -2.60042
   -2.47006
   -2.73713
   -2.24437
   -2.36889
   -2.50141
   -3.22855
   -3.47012
   -2.56074
    -4.2395
   -2.76812
   -3.60261
   -4.04082
   -3.75013
   -1.78665
    -1.5006
   -1.52416
   -1.67082
   -1.63315
  -0.636917
   -1.08546
   -0.88046
    -1.4246
   -1.19251
   -1.36533
   -2.03182
   -1.52029
   -1.07234
   -3.10213
   -2.00512
   -2.97788
   -1.01291
   -1.28328
   -1.36634
   -3.44915
  -0.978203
   -1.77947
   -1.22729
   -3.01807
   -1.36416
   -1.14321
   -7.40504
   -6.09917
   -1.80319
   -2.20386
   -2.66867
   -2.96469
   -3.08441
   -3.49867
   -3.60673
   -3.59785
   -3.89995
   -3.09379
   -1.39935
   -1.45857
   -1.54536
   -1.79425
   -1.02305
  -0.987877
    -1.5975
   -2.40845
   -1.59021
   -1.78895
   -2.35743
    -3.4787
    -3.7847
   -4.31487
    -5.7225
    -4.2946
   -3.58721
   -6.88381
   -9.16929
   -3.87208
   -4.10542
    -3.3842
   -5.96369
   -8.73241
   -8.46697
   -9.64277
   -9.99232
   -6.42407
    -2.5245
   -3.45131
   -1.08661
   -1.19008
   -1.13374
   -0.86734
   -1.64276
   -1.01771
   -1.62794
   -1.68297
   -2.45939
   -7.89829
   -6.20551
   -7.86249
   -9.34982
   -2.80494
   -2.94759
   -3.12695
   -3.06741
   -5.28253
   -4.87796
   -1.95149
  -0.864993
   -2.46185
     -2.496
   -2.18408
   -2.58795
   -2.04244
   -2.43432
   -1.62326
   -5.51293
   -4.23165
   -7.81425
   -9.77693
   -10.1076
   -7.61265
    -5.6478
   -9.93404
   -9.30095
   -6.19458
   -8.90851
   -4.14286
   -6.81143
   -3.60472
   -3.40989
   -4.11449
   -3.83825
   -3.44354
   -4.01931
     -2.999
   -2.52095
   -2.90392
   -2.22656
   -2.48072
   -2.70356
   -2.68899
   -1.72168
   -2.29327
   -2.67015
   -1.99701
   -3.41974
   -2.31167
   -1.85716
   -2.39482
   -2.97207
   -2.58205
   -3.14599
   -1.94975
   -3.06744
   -3.42362
   -1.65578
   -1.90347
   -2.57989
   -1.93757
   -1.85003
   -1.93719
   -1.91103
   -1.80514
   -2.60835
   -1.48979
   -2.35501
   -1.67807
   -2.21348
   -3.19185
   -2.01748
   -1.74215
   -1.70282
   -2.18927
  -0.901068
   -1.99732
   -2.18368
   -2.40765
   -2.46227
   -2.54359
   -2.41786
   -1.24203
   -1.45931
   -1.49443
   -1.46685
   -1.75471
   -1.65393
   -2.19918
   -2.25464
   -2.34634
   -1.62767
    -2.0287
   -1.89551
   -1.99964
   -1.66397
   -4.78979
   -3.06879
   -4.55101
      -4.63
   -4.75588
   -4.17184
   -4.49456
   -1.90468
    -2.9126
    3.58507
   -5.11402
   -3.68562
   0.726476
   -4.64679
   -4.58519
   -3.15367
   -1.81378
  -0.513473
   -4.07955
   -5.15511
   -2.60276
   -3.81063
   -6.36653
   -2.19098
   -2.25891
   -4.86058
    -8.6788
   -8.81234
   -6.51917
   -4.51947
   -2.89917
   -3.58898
   -3.65703
   -3.64182
   -4.43894
   -3.12753
   -1.86421
   -2.24726
   -4.47626
   -2.18306
   -1.77812
   -3.52989
   -2.85934
   -1.51987
    2.89861
   -5.33539
   -6.26407
   -4.40839
   -4.12164
   -6.09837
   -2.96891
   -6.52763
   -6.72721
   -5.58198
   -7.03882
   -5.09975
   -1.10282
   -3.25965
   -4.82606
   -2.24462
   -3.06282
   -7.83353
   -6.89946
   -9.39728
   -9.30018
   -1.73268
   -2.18405
    -2.1538
   -4.04348
   0.228377
    3.26794
    1.95943
    1.26186
  -0.242853
   -5.24303
   -2.44751
   -2.45572
   -5.68159
   -3.45209
    -7.3357
   -8.10641
   -2.03183
   -1.92458
   -2.19861
   -2.34284
   -2.04393
   -4.05191
   -1.99503
   -1.87291
   -2.00174
   -3.07591
   -4.21471
    -2.0253
    -3.4263
     2.5603
   -3.23148
   -1.13049
   -2.48965
    -3.6265
   -2.06355
   0.901554
  -0.823074
    -0.3048
   -1.22978
  -0.607685
    1.90225
   -4.16752
   -3.24145
   -3.57113
   -2.60635
   -2.82131
   -1.88218
    -1.8965
   -2.47589
   -5.59974
   -6.78831
   -3.34938
   -4.09344
   0.952298
    1.69519
    2.08841
  -0.436495
   -1.56792
   -1.90393
   -2.16058
   -2.38521
   -1.08927
   -1.78706
   -6.76516
   0.121639
   -3.81238
      2.946
    1.53632
   -5.28668
    -2.1134
   -1.00392
  -0.928974
   -1.07892
   -1.01892
   -1.37745
   -3.07186
   -2.08112
   -1.36103
    -1.6848
   -4.37642
   -3.99734
   -2.81236
   -6.24917
   -4.20794
    -5.0093
   -4.68984
   -2.82663
    -3.8351
    -2.9342
    -2.8525
   -4.19426
   -5.81589
   -6.53948
   -6.99422
    -7.6251
    3.91314
   -2.49149
   0.215097
   -1.81878
   -1.05482
  -0.491451
   -1.64811
   -1.10158
   -3.89884
  -0.253068
   -1.76332
   0.385458
   0.689864
   -4.20611
   -4.58022
   -1.56001
   -1.47589
   -1.47284
   -1.35299
   -1.35346
    -2.7462
   -1.14857
   -5.52365
   -7.70733
   -8.07574
   -6.90068
   -3.10011
   -1.98534
   -5.75849
   -3.51872
   -2.88915
   -2.57332
   -2.92427
   -1.27865
   -1.43127
   -1.98635
   -4.21457
   -3.11257
   -3.26683
    2.14264
    2.98231
  -0.568571
    1.25049
   0.795951
   0.420975
  -0.431859
   0.922612
    0.64305
  -0.250986
   -0.70438
  -0.388559
   -1.18268
   -1.10666
   -1.66174
   -1.32064
    2.45355
    2.37807
  -0.465165
    -2.0342
   -1.33932
    2.52729
     2.8107
    3.07234
   -6.33328
   0.607535
   0.627807
   0.724958
   0.835421
   0.127864
    1.09327
    1.49622
    1.14047
   0.619609
   -4.41081
    1.75391
   -2.09081
    2.50304
   0.167876
  -0.445243
  -0.167745
   0.165159
    1.69248
   -2.84117
    1.90924
    2.81788
   -5.80122
   -2.86564
   -1.65047
 -0.0521918
   -2.37125
   -3.07282
   -2.01395
    -1.8774
   -2.86013
    -3.0759
   -3.13956
   -2.73676
   -2.14635
   -2.17971
   -2.54302
   -2.58733
   -2.28497
   -1.57342
   -3.86537
    1.77307
   -1.66443
   -2.05355
   -1.52006
    -2.4473
   -2.37507
   -2.39269
   -2.18591
    -2.2345
   -1.95683
   -1.88364
   -2.14578
   -1.52991
    -2.5099
    3.88359
   -1.38803
   -2.45633
   -1.07079
   -1.91504
  -0.111823
  -0.961913
    1.79308
     1.6155
   -3.63342
   -4.63709
   -7.13608
   -6.23498
   -2.50567
   0.650658
   -2.26172
    1.13934
   -1.84229
   -1.67225
   -1.86555
   -3.14871
   -2.40176
   -2.10853
    -1.8337
   -1.55608
   -1.59138
    -1.7198
   -1.70301
   -1.85668
   -3.82834
   -3.13127
   -2.29125
   -2.83235
   -3.91481
   -4.53436
   -4.55756
   -2.89801
   -3.17022
   -2.59602
   -3.31232
   -2.50256
   -1.15347
   -2.04324
   -1.75106
   -1.21211
   -1.71579
  -0.242355
    0.36701
   -1.51756
   -2.20221
  -0.461751
  -0.691452
  -0.815944
   -1.66282
   -1.08461
   -1.67613
   -1.01176
  -0.129361
   -1.17596
   -2.33239
   -1.97017
   -2.27287
   -2.26965
   0.967778
   -1.23646
   -5.61569
   -3.22471
   -3.44677
   -5.86624
   0.329423
   -4.63099
  -0.369177
   -6.50241
   -6.62145
   -5.27022
   -6.63526
    -6.6477
   -6.29877
   -5.07498
   -5.47293
  -0.794892
   -1.81669
   -5.79346
   -2.25268
   -3.93216
   -3.06721
   -3.49262
   -4.64234
   -2.69753
   -3.39089
   -4.75641
  -0.937371
   -3.93016
   0.903894
   -2.23577
   -2.29463
   -5.15117
   -4.82286
  0.0880311
   -2.73486
   -4.33917
    -1.0373
   -5.09159
   -5.86972
   -3.29224
   -4.44707
   -1.09424
   0.218565
   -3.35233
   -2.93305
    4.38336
       1.63
    3.23071
    2.98612
    1.89017
    1.24285
   0.529287
   -2.64115
    -1.3813
    -1.0356
  -0.943912
   -1.45142
  -0.446293
    -2.6777
    -2.8407
   -2.90217
    -2.3844
   -7.38228
   0.749848
   -3.46676
   -1.73396
   -1.68232
  -0.885846
 -0.0292049
  -0.690582
   -1.01239
   -1.60663
   -1.83039
   -4.05653
   -1.63479
   -1.70793
   -3.41114
   -2.68389
   -2.63829
   -2.68256
  -0.824673
   -1.31069
   -2.47671
   0.701014
   -2.45042
   -4.82837
   -3.01868
  -0.799757
   -1.33807
   -1.74429
   -1.56185
   -1.63366
   -1.05623
  -0.670254
   -7.87861
    -3.5081
   -3.22213
   -2.04613
   -5.85025
    -6.2681
    -6.0045
   -5.82638
   -6.33652
   -5.76876
   -4.03499
   -5.40997
   -2.36137
   -3.66218
   -5.17283
   -4.59463
   -5.04493
   -0.76647
   -1.02721
  -0.318755
   -1.37568
   -2.41997
   -2.32178
 -0.0362072
    0.44701
   -5.65956
   -2.32217
   -2.34194
   -2.58287
   -5.58284
   -3.86992
   -4.31991
   -9.17912
   -6.22361
   -3.51235
   -2.59058
   -2.82947
   -3.24898
  -0.381536
  0.0354417
   -1.36359
   -3.77902
   -6.65747
   -4.04505
   -3.75254
    -5.2294
   -5.12928
   -3.33632
   -2.05851
  -0.718218
   -4.62354
   -2.77785
   -3.48597
   -5.61492
   -7.54446
     -6.687
   -5.15587
   -4.56526
   -4.78921
   -3.30877
    -3.1875
   -3.14929
   -2.11509
   0.496895
    2.32616
   0.828913
    1.54555
   -2.84799
   -2.19595
   -6.34289
   -4.61539
   -4.14226
   -4.27982
   -4.31834
   -3.01067
   -4.11955
   -4.62795
   -3.90223
   -7.21821
   -6.44152
   -6.01176
   -5.31611
   -3.38811
    -2.2786
   -4.46641
  -0.717222
   -2.65399
   -1.15897
   -4.22684
   -7.88977
   -7.44107
   -7.34204
   -6.71153
   -5.32009
   -7.35524
   -5.81807
   -8.81322
   -7.38307
    3.26275
    2.15344
   -8.54036
   -1.58953
   -3.94886
   -5.06933
   -2.69425
   -1.74933
   -4.70619
   -6.06132
   -4.17375
   -3.13794
   -2.19401
   -2.87219
  -0.283852
   -8.32753
   -6.57445
   -4.80223
   -3.26074
   -8.26947
   -7.62838
   -6.91627
   -8.25395
   -8.26243
   -6.63856
   -5.88727
   -5.90868
   -6.72942
   -2.03254
   -4.80066
    -5.5614
   -2.21729
   -2.93096
   -2.07647
   -2.17414
   -3.06822
  -0.670547
   -1.39497
   -5.96795
   -6.34362
   -8.95101
   -4.08394
   -6.26189
   -5.49691
   -1.39755
   -1.81949
  -0.990765
   -1.15901
   -2.07926
   -1.27373
   -1.76426
   -1.38841
   -2.50118
   -2.44478
   -1.47294
   -2.21685
   -1.47827
   -2.48284
   -1.81615
  -0.803065
   -1.51886
   -6.92963
   -1.13163
   -8.77841
   -8.61852
    -6.5796
   -5.92824
   -6.24209
   -4.49894
  -0.867501
   -2.72639
    -2.2356
   -3.85505
   -3.20184
   -4.38935
   -5.89317
   -2.03012
   -2.30413
   -2.79355
   -5.79314
   -5.49904
   -5.59449
   -2.22581
   -4.01432
   -3.24575
   -3.94181
   -5.78177
   -2.88737
   -4.88502
   -1.59392
   -2.83671
  -0.774638
   -1.91006
   -2.59152
   -7.21314
   -5.74982
   -7.30825
   -5.38122
   -7.11442
   -2.84684
   -2.02454
   -1.53041
   -5.88636
   -6.54897
   -2.73174
   -4.50892
   -6.86438
   -3.80576
   -7.93359
   -3.65393
   -2.03078
   -8.29095
   -3.14165
    -2.4341
   -2.07507
   -2.94207
   -2.40982
   -7.39738
   -5.55316
   -4.70054
   -5.10703
   -6.17673
   -5.18665
   -4.60029
   -1.86836
   -4.95539
   -7.96288
   -6.50005
   -5.97177
   -6.21223
   -4.37476
    -2.1364
   -1.73347
   -2.75593
  -0.368898
  -0.465396
  -0.403703
  -0.485661
  -0.510331
  -0.465538
  -0.419797
  -0.473069
  -0.488213
  -0.302856
   -0.56642
  -0.622697
  -0.512975
  -0.568959
  -0.517494
  -0.528826
  -0.590415
  -0.487417
   -0.83314
  -0.712564
  -0.743238
  -0.705701
  -0.835934
  -0.634604
  -0.830749
  -0.576298
  -0.660685
   -1.03599
  -0.711868
   -1.17895
   -1.28282
  -0.696807
   -1.07185
   -1.23186
  -0.691578
  -0.867877
   -1.03568
   -1.01005
   -1.30582
   -1.21039
   -1.44417
   -1.08442
   -1.55254
  -0.732468
  -0.831658
   -0.65714
  -0.873823
   -0.83898
   -1.05021
   -1.61408
   -1.37132
   -1.59148
   -1.87987
   -1.37703
   -1.59821
  -0.538204
  -0.634359
  -0.572643
  -0.667607
  -0.641676
   -5.02502
    -6.0008
   -3.72479
   -3.93241
   -4.75423
   -4.20386
  -0.924117
   -1.76583
   -1.43822
   -1.37141
   -1.55125
   -1.73386
   -3.73762
   -4.95076
   -1.04682
   -1.05569
    -1.0421
   -1.65602
    -2.0221
   -1.95835
   -2.06833
  -0.818313
  -0.570333
  -0.946163
  -0.947341
  -0.982338
   -1.13452
   -1.09563
  -0.948881
   -1.31542
   -1.31404
   -1.28835
  -0.651343
  -0.862247
  -0.671039
   -0.61078
  -0.627509
   -0.73935
   -0.66182
  -0.544255
  -0.731631
  -0.654067
  -0.747381
  -0.726362
  -0.504633
  -0.264286
  -0.926648
  -0.999288
   -1.04487
  -0.947344
   -1.23892
   -1.04216
   -1.31921
   -1.64724
   -1.42978
   -1.82738
   -1.69032
    -1.5842
   -1.62743
   -1.77325
  -0.542258
   -5.13025
   -1.28268
  -0.619077
  -0.827543
    -0.4456
  -0.594129
  -0.777192
   -1.34779
  -0.812636
  -0.772144
   -2.44483
   -2.31823
   -2.26646
    -2.2037
   -2.34817
   -2.30237
   -2.37942
   -1.99082
   -2.40513
   -1.66446
   -3.34998
   -2.72593
   -1.86763
   -2.13593
   -5.26555
   -3.98165
    -2.9389
   -1.67065
   -1.53293
  -0.829622
  -0.949756
   -2.92335
   -3.31727
   -2.32751
   -4.10682
   -1.66388
   -2.17159
   -2.09044
   -1.93384
   -2.05706
   -2.02152
   -6.02886
   -7.03573
   -1.98189
   -2.18143
   -1.81752
    -2.2514
  -0.793848
  -0.620465
   -2.73676
    -3.1051
   -3.65976
   -3.26277
   -3.47272
   -3.04757
   -3.25081
   -3.08462
   -3.70888
   -3.34127
   -2.63221
   -2.28245
   -1.99207
   -2.34015
   -1.72361
   -2.22046
   -2.85648
   -2.66059
   -2.40633
    -3.1424
   -3.28705
    -3.2413
   -3.05151
   -2.59387
   -3.31948
   -3.11626
   -2.63155
   -3.47137
   -3.25292
    -1.9489
   -2.43683
   -2.73509
   -2.25154
   -1.40067
    -1.4333
  -0.994778
   -1.68688
   -1.29633
   -1.55841
   -1.53231
   -1.63534
    -1.4104
   -1.93445
   -1.15711
   -1.54057
   -1.08071
   -1.44035
     -1.613
   -1.72604
   -1.51888
    -1.4368
    -1.3887
   -1.11047
   -1.09506
   -1.12915
   -1.11139
   -1.74959
   -2.16048
   -2.46558
    -2.3884
   -2.29316
   -2.57704
   -1.98793
   -1.71083
   -1.73685
   -1.82431
   -1.16782
   -1.12089
   -1.04604
   -2.89743
   -2.62446
   -2.84536
   -2.98912
   -3.06006
    -3.0413
    -3.1331
   -2.80274
   -3.05555
   -3.15198
   -3.17295
   -2.96282
   -3.02215
   -2.72325
   -2.96572
   -2.67112
   -2.22847
   -2.44061
   -2.68813
    -2.7964
    -2.6286
   -2.18855
    -2.2863
   -1.59757
   -1.17875
   -1.45445
   -1.59846
   -1.39925
   -1.75078
    -1.4287
   -2.16139
   -1.45055
   -1.67942
   -1.97862
   -1.99812
   -2.36554
   -2.08418
   -2.16337
   -1.94808
   -2.04206
   -2.44329
   -2.28906
   -2.26559
   -2.39391
   -2.82576
   -2.64827
    -2.4913
   -2.29885
   -2.18389
   -2.39405
   -2.18269
   -1.05662
   -2.61887
   -2.47815
   -2.08457
   -1.89216
   -2.77227
   -2.59647
   -2.87494
   -1.47709
    -1.2811
    -1.8681
   -1.97803
   -2.17499
   -2.17902
   -2.04296
   -2.24374
   -2.44255
   -2.30918
   -2.17854
   -2.24368
   -2.20286
   -2.25703
   -2.26061
   -2.23428
   -2.45893
   -1.98638
   -2.31973
   -2.68998
   -2.22243
   -2.28862
   -2.22451
   -2.59248
   -2.32256
   -2.12862
   -1.11815
   -1.11433
   -1.14375
   -1.10075
   -1.30747
   -1.00061
   -1.33214
   -1.08675
   -2.94362
   -1.78826
   -2.09888
   -2.47355
   -2.35387
    -2.2861
   -2.61273
     -2.265
    -2.6257
   -2.59283
   -2.62483
   -2.71115
   -2.43308
   -2.20643
   -2.39363
   -2.34032
   -2.60147
    -2.7538
   -2.74808
   -2.64165
   -2.32218
   -2.57073
   -2.56658
   -2.53451
   -2.80973
   -2.68866
   -1.62508
   -2.09419
   -2.79687
   -2.54832
   -2.85544
   -2.80159
   -2.92811
   -2.70156
   -2.97496
    -2.8629
   -2.89203
   -2.85021
   -2.64747
   -2.84864
   -2.82026
   -2.85456
    -2.7758
   -2.62543
  -0.531765
   -2.58628
   -2.50732
   -2.41019
   -2.53907
   -2.04197
   -2.56357
   -2.52826
   -2.83188
   -2.84623
   -2.71396
   -2.69314
   -1.99185
    -2.9239
   -2.51108
   -2.40786
   -1.01758
   -2.80352
   -2.06853
   -2.88266
   -2.33149
   -2.87629
   -2.35909
   -1.92952
   -2.60207
   -2.50644
   -1.67687
   -2.30458
   -2.17746
   -1.72638
    0.64291
   -1.48186
  -0.414679
   -1.69623
   -1.25616
  -0.855771
     0.9327
  -0.688298
 -0.0997062
   0.394514
   -1.47557
  -0.939696
  -0.432739
   -1.06031
   -1.92219
   -2.68088
   -1.39503
    -2.5606
   -2.02981
   -2.03343
   -1.56878
    -2.0888
   -1.46756
   -2.08934
   -1.55402
   -1.20565
   -1.17105
    -1.0479
   -1.44239
   -1.38606
  -0.291736
  -0.694538
   -1.19876
   0.148794
  -0.156792
   -3.05611
   0.672762
   0.758806
  0.0070079
    1.69184
   0.134211
   -0.79092
  0.0141891
     1.0901
    1.26678
   0.974743
    1.73312
    1.41058
    1.39355
   0.737327
   0.423459
   -1.67727
   0.176183
    1.36885
   0.180559
   -2.62114
   -2.75614
   -2.54828
   -2.28872
   -2.49342
   -1.80222
   -1.46841
    -1.7293
   -1.36635
   -1.76433
   -1.54576
   -2.15922
  -0.888131
   -1.18843
   -1.21409
   -1.61901
  -0.793944
    1.62377
    1.93064
   0.774523
    1.13014
    1.72907
   -3.55962
   0.824138
  -0.435159
   -2.71742
   -2.09429
   -1.86196
    -2.5673
   -2.16584
   -2.26565
    -1.7259
   -1.36031
   -1.98374
   -2.34223
  -0.600714
   -1.39941
   -1.55922
   -1.42291
  -0.499809
   0.999153
    -1.6509
  -0.153669
   0.237877
   0.606148
   -1.80704
  -0.636025
   -2.33197
   -2.11488
   -2.24327
  -0.943581
   -1.01372
  -0.838983
  -0.498468
  -0.309061
  -0.391495
   -1.06427
  -0.249264
   -1.03718
 -0.0208164
  -0.257122
   -1.05271
   -1.90542
   -0.24894
  -0.314159
   -1.51471
   -1.33406
  -0.535788
   -1.55729
   -1.78862
  0.0517294
   -1.00311
   -1.40425
   -2.10412
   -1.82793
   -1.29641
   -1.73107
   -1.37373
   -1.87953
  -0.394627
  -0.766056
  -0.922768
  0.0106018
   -1.79295
   -4.15365
    -5.9902
   -4.95867
   -8.23997
   -5.24581
    -2.8184
   0.207516
     -1.812
  -0.725863
  0.0115674
   -1.52482
  -0.882584
   -1.03971
 -0.0776602
    0.12587
  -0.662596
  -0.696688
   -3.11627
  -0.289618
 -0.0534713
  -0.238292
  -0.431165
   -6.00114
   -1.32208
   -5.26209
   -2.89266
   0.196443
  -0.574188
  -0.463924
   -2.75208
  -0.108723
  -0.980103
   -7.37667
   -8.31343
  -0.347734
   0.119436
   -1.83813
   -5.24946
   -2.19716
  -0.825967
   -3.52092
   -2.06976
   -4.25502
   -4.36131
   -3.57653
   -4.73153
   -2.64378
   0.123943
  -0.169931
   -1.97679
   0.231166
   -1.60814
    1.38519
   -7.93191
   -1.89696
   -4.99845
   -2.96773
   -2.52062
   -5.11901
   -3.94787
   -1.80795
   -6.50389
   -8.99918
   -4.13981
   -7.70665
   -7.11676
   -6.91764
   -7.70242
   -6.68525
    -7.1065
   -9.59066
   -9.25044
   -2.53688
   -1.16864
   -2.12227
   0.166796
  -0.129251
  -0.725168
  -0.841565
  -0.579757
  -0.191518
   -1.49185
   -3.35742
   -4.51774
   -4.49224
   -9.59559
   -7.52241
   -5.67576
   -6.48538
    -7.1649
    -12.688
   -2.27772
  -0.084862
   -3.04232
   -5.44032
   -8.89681
   -5.82306
   -10.4728
   -11.8847
    -9.6692
   -6.97776
   -4.01024
   -8.52921
   -10.5241
   -8.34703
   -8.09948
   -1.22291
   -2.51862
   -1.23364
   -3.11506
   -2.55263
   -2.16662
   -1.38891
   -2.99792
   -2.04529
  -0.952908
   -1.20372
   -2.75843
    -2.4787
   -1.86702
   -2.15031
   -2.59268
   -2.40618
   -2.59717
   -2.32015
   -3.13123
   -4.85065
   -3.24045
    -5.1384
    -3.5296
  -0.732611
   -0.45094
  -0.174551
   -1.43308
  -0.309796
  -0.664874
   -1.57404
  -0.921607
   -1.84334
   -7.22635
   -4.18671
   -2.02001
    -2.9318
   -5.73525
   -7.53121
   -3.97533
   -4.85378
   -5.25634
   -5.76341
   -7.58252
   -6.46642
   -5.13215
   -8.06605
   -4.19491
   -10.4776
   -10.7602
   -8.96775
   -1.72073
   -7.31591
   -9.44732
   -10.9967
   -13.1653
   -10.3528
   -11.7294
   -1.69379
   -4.85002
   -9.02838
   -1.42469
   -1.63451
   -1.11338
   -1.79662
   -1.51325
    -2.0475
   -1.60534
   -2.15771
   -1.12402
  -0.948339
   -1.16431
   -2.67551
  -0.275842
  -0.201881
   -1.21832
   -3.50849
   -3.50304
    -3.6468
   -3.63129
   -2.63694
   -3.50567
    -3.5333
   -3.57123
   -3.50157
   -3.73104
   -3.63717
   -3.19374
   -3.18926
   -2.47594
  -0.699802
   -2.44902
   -1.55571
   -1.81654
   -1.71612
   -1.78454
    -3.2222
  -0.856797
  -0.694031
  -0.811566
  -0.710481
  -0.601904
   -2.62523
   -2.34023
   -2.36056
   -3.20989
  -0.676624
   -1.29046
  -0.811214
   -1.20233
   0.323026
  -0.102163
  -0.337921
  -0.730993
  -0.773498
   -3.01178
   -3.93559
   -3.64512
  -0.899724
  -0.466067
  -0.380318
   -1.57224
  -0.459018
  -0.185989
   0.196539
  -0.900009
   -1.91186
   -2.75117
   -1.54202
   -3.55019
   -3.28192
   -3.81614
   -2.19602
   -4.00376
   -2.31937
   -3.12991
   -1.29912
   -3.00896
  -0.854724
   -1.79399
   -3.65537
   -4.09006
   -3.41751
   -3.81594
   -3.79283
   -3.94094
   -3.58433
    -3.5985
    -3.7391
   -1.12205
   -2.84262
   -2.18086
   -2.87217
   -2.16063
   -2.18879
   -3.47952
   -2.84263
   -3.23359
  -0.678587
    -4.4516
    -3.2784
   -1.52726
   -1.04961
   -2.19399
    -2.9475
    -2.1738
   -1.94737
   -2.19414
   -1.08205
     -1.555
   -3.34304
   -3.05171
   -3.42567
    1.30305
  -0.568383
   0.283943
   0.130935
    1.40152
   -4.34038
    0.38976
 -0.0504248
    1.29031
    1.03681
    1.41208
  -0.546882
    1.75058
-0.00919643
   0.903048
   0.652033
    0.03525
   0.355397
    1.85771
    1.10902
  -0.010386
   0.247556
  0.0782333
  -0.515134
  -0.230664
   -3.15275
   -0.20267
   -1.47787
  -0.428594
   -2.33898
  -0.963449
  -0.112889
  -0.887249
   -1.36169
    0.87612
   0.367831
    1.85397
 0.00557388
  -0.143702
  -0.480272
  -0.993679
  -0.826172
  -0.910713
  -0.517632
  -0.776388
   -1.10224
   0.512692
  -0.848781
   -3.48382
   -1.00848
   -1.22192
   -1.25223
   -1.76218
   -2.38716
   -1.22053
   -2.03196
   -1.46287
   -3.72342
   -5.98678
   -6.46498
   -2.03464
   -2.09915
   -2.89418
   -2.82026
   -2.26895
   -1.18997
   -1.07809
   -1.33349
    -3.6301
   -2.56774
   -1.73233
    -2.4009
   -2.02954
   -2.42603
   -3.30513
   -1.63451
   -2.63476
   -5.40467
   -4.10894
    -3.8942
   -3.19322
   -3.03325
   -1.02263
   -4.11408
   -2.17628
   -3.55068
   -4.05068
   -4.75643
   -4.26803
    -4.8975
   -5.07046
   -4.85435
   -4.61811
    -1.7963
   -1.72106
   -4.75119
   -6.00384
   -5.27003
   -2.37424
   -5.75014
   -5.36422
   -4.60367
   -5.94958
    -4.2814
   -5.35549
   -7.57533
   -2.20798
  -0.335164
   -1.88442
   -2.15175
   -2.38032
   -3.67193
   -4.26208
   -2.90968
   -2.93567
   -2.51741
   0.596948
   -1.92325
   -9.39741
   -8.83901
   -7.52404
    -6.8844
   -3.39686
   -1.63352
   0.208346
   -1.08246
   -2.68831
   -7.92437
   -8.24249
   -7.64074
   -6.73649
   -6.91297
   -5.79836
   -9.33441
   -4.80349
   -2.60958
   -1.72974
    -1.0248
   -8.44893
   -8.21172
   -9.39851
   -7.06248
   -8.53082
   -5.15668
   -7.60478
   -6.90514
    -2.9929
   -4.72288
   -4.26999
   -8.12921
   -5.40245
   -3.12217
   -4.49791
   -5.86031
   -7.72429
   -8.58933
   -9.14376
   -4.95435
   -4.11902
   -2.48014
   -3.78218
   -5.77752
   -7.01833
   -5.81051
   -2.01705
  -0.952184
   -1.51387
   -3.54503
   -4.79187
   -5.00871
    -2.7928
   -2.94387
   -4.06617
   -1.52964
    -2.8293
   -2.15473
   -1.97991
   -1.94664
   -4.93316
   -6.60455
   -2.51355
   -6.02713
   -5.79831
   -2.76044
   -5.35654
   -3.03783
   -3.49387
   -3.03917
   -3.98384
   -2.50095
  -0.996816
    -1.6822
  -0.674067
  0.0834461
  -0.263474
  -0.833982
   0.441619
   -1.16162
  -0.208689
   -1.18426
   0.745856
 -0.0516258
   0.323164
   -2.20489
   0.448633
    0.14118
   -1.47289
   -4.43055
   -2.83906
   -3.40343
   -3.77018
   -5.31677
   -4.19733
   -4.94824
   -3.71566
   -2.55695
    0.51244
    -1.3756
    -1.3067
   -1.33456
   -1.94479
   -4.35551
   -3.31797
   -5.55905
   -6.86216
   -4.90617
   -2.37855
   -2.65306
   -2.08275
   -1.71962
   -4.69489
   -7.29271
   -7.96792
   -8.32349
    -6.9919
   -6.72445
    -7.9439
   -7.62573
   -7.13202
   -6.55759
   -4.70325
   -7.75868
   -5.40659
    -5.3255
    -7.9135
   -4.07734
     -7.393
   -7.87982
   -1.37757
    -1.4179
   -7.14776
   -4.16021
   -4.57821
   -1.13461
   -1.13157
   -6.70267
  -0.994555
   -2.26702
   -7.45815
    -2.9073
   -6.49744
   -7.46793
   -7.33423
     -3.539
   -5.02053
   -5.73659
   -7.97356
   -7.60036
   -8.23099
   -8.20422
   -7.73935
   -10.1668
   -9.20166
   -6.94656
   -7.25632
   -8.05632
    -8.0954
   -6.07422
   -2.86322
   -7.71506
   -5.24207
   -3.83578
   -4.97279
   -9.83398
   -6.10908
   -9.38118
   -8.75594
   -10.2223
   -9.04108
   -5.73279
   -9.61731
   -1.65568
    -1.0759
  -0.994594
   -1.26699
    -5.2523
   -2.18134
   -9.31518
   -7.89268
   -7.27474
   -8.62508
    2.48581
   -4.64449
   -7.05643
   -1.44411
   -1.05496
   -1.18092
  -0.914804
   -1.17498
   -1.16942
  -0.921205
   -1.27206
   -6.91899
   -9.41446
   -7.34118
   -1.03329
   -2.49015
   -1.31754
   -0.89607
  -0.926937
  -0.764094
   -1.02667
   -1.16852
   -7.30076
   -7.69867
   -3.59946
   -0.96015
   -7.88283
    -8.1655
   -6.68997
   -7.60684
   -7.28477
   -7.20116
   -6.12923
   -5.69277
   -6.77416
   -6.97246
   -6.53731
   -6.28931
   -2.80744
   -5.33558
   -1.46579
   -4.83237
   -3.82979
   -2.71595
    0.68783
  -0.245906
    1.52228
   -4.03361
   -1.82309
   -1.89928
   -1.85249
   -2.09452
  -0.802865
  -0.823641
  -0.820216
  -0.933588
   -2.99297
    -1.2822
   -1.09365
   -1.31718
   -1.55636
  -0.873404
   -6.56307
   -5.31164
   -7.14843
   -2.18286
   -2.93807
  -0.780414
   -1.09204
   -1.22235
   -0.95434
  -0.852896
   -1.46906
   -1.43145
   -1.29738
   -1.13808
   -1.06496
  -0.931548
   -1.05557
   -1.21876
   -1.18769
   -2.24852
   -2.71458
   -1.15468
  -0.420209
   -1.55785
   -1.33802
   -1.02412
  -0.349339
   -0.11513
   -1.62377
  -0.604926
 -0.0218066
  0.0289079
   -1.77078
  -0.753405
  0.0479876
   -1.04436
  -0.591501
  -0.296199
   -2.40444
   -6.01513
   -2.33547
   -1.04191
  -0.604268
   -1.52067
   -1.72131
    -1.8984
   -1.29786
   -1.57779
   -1.25682
    -3.8708
   -1.50194
   -2.67854
   -6.20624
   -4.54889
   -11.7223
   -9.89341
    -9.2184
     -5.954
   -4.61123
   -5.40352
   -5.88554
   -3.98178
   -5.18265
   -2.58968
   -1.97316
   -2.31598
   -1.40943
   -3.35473
   -1.96968
  -0.867942
   -1.76864
   -4.01852
   -3.04762
   -7.36094
   -6.86877
   -9.97638
   -7.35304
   -5.17986
   -10.4699
   -8.00468
   -8.85262
   -2.05486
   -3.17354
    -13.792
   -9.32151
   -8.83903
   -5.67891
   -6.74406
    -13.184
   -7.08177
   -5.50524
   -12.9673
   -13.3562
   -13.1178
    -11.902
   -1.93741
   -2.11345
   -1.09365
   -3.20812
   -3.22416
   -3.58356
   -3.77495
   -1.14635
  -0.153533
  -0.544959
   -1.04162
   -1.69511
  -0.611311
   -2.73487
   0.636983
   -2.56005
   -3.17376
   -3.24505
    -2.1179
   -2.18466
   -2.72723
   -5.60785
   -5.72884
   -5.29252
   -4.98775
   -4.17647
   -3.74517
    -5.0366
    -6.1954
   -4.60082
   -3.39527
   -5.38883
   -5.96876
   -3.57035
   -3.58299
   -5.24413
   -3.79549
   -6.03374
   -6.43811
   -6.73582
   -3.78451
   -3.68968
   -3.57602
    -3.2392
   -4.40918
    -3.6913
     -3.451
   -2.76475
   -4.81499
   -4.63532
   -4.55156
   -4.66236
   -4.66207
   -4.38955
   -4.76083
   -4.15232
   -2.04317
   -3.52233
   -3.85143
    -1.1013
   -6.84647
   -1.92436
   -2.67088
   -6.10602
   -2.52669
    -1.1195
   -3.11007
   -5.19847
   -4.27698
   -4.69543
     5.9336
    2.24509
    0.38197
   -3.16266
   -2.96101
   -2.54249
   -2.53183
   -3.41189
   -3.32992
   -3.43065
   -1.91794
   -4.07657
   -3.58623
   -1.67506
   -4.17824
   0.582424
   -3.04472
   -6.30521
   -8.68394
   -7.61672
   -4.26145
   -3.56357
    1.76978
-0.00551754
   -1.86903
   -1.54376
   -1.48628
   -1.17545
   -2.18607
   -3.06507
   -3.07525
   -2.70891
   -5.01083
   -3.56007
   -4.64951
   -4.81828
   -3.62335
   -5.65749
    -4.6729
   -5.46112
   -4.34453
   -4.28968
   -4.78886
    2.77713
    4.86725
    2.18019
    5.47281
    2.98675
  -0.502137
   -1.78622
   -4.22495
   -5.24665
   -6.43498
   -5.87323
   -6.07906
   -6.08012
   -12.5448
   -4.70304
   -9.11311
    -2.9047
   -3.11066
   -1.41075
   -6.97716
   -9.59869
   -6.60741
   -8.14081
   -3.86714
   -1.74441
    1.72916
    6.15652
    4.04291
      3.413
   -2.64153
   -4.00793
   -3.87719
   -4.29618
   -5.06062
   -2.95886
   -3.14601
   -7.52236
   -3.54224
   -3.36642
    -3.5916
   -6.04245
   -6.32872
   -6.31733
   -7.17657
   -5.24125
   -6.86995
   -5.48443
   -5.89136
   -6.16227
   -4.76322
   -7.12536
   -7.53974
   -6.82152
    -6.5629
   -5.89914
   -7.37996
   -6.25012
   -9.54876
   -2.46106
   -3.97981
   -1.75008
   -1.97996
    2.49753
    1.06342
  -0.383546
   0.903917
   0.471446
  -0.381096
     2.3261
    4.23704
    2.27062
    4.90083
    6.55588
   -8.60211
   -12.4902
   -6.60903
   -3.15683
   -10.6378
   -2.95814
   -4.83628
   -6.14742
   0.202126
    1.72328
   -0.59586
    4.61684
    2.76714
    5.32576
    4.23443
    5.29781
    -11.267
   -11.1087
    -9.3314
   -9.61498
    -6.0986
   -2.19307
     9.1187
   -6.74966
    7.44434
    6.54413
   0.784789
     6.1096
     3.6838
    3.07809
   -3.60675
   -1.64288
  -0.193179
   -4.84586
   -4.93754
   -4.57516
   -4.96807
    -5.4873
   -5.55077
   -4.32552
   -5.26691
   -4.70871
   -3.15734
   -4.15787
   -3.40404
   -7.08715
   -5.21264
   -3.52847
   -3.15882
   -4.34446
   -5.05375
   -5.69271
   -5.73149
   -5.12253
   -5.55733
    -3.3106
    -4.7544
   -5.61558
   -4.20733
   -6.58213
   -1.79898
   -5.08167
   -5.85513
   -2.81244
   -2.16748
   -5.63885
   -3.90497
   -2.45189
   -2.48586
   -4.96585
  -0.683419
   -4.59384
   -1.03562
   -4.65586
   -3.69461
   -6.18591
   -5.15573
    -4.8042
   -3.42359
   -4.37786
   -3.83141
   -4.77073
   -0.90743
   -1.13634
   -2.71657
   -2.05566
   -1.76628
   -2.40033
   -3.56201
   -5.77504
   -4.66776
   -8.56445
    -4.3444
    -3.6313
   -1.10065
   -3.47651
   -2.17244
   -3.24408
   -3.41944
     -6.602
   -6.86242
    -5.6557
    -6.4128
   -3.16006
   -4.31487
   -3.88609
   -4.71262
   -5.15004
   -3.54074
   -2.49181
   -4.03648
   -8.85806
   -6.78184
    -8.8527
   -5.65666
   -6.74334
   -7.87886
   -8.71802
   -6.85643
   -3.85629
   -2.47264
   -2.63717
   -2.69959
   -2.24717
    1.69982
   -1.13738
  -0.792778
   -1.62684
   -2.25219
   -2.90372
   -3.21079
   0.140858
  -0.944641
   -0.33766
  -0.133141
   -5.03397
   -4.84955
   -5.32982
  -0.870762
   -5.36424
   -4.55236
  -0.744353
   -2.51986
   -1.71393
   -2.02102
   -1.01891
  -0.836029
   0.157755
   0.464593
   -2.77221
   -2.60586
   -1.80954
   -2.90908
    -2.7051
   -0.99064
   0.373826
 -0.0746102
   0.388357
   -1.75254
   -2.35002
   -4.37715
   -3.61265
   0.029677
   -0.35344
   -1.64445
   -4.81086
   -3.28437
   -2.66506
   -3.77163
   -2.93009
   -3.37513
   -4.20605
   -3.99971
   -4.76602
   -7.43328
   -5.35025
   -4.85847
   -3.36012
   -5.46832
   -2.85541
   -3.13313
  -0.692733
    -2.2209
   -3.11164
   -2.65936
   -1.77541
   -3.37604
    -3.2359
   -2.15213
   -1.36266
  -0.352038
   0.302476
   0.942648
   -1.90022
   -3.30171
   -4.48115
   -4.06547
   -5.15598
    -3.0645
   -1.20582
   -1.25035
   -1.31387
   -2.04323
   -3.69591
   -3.57381
   -5.73994
   -1.19209
   -1.16916
   -1.24147
   -1.26175
   -1.66754
   -4.05783
   -4.49737
   -5.32813
   -4.49282
   -5.89555
   -5.54351
   -4.74503
   -4.23756
   -4.98213
   -5.28787
   -7.20125
   -2.66062
   -3.03098
   -2.11378
   -2.30321
    -2.8912
   -3.43014
   -1.13046
   -1.17312
   -1.12259
   -1.00096
   -1.07734
   -1.40541
   -1.18309
   -1.97357
   -1.85302
   -3.13321
   -1.77597
   -1.29937
  -0.741771
   -1.42364
   -1.86142
   -1.09825
   -1.99309
    -4.1295
   -2.85557
    -4.6005
   -4.28088
   -3.48991
   -3.60327
   -1.79303
   -5.19402
   -3.64078
   -3.38083
  -0.976238
  -0.898438
   -1.26483
   -1.22481
   -1.39532
  -0.892106
   -1.56149
   -1.42617
   -2.12581
   -1.29702
    -1.7959
   -1.31553
  -0.877653
   -1.75122
   -2.02784
   -1.72748
   -1.21819
    -2.2149
   -2.55596
   -3.79469
   -2.52271
   -2.00616
   -2.15553
   -2.66672
   -1.58165
   -2.03051
   -2.60192
   -0.10871
  -0.854197
   -1.72036
   -3.00713
  -0.453825
    -2.5961
  -0.588526
  -0.640862
  -0.679735
   -1.02913
   -1.65945
  -0.441007
  -0.246058
  -0.794931
   -1.61604
  -0.320293
   -0.19861
  -0.728056
  0.0305025
  -0.358575
   -1.00556
   -1.44445
 -0.0546905
    -1.9066
   -2.43463
  -0.486619
   -1.00561
  -0.559724
  -0.270948
   -1.47369
   -0.76766
   -1.17003
    -1.2602
   0.956703
    2.80083
    -2.7327
   -0.71709
  -0.098557
  -0.645295
   0.704536
  0.0554752
   0.917269
   -2.42776
   -2.11297
   -1.97965
   -3.19042
   -3.03757
   -3.28929
   -2.56681
  -0.463938
 -0.0348863
    2.38312
   -2.06632
   -1.16739
   -1.36555
   -1.12133
   -1.41571
   -1.22008
   -0.85817
  -0.964313
   0.531272
   0.941883
   -3.91551
   -1.63353
   -1.73443
    1.67231
    2.13195
  0.0924399
   -3.12279
   -4.69301
    -3.2293
   -2.50705
   -4.03011
    2.57241
  -0.828383
    0.13492
 -0.0947209
    1.27456
   0.833087
    2.90369
   -5.56676
   -4.17427
    1.64537
      3.147
   0.267985
   0.385703
   -0.77337
   -4.70165
   -1.84275
   -10.4468
   -11.7943
   -12.2879
   -8.97651
   -6.53464
   -14.9643
    -12.398
   -12.0071
   -12.8802
   -9.74377
   -6.79466
   -7.64946
   -7.43286
   -12.7492
    -12.991
   -13.2935
   -13.2359
   -10.9324
    -10.304
   -11.4817
   -9.72911
   -12.4705
   -4.77189
   -6.30024
   -8.32645
    -11.513
   -2.50943
    -2.2307
   -1.74147
   -1.95704
    -2.4653
   -2.86999
   -0.50681
   -1.15984
  -0.307574
    -5.1619
   -4.61702
   -7.67625
   -7.32253
    -7.7974
   -8.01383
   -7.85157
   -8.22056
   -4.50821
   -4.45307
   -9.16247
   -9.87421
   -10.7096
    -6.9653
   -7.13582
    6.27986
    7.04794
    4.44983
    4.16424
    8.69287
   -4.44599
   -3.76561
   -2.72853
   -2.60767
   -3.12738
   -3.40266
   -3.15556
   -1.41863
   -7.60938
   -9.32459
   -7.03398
   -3.83269
    -7.6332
   -4.39503
    -6.7978
    -8.3722
   -6.19549
   -5.75242
   -5.60213
   -8.22523
   -9.40584
   -3.88196
     -3.261
   -5.73854
   -6.65321
   -6.12709
   -3.19431
   -3.21961
   -3.72156
   -7.16647
   -7.90911
   -5.33242
   -4.45592
   -5.57913
   -5.35107
   -8.27247
   -1.49233
    1.94716
   -3.35939
   -6.38913
   -2.09061
   -3.98151
   -10.4022
   -11.1315
    -9.9074
   -8.05079
   -10.0971
    -6.0624
    -4.3703
   -2.09361
   -13.0697
   -1.02392
   -7.43432
   -3.92146
   -4.12018
   -5.05825
   -1.62127
   -1.54004
   0.333829
 0.00713164
   -2.17392
  -0.584856
   -2.37746
   -2.24826
  -0.828751
  -0.888993
  0.0462537
   -1.03492
   0.116771
   -2.99301
   -4.90412
   -2.42469
   -1.35058
  -0.766474
   -3.52997
   -4.00387
   -4.66312
   -5.95269
   -5.77739
   -5.34013
   -2.82865
   -2.89094
   -1.77011
    -5.1719
   -1.28747
   -2.04566
   -4.70723
   -4.89447
   -4.54752
   -5.64105
   -5.96646
   -5.41797
   -3.98835
   -4.22638
   -4.21329
   -1.33678
  -0.769461
   -1.09824
   -12.7555
   -11.4978
   -14.3368
   -2.06115
   -3.27627
   -4.70444
   -2.01543
   -3.13238
   -6.60986
   -3.96903
   -2.90054
   -4.21167
   -1.73462
   0.565731
   -2.25557
  -0.742653
  -0.935315
  -0.373943
  -0.690188
  0.0302092
   -3.89504
   0.107458
   0.932238
    1.26298
   0.959899
   0.618391
    1.10673
  0.0439873
   -1.46493
   -2.75509
   -4.47666
   -1.97358
   -2.57503
  -0.979018
   -4.64101
    1.22802
   -1.16405
   -1.17596
   0.848684
  -0.569928
    1.24174
   -1.32951
   0.263659
  0.0127497
   -7.53943
   -1.78244
   -3.60934
   -5.47023
   -6.28054
   -7.31835
   -7.76523
   -11.0741
   -7.33755
   -9.55935
   0.361249
   -2.40899
   -4.04087
   -2.93595
   -1.92911
   -2.07446
   -1.92096
  -0.454782
   -1.58211
   -1.39906
    -2.4733
   -2.80069
   -1.63033
   -3.09361
   -1.81611
   -1.46712
   0.470426
   -1.67088
   -2.72934
   -3.06306
   -1.73645
   -2.28905
   -2.60791
   -2.61437
    -1.9288
   -3.10643
   -2.32311
   -2.97228
   -2.26185
    -1.3727
   -1.92665
    -2.2692
   -1.79007
   -2.26109
  -0.632355
   -1.11841
   -1.84021
   -1.13527
   -1.00017
  -0.463489
  -0.586204
    -1.5817
  -0.350284
   -1.19868
   0.113299
  -0.371419
  0.0450806
  -0.857883
  -0.762018
    -3.8053
   0.530951
    -1.4025
   -1.28893
   -1.70546
    -2.9598
   -1.93318
  -0.627191
   0.370361
      -1.54
   -4.12351
   -2.73609
   -4.96986
   -4.51136
   -1.31283
   -3.71494
   -2.50832
   -4.23511
   -3.88361
      -5.84
   -5.09139
    -8.1942
   -10.2954
   -8.63453
   -12.6128
   -6.44931
   -7.19667
   -4.59053
    -4.3794
   -2.16289
   -1.79779
  0.0904937
   -2.06066
  0.0346079
   -1.70733
   -2.55487
   -1.42025
   0.632788
    6.97617
    3.46003
  -0.465157
    2.08104
    6.53193
   -2.59659
   -4.59831
   -3.78408
   -4.51353
   -8.55008
   -2.03167
   -2.18098
   -6.47472
   0.754758
   -7.34034
   -5.33709
   0.626946
   -14.9342
    -11.784
   -5.08111
   -2.94469
   -10.4423
   -10.1037
   -9.48274
   -1.52981
   0.280354
    0.34817
    1.53213
    3.67388
    2.72325
    1.34167
    4.99385
    3.08645
    -16.116
   -15.4706
   -15.1884
   -14.3977
   -7.26633
   -7.32722
   -11.4074
   -15.0829
   -11.1383
   -13.4788
   -13.1651
   -12.9247
   -15.4257
     -10.85
   -10.3801
   -11.7794
   -7.00498
   -8.54328
   -7.14914
   -7.04908
    1.51205
     1.7592
   0.555532
  -0.951807
   0.603211
   -1.22341
 -0.0765718
    1.94819
   -0.70698
    3.18157
    5.44508
  0.0461634
    10.0292
    1.42512
   -14.2129
   -14.8486
   -7.94989
   -6.21064
   -6.59203
   -5.69698
    10.2517
    7.93207
    -5.9719
   -8.02329
   -6.42524
   -9.27873
   -7.94619
   -6.07968
   -7.88893
   -1.20163
   0.145457
   0.829462
   -1.09444
   -0.40152
   -4.94133
   -5.40053
   -4.55843
   -7.30019
   -2.08336
   0.477838
   -2.17754
   -1.18616
   -1.14532
  -0.935329
   -1.33233
   -1.94494
   -4.27321
   -3.18109
   -3.77473
   -5.69488
   -3.36722
     -5.386
   -6.97359
    -2.4665
   -2.92484
   -3.69294
  -0.764326
   -2.10147
   -7.29246
   -2.00504
  -0.686481
   -4.54803
   -5.61308
   -6.09794
   -4.59935
    -5.4307
   -5.18609
   -2.95614
   -3.36114
   -2.74284
   -9.48879
   -8.82254
   -6.79949
   -6.75442
    0.26023
   -5.07073
     5.9772
     9.6055
    6.62424
     2.4962
   0.756519
    4.11188
    4.87819
    5.32342
    3.21628
   0.919862
    3.26097
   0.416634
    9.20788
    6.20166
    6.69642
    6.36346
  0.0183786
    4.57248
    4.41777
    4.02066
    1.80096
    2.80429
  -0.550839
   -1.14097
   -4.35808
   -4.84654
   -4.77271
   -2.38435
   -6.44649
   -6.73173
   -3.33681
   -0.45151
    -5.7799
   -1.04382
    -1.9835
    1.98644
    2.04174
    1.19799
  0.0839632
  -0.456309
     1.5831
    3.64267
   -3.54398
   -6.48653
   -5.28176
   0.783971
   -4.39613
   -6.30541
   -6.08014
   -1.38999
  -0.556272
 -0.0868275
    -4.3909
    2.98547
    3.16259
    1.97586
   -1.77836
   -1.68424
   -5.04374
   -2.46138
   -2.50999
   -2.40116
   -2.33932
   -2.22455
    -2.0604
   -3.05674
    -2.1304
    -2.4746
   -2.04207
   -2.48019
   -1.37479
   -1.18148
    -2.6936
   -3.41627
   -2.53886
   -2.14779
   -2.36666
   -1.28179
   -0.51093
   -1.04664
  -0.365878
 -0.0574244
  0.0203126
  -0.839126
   -1.83667
  -0.133177
  0.0395755
  -0.371396
   -1.35921
   -1.43981
   -1.89491
    -1.6736
   -0.70526
   -2.64002
   0.321342
   0.378799
   -0.20795
   -1.86777